1 0.3255269320843091 0.890625 0.06088992974238876 0.0625
1 0.30210772833723654 0.8406250000000001 0.05152224824355972 0.053125000000000006
1 0.2822014051522248 0.7859375000000001 0.02576112412177986 0.043750000000000004
1 0.3126463700234192 0.78125 0.0351288056206089 0.053125000000000006
1 0.36065573770491804 0.77734375 0.03278688524590164 0.0484375
1 0.47423887587822017 0.9460937500000001 0.03981264637002342 0.051562500000000004
1 0.5936768149882904 0.9812500000000001 0.04918032786885246 0.034375
1 0.9121779859484778 0.81015625 0.03981264637002342 0.045312500000000006
1 0.9812646370023419 0.8125 0.03747072599531616 0.05625
1 0.84192037470726 0.8015625000000001 0.03981264637002342 0.043750000000000004
1 0.8524590163934426 0.7781250000000001 0.04215456674473068 0.034375
1 0.6662763466042154 0.7757812500000001 0.0351288056206089 0.0484375
1 0.5269320843091335 0.7117187500000001 0.023419203747072598 0.029687500000000002
1 0.544496487119438 0.6843750000000001 0.03044496487119438 0.028125
1 0.5749414519906323 0.68515625 0.02576112412177986 0.0328125
1 0.8032786885245902 0.6953125 0.03278688524590164 0.03125
1 0.7810304449648712 0.6921875000000001 0.02576112412177986 0.03125
1 0.03864168618266979 0.6937500000000001 0.04449648711943794 0.034375
1 0.11124121779859485 0.6468750000000001 0.0351288056206089 0.021875000000000002
