1 0.63828125 0.4947916666666667 0.1484375 0.3520833333333333
1 0.8226562500000001 0.44687499999999997 0.07968750000000001 0.16041666666666665
1 0.9625 0.3833333333333333 0.07500000000000001 0.23333333333333334
2 0.98203125 0.2625 0.026562500000000003 0.058333333333333334
2 0.66953125 0.20416666666666666 0.0203125 0.0625
2 0.36875 0.134375 0.034375 0.08958333333333333
1 0.05390625 0.5 0.1046875 0.4583333333333333
1 0.1390625 0.375 0.0625 0.1125
1 0.0765625 0.3489583333333333 0.03125 0.03958333333333333
1 0.096875 0.359375 0.028125 0.035416666666666666
1 0.1203125 0.34791666666666665 0.025 0.03333333333333333
1 0.19062500000000002 0.3385416666666667 0.025 0.04791666666666666
1 0.215625 0.3875 0.034375 0.05416666666666667
1 0.2984375 0.45208333333333334 0.065625 0.22083333333333333
1 0.3296875 0.38125 0.03125 0.075
1 0.3609375 0.3875 0.025 0.05
1 0.3953125 0.41875 0.03125 0.12083333333333333
1 0.42890625000000004 0.38645833333333335 0.026562500000000003 0.06458333333333333
2 0.28203125 0.2739583333333333 0.035937500000000004 0.06458333333333333
1 0.52890625 0.3885416666666667 0.0203125 0.035416666666666666
1 0.5554687500000001 0.3875 0.0234375 0.041666666666666664
1 0.5875 0.36875 0.015625 0.029166666666666667
