2 0.3796875 0.43333333333333335 0.1875 0.24166666666666667
2 0.81171875 0.646875 0.0890625 0.21458333333333332
0 0.8226562500000001 0.5427083333333333 0.15156250000000002 0.06875
1 0.6828125 0.5677083333333334 0.025 0.07708333333333334
1 0.6585937500000001 0.5614583333333333 0.0234375 0.07708333333333334
0 0.0578125 0.5635416666666666 0.1125 0.07708333333333334
0 0.08671875000000001 0.5270833333333333 0.045312500000000006 0.025
0 0.19921875 0.5614583333333333 0.0484375 0.04375
0 0.2671875 0.5458333333333333 0.06875 0.0625
0 0.36953125000000003 0.5447916666666667 0.045312500000000006 0.04375
0 0.41718750000000004 0.55 0.040625 0.0375
0 0.44921875 0.5447916666666667 0.0234375 0.03125
0 0.4765625 0.5447916666666667 0.025 0.027083333333333334
0 0.49765625 0.546875 0.026562500000000003 0.027083333333333334
0 0.5390625 0.5489583333333333 0.03125 0.022916666666666665
0 0.62265625 0.5479166666666666 0.0171875 0.016666666666666666
