2 0.6203125 0.11956521739130435 0.05625 0.1902173913043478
2 0.640625 0.7377717391304348 0.015625 0.04619565217391304
2 0.7093750000000001 0.7826086956521738 0.009375000000000001 0.048913043478260865
2 0.7156250000000001 0.7826086956521738 0.009375000000000001 0.02717391304347826
0 0.028125 0.8206521739130435 0.053125000000000006 0.19565217391304346
0 0.13671875 0.8478260869565217 0.1421875 0.15760869565217392
0 0.240625 0.8301630434782609 0.096875 0.17119565217391303
2 0.47187500000000004 0.7975543478260869 0.0125 0.04619565217391304
0 0.47500000000000003 0.8383152173913043 0.025 0.035326086956521736
0 0.6335937500000001 0.8260869565217391 0.0328125 0.059782608695652176
0 0.6828125 0.8355978260869565 0.028125 0.04076086956521739
0 0.73359375 0.8328804347826086 0.026562500000000003 0.051630434782608696
0 0.81015625 0.8410326086956521 0.045312500000000006 0.08423913043478261
0 0.7765625 0.8464673913043478 0.021875000000000002 0.06793478260869565
0 0.9320312500000001 0.8315217391304348 0.1296875 0.18478260869565216
0 0.8578125000000001 0.8369565217391304 0.043750000000000004 0.13043478260869565
0 0.6039062500000001 0.8355978260869565 0.0234375 0.029891304347826088
0 0.5437500000000001 0.8247282608695652 0.021875000000000002 0.035326086956521736
