2 0.909375 0.66875 0.05625 0.19166666666666665
2 0.7578125 0.4083333333333333 0.034375 0.1125
2 0.5632812500000001 0.6677083333333333 0.06406250000000001 0.18541666666666667
2 0.55625 0.403125 0.037500000000000006 0.11041666666666666
2 0.3359375 0.4125 0.037500000000000006 0.1125
2 0.10703125000000001 0.39479166666666665 0.0390625 0.11875
2 0.17890625000000002 0.640625 0.051562500000000004 0.17291666666666666
2 0.39609375 0.17708333333333334 0.0171875 0.06666666666666667
2 0.371875 0.14791666666666667 0.021875000000000002 0.07083333333333333
2 0.34921875 0.07083333333333333 0.0203125 0.041666666666666664
2 0.4265625 0.06458333333333333 0.021875000000000002 0.0375
2 0.521875 0.051041666666666666 0.015625 0.04791666666666666
2 0.65390625 0.16770833333333332 0.0203125 0.08541666666666667
2 0.6843750000000001 0.18229166666666666 0.028125 0.07291666666666667
2 0.54296875 0.17083333333333334 0.0234375 0.07083333333333333
0 0.6125 0.26875 0.059375000000000004 0.0625
0 0.73984375 0.9020833333333333 0.1546875 0.1625
0 0.5203125000000001 0.7625 0.1 0.13333333333333333
0 0.35546875 0.6760416666666667 0.1046875 0.10625
0 0.12812500000000002 0.690625 0.08125 0.10208333333333333
0 0.209375 0.5822916666666667 0.10625000000000001 0.11041666666666666
0 0.22031250000000002 0.503125 0.084375 0.09791666666666667
0 0.27421875 0.4114583333333333 0.0546875 0.10208333333333333
0 0.32734375000000004 0.32708333333333334 0.045312500000000006 0.06666666666666667
0 0.43046875 0.2833333333333333 0.0671875 0.07083333333333333
0 0.44765625000000003 0.23958333333333334 0.0484375 0.041666666666666664
0 0.38515625000000003 0.24166666666666667 0.045312500000000006 0.0625
0 0.45390625 0.20104166666666667 0.051562500000000004 0.04791666666666666
0 0.4265625 0.17708333333333334 0.028125 0.05
0 0.46640625 0.15625 0.035937500000000004 0.05
0 0.43984375000000003 0.13229166666666667 0.029687500000000002 0.035416666666666666
0 0.45625000000000004 0.08020833333333333 0.034375 0.022916666666666665
0 0.465625 0.10520833333333333 0.040625 0.027083333333333334
0 0.51015625 0.41562499999999997 0.0671875 0.08541666666666667
0 0.6804687500000001 0.5145833333333333 0.0890625 0.07916666666666666
0 0.61328125 0.6739583333333333 0.0421875 0.12708333333333333
0 0.7156250000000001 0.6791666666666667 0.15625 0.2583333333333333
0 0.35703125 0.5916666666666667 0.11093750000000001 0.0625
0 0.36640625000000004 0.49166666666666664 0.1296875 0.1875
1 0.5140625 0.3052083333333333 0.025 0.07708333333333334
