1 0.07500000000000001 0.7037470725995316 0.11875000000000001 0.5925058548009368
1 0.296875 0.8138173302107728 0.13125 0.2646370023419204
1 0.15234375 0.7845433255269321 0.0734375 0.18266978922716628
1 0.46406250000000004 0.8032786885245902 0.046875 0.2154566744730679
1 0.5953125 0.8067915690866511 0.040625 0.21311475409836064
1 0.6328125 0.8208430913348946 0.040625 0.20374707259953162
1 0.6843750000000001 0.788056206088993 0.03125 0.2224824355971897
1 0.7976562500000001 0.819672131147541 0.0484375 0.22014051522248243
1 0.8523437500000001 0.8185011709601874 0.0484375 0.23653395784543327
1 0.9187500000000001 0.8126463700234192 0.028125 0.18266978922716628
1 0.9695312500000001 0.8384074941451991 0.060937500000000006 0.20608899297423888
1 0.8992187500000001 0.8348946135831382 0.035937500000000004 0.1990632318501171
