1 0.14453125 0.5715962441314554 0.2828125 0.8568075117370892
1 0.625 0.6126760563380281 0.153125 0.6525821596244131
1 0.4703125 0.4107981220657277 0.146875 0.6901408450704225
1 0.296875 0.3568075117370892 0.12187500000000001 0.4647887323943662
1 0.2984375 0.6244131455399061 0.10312500000000001 0.4647887323943662
1 0.40234375 0.3544600938967136 0.07968750000000001 0.4413145539906103
1 0.46953125 0.38967136150234744 0.1296875 0.7136150234741784
0 0.19609375 0.3345070422535211 0.38906250000000003 0.23708920187793428
0 0.30000000000000004 0.2335680751173709 0.321875 0.24647887323943662
0 0.36562500000000003 0.17136150234741784 0.209375 0.09389671361502347
1 0.66796875 0.26291079812206575 0.0578125 0.26760563380281693
1 0.6109375 0.3039906103286385 0.05625 0.2511737089201878
