2 0.035937500000000004 0.7049180327868853 0.028125 0.023419203747072598
2 0.33671875 0.6990632318501171 0.010937500000000001 0.03044496487119438
2 0.50703125 0.6861826697892272 0.0171875 0.03747072599531616
2 0.47109375000000003 0.6885245901639344 0.0171875 0.03278688524590164
2 0.42265625 0.6920374707259953 0.0140625 0.0351288056206089
2 0.38046875 0.6978922716627635 0.0171875 0.02810304449648712
0 0.40468750000000003 0.9098360655737705 0.20625000000000002 0.14285714285714285
0 0.6921875000000001 0.7646370023419203 0.065625 0.04918032786885246
0 0.6703125000000001 0.8231850117096019 0.053125000000000006 0.04918032786885246
0 0.6273437500000001 0.7868852459016393 0.0421875 0.07494145199063232
0 0.5703125 0.8114754098360656 0.028125 0.03981264637002342
0 0.5125000000000001 0.819672131147541 0.037500000000000006 0.04215456674473068
0 0.44765625000000003 0.8173302107728337 0.051562500000000004 0.05152224824355972
0 0.3765625 0.8079625292740047 0.037500000000000006 0.046838407494145196
1 0.1234375 0.8138173302107728 0.018750000000000003 0.053864168618266976
1 0.16484375 0.8021077283372365 0.010937500000000001 0.053864168618266976
1 0.18046875 0.8021077283372365 0.0171875 0.04918032786885246
1 0.1078125 0.8044496487119438 0.015625 0.0585480093676815
1 0.0859375 0.810304449648712 0.018750000000000003 0.06088992974238876
1 0.21328125 0.7997658079625293 0.0140625 0.04449648711943794
1 0.95703125 0.8009367681498829 0.0234375 0.07494145199063232
