0 0.69921875 0.9375 0.1171875 0.11666666666666667
0 0.7265625 0.890625 0.065625 0.06041666666666667
1 0.8578125000000001 0.7583333333333333 0.053125000000000006 0.125
1 0.9070312500000001 0.7291666666666666 0.0734375 0.10416666666666667
0 0.5859375 0.9208333333333333 0.046875 0.05416666666666667
0 0.62890625 0.8833333333333333 0.045312500000000006 0.041666666666666664
0 0.671875 0.85 0.043750000000000004 0.0375
0 0.70703125 0.8197916666666667 0.035937500000000004 0.035416666666666666
0 0.54453125 0.9572916666666667 0.0484375 0.04375
0 0.5171875 0.9833333333333333 0.046875 0.03333333333333333
