0 0.5046875000000001 0.4718969555035129 0.6062500000000001 0.6627634660421545
2 0.82734375 0.45433255269320844 0.0171875 0.06557377049180328
2 0.8546875 0.45550351288056207 0.03125 0.08665105386416862
2 0.80625 0.4812646370023419 0.028125 0.08196721311475409
0 0.9148437500000001 0.5819672131147541 0.16718750000000002 0.11475409836065574
1 0.8210937500000001 0.5796252927400468 0.0234375 0.10070257611241218
1 0.80234375 0.5960187353629977 0.0140625 0.08196721311475409
1 0.1921875 0.6334894613583139 0.043750000000000004 0.15690866510538642
1 0.16953125000000002 0.6252927400468384 0.0203125 0.1451990632318501
2 0.14609375 0.5081967213114754 0.0140625 0.046838407494145196
2 0.1296875 0.5117096018735363 0.0125 0.04918032786885246
1 0.09062500000000001 0.6018735362997658 0.018750000000000003 0.06557377049180328
1 0.0671875 0.5995316159250585 0.015625 0.07962529274004684
