0 0.0890625 0.8708333333333333 0.17500000000000002 0.15
0 0.153125 0.9927083333333333 0.153125 0.014583333333333334
0 0.2984375 0.8427083333333333 0.20625000000000002 0.11875
1 0.18515625000000002 0.7197916666666666 0.0234375 0.07708333333333334
1 0.20703125 0.721875 0.026562500000000003 0.08125
1 0.0546875 0.6291666666666667 0.03125 0.0625
1 0.11796875000000001 0.5958333333333333 0.029687500000000002 0.06666666666666667
0 0.178125 0.6552083333333333 0.15625 0.06041666666666667
0 0.34140625 0.6197916666666666 0.16718750000000002 0.052083333333333336
0 0.21250000000000002 0.571875 0.13125 0.06458333333333333
0 0.371875 0.51875 0.140625 0.0875
0 0.47109375000000003 0.44479166666666664 0.1015625 0.08125
0 0.5109375 0.4666666666666667 0.12812500000000002 0.08333333333333333
0 0.51171875 0.38645833333333335 0.11093750000000001 0.04791666666666666
0 0.4109375 0.41875 0.084375 0.04583333333333333
0 0.41875 0.384375 0.078125 0.04791666666666666
0 0.47500000000000003 0.321875 0.06875 0.04791666666666666
0 0.56640625 0.2895833333333333 0.07968750000000001 0.05
0 0.6046875 0.3572916666666667 0.06875 0.08125
0 0.640625 0.4010416666666667 0.1125 0.052083333333333336
0 0.7718750000000001 0.3645833333333333 0.10625000000000001 0.06666666666666667
0 0.775 0.2916666666666667 0.05625 0.08333333333333333
0 0.8421875000000001 0.5270833333333333 0.078125 0.1125
0 0.8992187500000001 0.6260416666666666 0.1234375 0.18125
0 0.7328125000000001 0.21041666666666667 0.059375000000000004 0.07916666666666666
0 0.5242187500000001 0.20833333333333334 0.0703125 0.041666666666666664
0 0.5554687500000001 0.19791666666666666 0.0484375 0.041666666666666664
0 0.6820312500000001 0.12395833333333334 0.0328125 0.035416666666666666
0 0.9695312500000001 0.16666666666666666 0.060937500000000006 0.04583333333333333
2 0.978125 0.19270833333333334 0.043750000000000004 0.07708333333333334
0 0.7664062500000001 0.053125 0.0421875 0.03125
0 0.7273437500000001 0.07083333333333333 0.0328125 0.03333333333333333
0 0.6890625 0.06354166666666666 0.018750000000000003 0.022916666666666665
1 0.85703125 0.9604166666666667 0.045312500000000006 0.07916666666666666
1 0.8640625000000001 0.7802083333333333 0.03125 0.08958333333333333
1 0.91796875 0.7375 0.0421875 0.08333333333333333
1 0.890625 0.759375 0.040625 0.08125
1 0.7898437500000001 0.7291666666666666 0.029687500000000002 0.0875
1 0.78671875 0.6427083333333333 0.026562500000000003 0.09375
1 0.8078125 0.6375 0.028125 0.09583333333333333
1 0.65 0.5489583333333333 0.025 0.07291666666666667
1 0.6273437500000001 0.49166666666666664 0.0390625 0.07916666666666666
1 0.7835937500000001 0.55 0.0328125 0.07083333333333333
1 0.7820312500000001 0.46249999999999997 0.026562500000000003 0.07083333333333333
1 0.8773437500000001 0.4875 0.026562500000000003 0.07083333333333333
1 0.7507812500000001 0.45729166666666665 0.0234375 0.06041666666666667
1 0.73359375 0.4145833333333333 0.026562500000000003 0.058333333333333334
1 0.69296875 0.3229166666666667 0.0234375 0.041666666666666664
1 0.69140625 0.36354166666666665 0.0203125 0.03125
1 0.7109375 0.36354166666666665 0.025 0.04375
1 0.6671875 0.315625 0.028125 0.06041666666666667
1 0.7718750000000001 0.19375 0.0125 0.04583333333333333
1 0.9867187500000001 0.2895833333333333 0.0203125 0.0625
1 0.6414062500000001 0.17604166666666665 0.0140625 0.03125
