1 0.6648437500000001 0.8093750000000001 0.0484375 0.1125
1 0.7140625 0.78046875 0.025 0.0546875
0 0.84765625 0.7828125 0.1609375 0.078125
1 0.86875 0.7937500000000001 0.015625 0.0625
0 0.8625 0.74140625 0.09062500000000001 0.026562500000000003
0 0.92890625 0.74140625 0.029687500000000002 0.029687500000000002
0 0.9765625 0.7375 0.034375 0.03125
0 0.6960937500000001 0.73828125 0.045312500000000006 0.0390625
0 0.65546875 0.7429687500000001 0.0421875 0.026562500000000003
0 0.60703125 0.7453125 0.045312500000000006 0.034375
1 0.037500000000000006 0.8070312500000001 0.028125 0.0671875
0 0.02734375 0.75390625 0.0421875 0.035937500000000004
1 0.325 0.62890625 0.096875 0.0671875
