1 0.22187500000000002 0.47907949790794974 0.08125 0.25941422594142255
0 0.09531250000000001 0.35669456066945604 0.18125000000000002 0.11506276150627615
0 0.3765625 0.352510460251046 0.203125 0.11087866108786609
0 0.69296875 0.3389121338912134 0.24531250000000002 0.12970711297071127
0 0.9390625 0.34414225941422594 0.12187500000000001 0.11087866108786609
0 0.9007812500000001 0.30020920502092047 0.0484375 0.0397489539748954
0 0.79453125 0.29811715481171547 0.051562500000000004 0.048117154811715475
0 0.81171875 0.28033472803347276 0.1296875 0.0794979079497908
0 0.728125 0.2719665271966527 0.021875000000000002 0.025104602510460247
2 0.63203125 0.24686192468619245 0.0390625 0.046025104602510455
0 0.4453125 0.28765690376569036 0.125 0.03556485355648535
2 0.07734375 0.26569037656903766 0.029687500000000002 0.02928870292887029
2 0.19765625 0.07635983263598325 0.035937500000000004 0.0606694560669456
2 0.22421875000000002 0.11506276150627615 0.0390625 0.07531380753138074
