0 0.875 0.8833333333333333 0.240625 0.20833333333333334
0 0.70078125 0.85 0.17343750000000002 0.17083333333333334
0 0.5859375 0.7989583333333333 0.109375 0.11041666666666666
0 0.571875 0.71875 0.053125000000000006 0.05
0 0.7367187500000001 0.7104166666666667 0.09531250000000001 0.06666666666666667
2 0.7718750000000001 0.6114583333333333 0.028125 0.06041666666666667
2 0.6015625 0.55625 0.028125 0.05416666666666667
2 0.6648437500000001 0.6572916666666666 0.0234375 0.06041666666666667
2 0.6828125 0.6427083333333333 0.015625 0.03125
2 0.3375 0.6697916666666667 0.018750000000000003 0.04375
0 0.44375000000000003 0.73125 0.08750000000000001 0.07083333333333333
0 0.33828125000000003 0.7375 0.1171875 0.075
2 0.28125 0.6760416666666667 0.034375 0.06041666666666667
2 0.2671875 0.590625 0.021875000000000002 0.06041666666666667
2 0.040625 0.634375 0.021875000000000002 0.03125
2 0.05625 0.7 0.015625 0.04583333333333333
2 0.07578125000000001 0.70625 0.0140625 0.04583333333333333
2 0.025 0.721875 0.015625 0.03125
0 0.07734375 0.8916666666666666 0.1484375 0.19166666666666665
