2 0.9070312500000001 0.2474120082815735 0.035937500000000004 0.09730848861283645
2 0.8328125000000001 0.24430641821946172 0.028125 0.053830227743271224
2 0.7453125 0.2474120082815735 0.040625 0.09730848861283645
2 0.790625 0.23188405797101452 0.021875000000000002 0.037267080745341616
2 0.55703125 0.3643892339544514 0.026562500000000003 0.05797101449275363
2 0.5398437500000001 0.2587991718426501 0.0390625 0.07039337474120083
2 0.359375 0.55175983436853 0.03125 0.06832298136645963
2 0.9078125 0.370600414078675 0.018750000000000003 0.04554865424430642
2 0.9328125 0.375776397515528 0.021875000000000002 0.055900621118012424
0 0.115625 0.34575569358178054 0.06875 0.11594202898550726
0 0.7351562500000001 0.7008281573498966 0.1390625 0.09316770186335405
0 0.7625000000000001 0.8167701863354038 0.13125 0.13457556935817808
0 0.7734375 0.9389233954451346 0.146875 0.09316770186335405
0 0.9390625 0.8633540372670808 0.12187500000000001 0.1863354037267081
0 0.915625 0.7173913043478262 0.134375 0.11801242236024846
0 0.8234375 0.5973084886128365 0.11875000000000001 0.10973084886128365
0 0.9015625 0.5559006211180124 0.09375 0.08488612836438925
0 0.8562500000000001 0.48861283643892345 0.07500000000000001 0.04968944099378882
0 0.8328125000000001 0.437888198757764 0.0625 0.039337474120082816
0 0.8187500000000001 0.4099378881987578 0.059375000000000004 0.037267080745341616
0 0.796875 0.3871635610766046 0.046875 0.04968944099378882
0 0.7546875000000001 0.5227743271221532 0.06875 0.06832298136645963
0 0.7312500000000001 0.4710144927536232 0.053125000000000006 0.051759834368530024
0 0.7375 0.4265010351966874 0.053125000000000006 0.053830227743271224
0 0.7140625 0.38509316770186336 0.037500000000000006 0.033126293995859216
0 0.7078125000000001 0.35817805383022777 0.037500000000000006 0.033126293995859216
0 0.70703125 0.32401656314699795 0.0390625 0.02277432712215321
0 0.6578125 0.5631469979296067 0.09062500000000001 0.09109730848861285
0 0.6312500000000001 0.4958592132505176 0.065625 0.04761904761904762
0 0.62421875 0.4596273291925466 0.060937500000000006 0.04968944099378882
0 0.6421875 0.422360248447205 0.059375000000000004 0.04968944099378882
0 0.6468750000000001 0.34368530020703936 0.034375 0.028985507246376815
0 0.640625 0.3840579710144928 0.05625 0.04347826086956522
0 0.6468750000000001 0.27122153209109734 0.028125 0.033126293995859216
0 0.70078125 0.28260869565217395 0.026562500000000003 0.026915113871635612
0 0.68671875 0.2474120082815735 0.029687500000000002 0.026915113871635612
0 0.68125 0.1946169772256729 0.028125 0.020703933747412008
0 0.6875 0.2194616977225673 0.03125 0.020703933747412008
0 0.32890625 0.5196687370600415 0.060937500000000006 0.12836438923395446
0 0.27890625 0.47412008281573503 0.0484375 0.07867494824016563
0 0.38906250000000003 0.44824016563147 0.046875 0.08074534161490683
0 0.42265625 0.4078674948240166 0.051562500000000004 0.06625258799171843
0 0.47500000000000003 0.3695652173913044 0.05 0.055900621118012424
0 0.49140625000000004 0.32712215320910976 0.029687500000000002 0.037267080745341616
0 0.4578125 0.28467908902691513 0.037500000000000006 0.039337474120082816
0 0.34218750000000003 0.34265010351966874 0.03125 0.039337474120082816
