0 0.46900000000000003 0.5586666666666666 0.25 0.11466666666666667
0 0.905 0.576 0.19 0.17066666666666666
0 0.781 0.5519999999999999 0.07 0.07466666666666666
0 0.711 0.5466666666666666 0.074 0.08
0 0.641 0.5519999999999999 0.078 0.06933333333333333
0 0.298 0.5413333333333333 0.092 0.12266666666666666
2 0.722 0.38266666666666665 0.028 0.029333333333333333
2 0.8170000000000001 0.3813333333333333 0.058 0.03733333333333333
2 0.933 0.37866666666666665 0.042 0.042666666666666665
2 0.15 0.3426666666666667 0.044 0.034666666666666665
