1 0.89375 0.7010416666666667 0.21250000000000002 0.41875
1 0.6421875 0.4479166666666667 0.215625 0.5041666666666667
1 0.41171875 0.34375 0.1796875 0.425
1 0.26640625 0.33229166666666665 0.17343750000000002 0.3854166666666667
1 0.1546875 0.24791666666666667 0.07500000000000001 0.175
1 0.115625 0.18229166666666666 0.028125 0.06875
1 0.08281250000000001 0.19791666666666666 0.059375000000000004 0.2
1 0.028125 0.33229166666666665 0.053125000000000006 0.27708333333333335
1 0.021875000000000002 0.17708333333333334 0.040625 0.08333333333333333
0 0.034375 0.10833333333333334 0.05625 0.0375
0 0.10234375000000001 0.14270833333333333 0.1203125 0.03958333333333333
0 0.56796875 0.14375 0.2109375 0.125
0 0.89765625 0.36041666666666666 0.20468750000000002 0.25
