0 0.09296875 0.6522248243559718 0.18281250000000002 0.2459016393442623
0 0.3765625 0.594847775175644 0.07187500000000001 0.06557377049180328
0 0.5281250000000001 0.5761124121779859 0.03125 0.046838407494145196
0 0.5578125 0.5690866510538641 0.028125 0.03747072599531616
0 0.49843750000000003 0.5761124121779859 0.03125 0.03278688524590164
0 0.46953125 0.5784543325526932 0.0203125 0.02810304449648712
0 0.45 0.5620608899297423 0.018750000000000003 0.03747072599531616
2 0.58515625 0.4765807962529274 0.0140625 0.03044496487119438
2 0.54921875 0.48009367681498827 0.010937500000000001 0.01873536299765808
2 0.5109375 0.4812646370023419 0.015625 0.02107728337236534
2 0.47265625 0.48360655737704916 0.010937500000000001 0.01639344262295082
2 0.43281250000000004 0.48360655737704916 0.015625 0.01639344262295082
2 0.525 0.531615925058548 0.00625 0.01873536299765808
2 0.49765625 0.5292740046838408 0.004687500000000001 0.01405152224824356
