0 0.12890625 0.8145833333333333 0.2546875 0.37083333333333335
2 0.8367187500000001 0.35625 0.0234375 0.09583333333333333
2 0.47890625000000003 0.32916666666666666 0.051562500000000004 0.0875
2 0.25 0.46979166666666666 0.018750000000000003 0.052083333333333336
2 0.5625 0.49895833333333334 0.034375 0.04791666666666666
2 0.93125 0.475 0.037500000000000006 0.09166666666666666
2 0.9007812500000001 0.29270833333333335 0.0328125 0.12708333333333333
2 0.1875 0.20833333333333334 0.05 0.125
2 0.065625 0.4635416666666667 0.025 0.07708333333333334
1 0.48828125 0.6541666666666667 0.0578125 0.0875
0 0.484375 0.7291666666666666 0.07500000000000001 0.09583333333333333
1 0.8390625 0.6645833333333333 0.10625000000000001 0.11666666666666667
0 0.83359375 0.8354166666666667 0.1453125 0.16666666666666666
1 0.8054687500000001 0.625 0.0484375 0.05416666666666667
1 0.6296875000000001 0.6479166666666667 0.07187500000000001 0.075
0 0.63203125 0.765625 0.11406250000000001 0.12708333333333333
1 0.68125 0.625 0.05 0.058333333333333334
0 0.6976562500000001 0.7052083333333333 0.045312500000000006 0.12708333333333333
1 0.58359375 0.6270833333333333 0.0546875 0.06666666666666667
0 0.578125 0.6802083333333333 0.065625 0.07708333333333334
1 0.37578125 0.6302083333333334 0.0390625 0.07708333333333334
1 0.3765625 0.6979166666666666 0.0625 0.0375
1 0.42734375 0.6333333333333333 0.0390625 0.0625
0 0.43203125000000003 0.6989583333333333 0.051562500000000004 0.06458333333333333
1 0.29531250000000003 0.6125 0.040625 0.05
0 0.2984375 0.6677083333333333 0.040625 0.052083333333333336
