1 0.38515625000000003 0.797423887587822 0.1640625 0.405152224824356
0 0.13984375000000002 0.6569086651053864 0.0671875 0.08665105386416862
0 0.09453125000000001 0.6182669789227166 0.0328125 0.05620608899297424
1 0.546875 0.25995316159250587 0.018750000000000003 0.0702576112412178
1 0.56171875 0.26346604215456676 0.0203125 0.06323185011709602
1 0.609375 0.25644028103044497 0.018750000000000003 0.04449648711943794
1 0.59609375 0.2540983606557377 0.0171875 0.0351288056206089
1 0.6390625000000001 0.2505854800936768 0.021875000000000002 0.03747072599531616
1 0.65546875 0.2716627634660422 0.0140625 0.05620608899297424
1 0.6687500000000001 0.2716627634660422 0.021875000000000002 0.06557377049180328
1 0.6859375000000001 0.27049180327868855 0.009375000000000001 0.053864168618266976
1 0.7000000000000001 0.2728337236533958 0.021875000000000002 0.053864168618266976
1 0.7203125 0.2775175644028103 0.015625 0.06323185011709602
1 0.41015625 0.2388758782201405 0.0140625 0.03278688524590164
1 0.4296875 0.23302107728337237 0.0125 0.0351288056206089
1 0.446875 0.23770491803278687 0.0125 0.03044496487119438
1 0.45937500000000003 0.24121779859484777 0.0125 0.03747072599531616
1 0.46953125 0.2459016393442623 0.0140625 0.03747072599531616
1 0.49453125000000003 0.26229508196721313 0.010937500000000001 0.07494145199063232
1 0.5281250000000001 0.265807962529274 0.015625 0.06791569086651054
1 0.51015625 0.26346604215456676 0.0140625 0.0585480093676815
1 0.6664062500000001 0.20140515222482436 0.0171875 0.03278688524590164
1 0.6875 0.1920374707259953 0.018750000000000003 0.03278688524590164
1 0.70234375 0.19320843091334894 0.010937500000000001 0.0351288056206089
1 0.36640625000000004 0.24121779859484777 0.0140625 0.03278688524590164
1 0.3828125 0.2423887587822014 0.0125 0.03044496487119438
1 0.39687500000000003 0.24004683840749413 0.0125 0.04449648711943794
1 0.33984375 0.25175644028103045 0.0203125 0.03044496487119438
1 0.32343750000000004 0.25644028103044497 0.0125 0.02576112412177986
1 0.31562500000000004 0.1686182669789227 0.021875000000000002 0.03278688524590164
1 0.35390625000000003 0.15690866510538642 0.0140625 0.046838407494145196
