1 0.15625 0.6063618290258449 0.065625 0.1868787276341948
1 0.20703125 0.5974155069582504 0.0484375 0.1769383697813121
2 0.209375 0.42942345924453273 0.028125 0.06759443339960237
2 0.23203125000000002 0.4174950298210735 0.029687500000000002 0.09542743538767395
1 0.39375000000000004 0.6590457256461232 0.11875000000000001 0.2962226640159045
1 0.34296875000000004 0.6491053677932405 0.060937500000000006 0.220675944333996
1 0.47578125000000004 0.6063618290258449 0.09531250000000001 0.26242544731610334
1 0.67734375 0.6809145129224652 0.1046875 0.27236580516898606
1 0.55390625 0.5685884691848906 0.035937500000000004 0.11530815109343935
1 0.9500000000000001 0.5069582504970178 0.037500000000000006 0.147117296222664
0 0.8406250000000001 0.48707753479125243 0.125 0.1868787276341948
