2 0.47500000000000003 0.6442687747035573 0.046875 0.17391304347826086
2 0.6781250000000001 0.5958498023715415 0.025 0.09683794466403162
2 0.70234375 0.5988142292490118 0.0328125 0.09486166007905138
2 0.76875 0.6067193675889327 0.028125 0.1067193675889328
2 0.82421875 0.6057312252964426 0.029687500000000002 0.10079051383399208
1 0.60859375 0.7707509881422925 0.0921875 0.31225296442687744
0 0.6609375000000001 0.6887351778656126 0.08750000000000001 0.12055335968379446
0 0.77734375 0.6966403162055336 0.1015625 0.1126482213438735
0 0.9031250000000001 0.691699604743083 0.115625 0.14624505928853754
1 0.27265625 0.6897233201581027 0.029687500000000002 0.1067193675889328
1 0.44765625000000003 0.6768774703557312 0.0328125 0.09288537549407114
1 0.33984375 0.6660079051383399 0.0234375 0.08695652173913043
