2 0.17890625000000002 0.5938967136150235 0.0203125 0.06572769953051644
2 0.19375 0.5915492957746479 0.0125 0.03755868544600939
2 0.29609375 0.5492957746478874 0.010937500000000001 0.03755868544600939
2 0.3125 0.5187793427230047 0.03125 0.0892018779342723
2 0.4234375 0.539906103286385 0.015625 0.07042253521126761
2 0.40234375 0.5774647887323944 0.0203125 0.06103286384976526
2 0.446875 0.5821596244131455 0.015625 0.056338028169014086
2 0.790625 0.5199530516431925 0.040625 0.08685446009389672
2 0.9515625000000001 0.5903755868544601 0.043750000000000004 0.04460093896713615
0 0.8148437500000001 0.6666666666666666 0.09531250000000001 0.06103286384976526
0 0.68671875 0.6748826291079812 0.06406250000000001 0.07746478873239437
