2 0.7765625 0.23067632850241546 0.028125 0.0893719806763285
2 0.59609375 0.2330917874396135 0.026562500000000003 0.0893719806763285
2 0.6257812500000001 0.25603864734299514 0.026562500000000003 0.05797101449275362
2 0.80078125 0.26570048309178745 0.026562500000000003 0.043478260869565216
2 0.05625 0.2801932367149758 0.040625 0.07729468599033816
2 0.1546875 0.27053140096618356 0.015625 0.06763285024154589
2 0.17578125 0.2753623188405797 0.0171875 0.05797101449275362
2 0.23359375000000002 0.24516908212560384 0.026562500000000003 0.05555555555555555
0 0.50546875 0.5036231884057971 0.7828125 0.6545893719806763
0 0.9109375000000001 0.5833333333333333 0.178125 0.3115942028985507
0 0.084375 0.43478260869565216 0.12812500000000002 0.14492753623188406
0 0.08046875 0.2801932367149758 0.1546875 0.15942028985507245
1 0.7445312500000001 0.39492753623188404 0.0234375 0.1038647342995169
1 0.7703125000000001 0.393719806763285 0.021875000000000002 0.10144927536231883
1 0.821875 0.38768115942028986 0.015625 0.10869565217391304
1 0.859375 0.3913043478260869 0.015625 0.1111111111111111
1 0.9421875000000001 0.38164251207729466 0.034375 0.0966183574879227
1 0.9695312500000001 0.3743961352657005 0.0171875 0.08695652173913043
