1 0.565625 0.5011682242990654 0.1875 0.4836448598130841
1 0.27265625 0.8469626168224298 0.16718750000000002 0.26869158878504673
1 0.265625 0.5327102803738317 0.10312500000000001 0.4252336448598131
1 0.37890625 0.6109813084112149 0.1796875 0.2546728971962617
1 0.9320312500000001 0.12499999999999999 0.06406250000000001 0.2453271028037383
1 0.61640625 0.036214953271028034 0.045312500000000006 0.05841121495327102
1 0.6585937500000001 0.03037383177570093 0.0421875 0.05607476635514018
1 0.6937500000000001 0.02570093457943925 0.03125 0.04672897196261682
1 0.7625000000000001 0.01985981308411215 0.040625 0.035046728971962614
1 0.571875 0.05023364485981308 0.043750000000000004 0.05841121495327102
1 0.5328125 0.07827102803738317 0.034375 0.04439252336448598
1 0.5484375 0.026869158878504672 0.034375 0.04439252336448598
1 0.49843750000000003 0.1308411214953271 0.059375000000000004 0.14018691588785046
1 0.3953125 0.10163551401869159 0.025 0.05841121495327102
1 0.37109375 0.19042056074766353 0.035937500000000004 0.08177570093457943
1 0.05 0.17757009345794392 0.07500000000000001 0.102803738317757
1 0.08984375 0.11682242990654204 0.0703125 0.1308411214953271
1 0.04296875 0.04088785046728972 0.035937500000000004 0.07710280373831775
1 0.06953125 0.03037383177570093 0.0328125 0.05607476635514018
1 0.09921875000000001 0.03154205607476635 0.029687500000000002 0.053738317757009345
1 0.15937500000000002 0.08411214953271028 0.037500000000000006 0.037383177570093455
1 0.21406250000000002 0.07242990654205607 0.034375 0.07009345794392523
1 0.25078125 0.07359813084112149 0.035937500000000004 0.08644859813084112
