0 0.753125 0.546875 0.14375000000000002 0.09791666666666667
0 0.13125 0.5333333333333333 0.12187500000000001 0.07916666666666666
0 0.057031250000000006 0.59375 0.11093750000000001 0.125
2 0.03671875 0.34270833333333334 0.0703125 0.2520833333333333
0 0.45390625 0.5145833333333333 0.07968750000000001 0.05416666666666667
1 0.8359375 0.5447916666666667 0.043750000000000004 0.13125
1 0.22265625 0.5041666666666667 0.0234375 0.06666666666666667
1 0.30859375 0.47604166666666664 0.0171875 0.03958333333333333
1 0.56796875 0.5375 0.035937500000000004 0.1125
1 0.6046875 0.5375 0.025 0.10416666666666667
1 0.6351562500000001 0.5375 0.035937500000000004 0.125
1 0.05234375 0.521875 0.035937500000000004 0.08541666666666667
0 0.40937500000000004 0.584375 0.259375 0.13125
2 0.81796875 0.4666666666666667 0.035937500000000004 0.07916666666666666
