0 0.5890625 0.50625 0.625 0.7041666666666666
0 0.93671875 0.61875 0.0765625 0.11666666666666667
1 0.11171875 0.6114583333333333 0.0390625 0.13541666666666666
1 0.153125 0.6104166666666666 0.040625 0.13333333333333333
1 0.275 0.6479166666666667 0.037500000000000006 0.1875
1 0.23593750000000002 0.6041666666666666 0.03125 0.12083333333333333
0 0.05390625 0.5979166666666667 0.0890625 0.07083333333333333
1 0.7156250000000001 0.5666666666666667 0.034375 0.05
1 0.57578125 0.5635416666666666 0.045312500000000006 0.04791666666666666
1 0.56875 0.2604166666666667 0.040625 0.0625
