0 0.02109375 0.225 0.0390625 0.125
0 0.13828125 0.22708333333333333 0.18281250000000002 0.10416666666666667
0 0.2671875 0.20104166666666667 0.109375 0.08125
0 0.328125 0.17708333333333334 0.043750000000000004 0.05
0 0.49765625 0.17604166666666665 0.1046875 0.09791666666666667
0 0.61640625 0.196875 0.1421875 0.10208333333333333
0 0.83515625 0.2677083333333333 0.3296875 0.20208333333333334
0 0.5109375 0.4302083333333333 0.74375 0.39375
0 0.46484375 0.7020833333333333 0.5453125 0.5625
1 0.390625 0.4270833333333333 0.29375 0.6375
