1 0.5177083333333333 0.465625 0.11875 0.278125
1 0.6479166666666667 0.69296875 0.1625 0.29531250000000003
1 0.671875 0.4921875 0.14791666666666667 0.17500000000000002
1 0.659375 0.34687500000000004 0.16875 0.15937500000000002
1 0.790625 0.290625 0.08125 0.07187500000000001
1 0.8958333333333334 0.29765625 0.058333333333333334 0.0484375
1 0.7125 0.20859375000000002 0.07916666666666666 0.0546875
1 0.7229166666666667 0.25 0.058333333333333334 0.07187500000000001
1 0.88125 0.20546875 0.05416666666666667 0.060937500000000006
1 0.296875 0.18906250000000002 0.04375 0.053125000000000006
1 0.21458333333333332 0.18359375 0.0875 0.0390625
1 0.13333333333333333 0.1859375 0.058333333333333334 0.043750000000000004
1 0.08333333333333333 0.17421875 0.0625 0.0546875
1 0.48541666666666666 0.1875 0.04583333333333333 0.034375
1 0.5958333333333333 0.17343750000000002 0.058333333333333334 0.046875
