1 0.2390625 0.7035294117647058 0.15625 0.5929411764705882
1 0.4421875 0.6458823529411765 0.125 0.5105882352941176
1 0.6218750000000001 0.6176470588235293 0.11875000000000001 0.48235294117647054
1 0.7109375 0.5317647058823529 0.07500000000000001 0.38588235294117645
1 0.76953125 0.4129411764705882 0.0546875 0.12470588235294117
1 0.85078125 0.38705882352941173 0.045312500000000006 0.11529411764705881
1 0.9578125000000001 0.4141176470588235 0.053125000000000006 0.1364705882352941
1 0.8828125 0.30588235294117644 0.021875000000000002 0.047058823529411764
1 0.91953125 0.2952941176470588 0.0203125 0.039999999999999994
1 0.9281250000000001 0.3211764705882353 0.025 0.04941176470588235
1 0.96015625 0.31999999999999995 0.029687500000000002 0.05647058823529411
1 0.9867187500000001 0.32235294117647056 0.026562500000000003 0.042352941176470586
1 0.9828125000000001 0.28352941176470586 0.018750000000000003 0.03529411764705882
1 0.9906250000000001 0.23882352941176468 0.018750000000000003 0.04470588235294117
1 0.8296875 0.2717647058823529 0.018750000000000003 0.025882352941176467
