1 0.152 0.5385674931129477 0.12 0.487603305785124
1 0.399 0.4834710743801653 0.13 0.3112947658402204
1 0.484 0.5550964187327824 0.16 0.1790633608815427
1 0.678 0.4807162534435262 0.196 0.3168044077134986
1 0.903 0.5523415977961432 0.054 0.11294765840220386
1 0.8150000000000001 0.5702479338842975 0.074 0.07162534435261708
1 0.726 0.17768595041322316 0.052000000000000005 0.08539944903581267
1 0.528 0.1859504132231405 0.048 0.07988980716253444
1 0.486 0.19008264462809918 0.044 0.06611570247933884
1 0.41200000000000003 0.162534435261708 0.056 0.0881542699724518
1 0.28800000000000003 0.19008264462809918 0.048 0.06060606060606061
1 0.234 0.18457300275482094 0.064 0.07713498622589532
1 0.164 0.162534435261708 0.052000000000000005 0.09917355371900827
1 0.089 0.07988980716253444 0.07 0.07162534435261708
1 0.106 0.1584022038567493 0.064 0.09641873278236915
1 0.221 0.049586776859504134 0.05 0.09366391184573003
1 0.275 0.06336088154269973 0.042 0.07713498622589532
1 0.312 0.10330578512396695 0.056 0.06887052341597796
1 0.36 0.12534435261707988 0.036000000000000004 0.09090909090909091
1 0.463 0.1115702479338843 0.038 0.0743801652892562
1 0.5760000000000001 0.05371900826446281 0.036000000000000004 0.08539944903581267
1 0.678 0.08539944903581267 0.04 0.07162534435261708
1 0.657 0.1487603305785124 0.042 0.05509641873278237
1 0.853 0.10606060606060606 0.066 0.05785123966942149
1 0.86 0.18457300275482094 0.07200000000000001 0.0881542699724518
1 0.9380000000000001 0.19421487603305787 0.044 0.07988980716253444
1 0.982 0.19008264462809918 0.032 0.0881542699724518
1 0.961 0.05647382920110193 0.042 0.06336088154269973
1 0.879 0.05096418732782369 0.05 0.05785123966942149
