2 0.193 0.11976047904191617 0.098 0.22754491017964074
0 0.092 0.4970059880239521 0.18 0.3293413173652695
1 0.6910000000000001 0.5389221556886228 0.138 0.4311377245508982
1 0.811 0.5254491017964072 0.07 0.2784431137724551
2 0.9450000000000001 0.3862275449101797 0.014 0.04191616766467066
2 0.843 0.375748502994012 0.01 0.038922155688622756
2 0.888 0.3817365269461078 0.012 0.03293413173652695
2 0.5670000000000001 0.3727544910179641 0.014 0.03293413173652695
2 0.592 0.3547904191616767 0.016 0.038922155688622756
2 0.45 0.36526946107784436 0.02 0.04790419161676647
2 0.219 0.3907185628742515 0.034 0.10479041916167665
0 0.879 0.407185628742515 0.05 0.07185628742514971
0 0.502 0.405688622754491 0.024 0.038922155688622756
0 0.47200000000000003 0.40868263473053895 0.032 0.02694610778443114
0 0.559 0.4116766467065868 0.054 0.03293413173652695
