0 0.16875 0.860655737704918 0.14375000000000002 0.14754098360655737
0 0.043750000000000004 0.7599531615925058 0.08125 0.11943793911007025
0 0.02734375 0.6381733021077284 0.051562500000000004 0.14754098360655737
1 0.09843750000000001 0.18618266978922718 0.018750000000000003 0.0351288056206089
1 0.11484375000000001 0.18384074941451992 0.010937500000000001 0.03981264637002342
0 0.013281250000000001 0.2903981264637002 0.0234375 0.06088992974238876
0 0.26328125 0.2775175644028103 0.1390625 0.07259953161592506
0 0.41171875 0.25878220140515223 0.1265625 0.08196721311475409
0 0.50703125 0.21428571428571427 0.11406250000000001 0.06791569086651054
0 0.625 0.25995316159250587 0.1375 0.06088992974238876
0 0.6421875 0.19437939110070257 0.109375 0.07962529274004684
0 0.7765625 0.24941451990632318 0.14375000000000002 0.08665105386416862
0 0.7914062500000001 0.17798594847775176 0.1078125 0.04215456674473068
0 0.86328125 0.19437939110070257 0.1015625 0.05620608899297424
0 0.92578125 0.2224824355971897 0.1265625 0.06088992974238876
0 0.9625 0.17681498829039813 0.07500000000000001 0.07259953161592506
