2 0.7015625000000001 0.18779342723004694 0.1 0.23943661971830987
2 0.6156250000000001 0.2359154929577465 0.08125 0.2511737089201878
2 0.7781250000000001 0.5070422535211268 0.05625 0.14553990610328638
2 0.8515625 0.6126760563380281 0.03125 0.09389671361502347
2 0.9703125 0.6795774647887324 0.025 0.0539906103286385
0 0.09453125000000001 0.8204225352112676 0.1703125 0.12910798122065728
0 0.18984375 0.8122065727699531 0.0890625 0.09389671361502347
0 0.6062500000000001 0.7934272300469484 0.034375 0.03755868544600939
0 0.6414062500000001 0.8075117370892019 0.045312500000000006 0.04225352112676056
0 0.7859375000000001 0.8016431924882629 0.08125 0.04929577464788733
0 0.7429687500000001 0.7946009389671361 0.0140625 0.0539906103286385
0 0.96015625 0.7969483568075117 0.07968750000000001 0.04929577464788733
