1 0.15083333333333335 0.6636363636363637 0.2016666666666667 0.52
0 0.4733333333333334 0.5054545454545455 0.48333333333333334 0.3090909090909091
1 0.8566666666666667 0.649090909090909 0.18000000000000002 0.6436363636363637
2 0.8041666666666667 0.2736363636363636 0.03833333333333334 0.07090909090909091
2 0.25916666666666666 0.13818181818181818 0.045000000000000005 0.08
2 0.022500000000000003 0.035454545454545454 0.04166666666666667 0.06727272727272728
2 0.07 0.03909090909090909 0.04666666666666667 0.07090909090909091
2 0.3441666666666667 0.32727272727272727 0.028333333333333335 0.02909090909090909
1 0.645 0.4409090909090909 0.05666666666666667 0.11818181818181818
1 0.5825 0.4290909090909091 0.055 0.09090909090909091
0 0.7533333333333334 0.4536363636363636 0.12666666666666668 0.10363636363636364
