0 0.86640625 0.4390495867768595 0.2671875 0.21694214876033058
0 0.6531250000000001 0.7365702479338844 0.028125 0.05578512396694215
0 0.85703125 0.6859504132231405 0.21406250000000002 0.25206611570247933
0 0.52734375 0.43491735537190085 0.06406250000000001 0.05578512396694215
2 0.66796875 0.32334710743801653 0.045312500000000006 0.08057851239669422
2 0.5203125000000001 0.34090909090909094 0.015625 0.049586776859504134
2 0.8 0.3347107438016529 0.03125 0.0743801652892562
0 0.28515625 0.42768595041322316 0.029687500000000002 0.024793388429752067
0 0.16484375 0.4235537190082645 0.0171875 0.01652892561983471
0 0.25390625 0.4235537190082645 0.0234375 0.02066115702479339
0 0.1375 0.4287190082644628 0.021875000000000002 0.022727272727272728
