0 0.5484375 0.528125 0.47187500000000004 0.61875
1 0.80078125 0.4875 0.0140625 0.11666666666666667
1 0.9515625000000001 0.440625 0.028125 0.05625
1 0.971875 0.44895833333333335 0.021875000000000002 0.035416666666666666
1 0.22578125000000002 0.4552083333333333 0.026562500000000003 0.06875
1 0.06953125 0.4375 0.0140625 0.025
1 0.040625 0.44479166666666664 0.015625 0.022916666666666665
1 0.1765625 0.434375 0.018750000000000003 0.03125
1 0.2015625 0.434375 0.018750000000000003 0.027083333333333334
1 0.41718750000000004 0.35625 0.053125000000000006 0.075
1 0.671875 0.35833333333333334 0.043750000000000004 0.05
