2 0.7367187500000001 0.10747663551401869 0.051562500000000004 0.0794392523364486
2 0.89375 0.09813084112149532 0.05625 0.0794392523364486
2 0.5765625 0.09462616822429906 0.05 0.07242990654205607
2 0.37421875000000004 0.04205607476635514 0.0390625 0.05607476635514018
2 0.13203125000000002 0.24766355140186913 0.0578125 0.05607476635514018
0 0.18203125 0.3796728971962616 0.1921875 0.18457943925233644
0 0.52265625 0.4182242990654205 0.051562500000000004 0.08878504672897196
0 0.58125 0.4205607476635514 0.040625 0.07009345794392523
0 0.765625 0.411214953271028 0.05625 0.07009345794392523
0 0.83515625 0.39602803738317754 0.0671875 0.06775700934579439
