1 0.41796875 0.5757575757575758 0.1640625 0.38694638694638694
1 0.5109375 0.6037296037296037 0.06875 0.22843822843822845
1 0.025 0.5198135198135199 0.046875 0.16317016317016317
1 0.059375000000000004 0.5303030303030303 0.046875 0.11421911421911422
1 0.08750000000000001 0.4988344988344988 0.040625 0.10722610722610723
1 0.1171875 0.5104895104895105 0.025 0.07925407925407925
1 0.140625 0.5163170163170163 0.040625 0.08158508158508158
1 0.18515625000000002 0.5046620046620046 0.045312500000000006 0.09090909090909091
1 0.21328125 0.4965034965034965 0.0234375 0.07459207459207459
1 0.253125 0.6118881118881119 0.06875 0.15151515151515152
1 0.27187500000000003 0.49184149184149184 0.028125 0.08391608391608392
1 0.30859375 0.5641025641025641 0.0390625 0.21445221445221446
1 0.35468750000000004 0.5233100233100233 0.025 0.14219114219114218
1 0.56875 0.493006993006993 0.040625 0.14219114219114218
1 0.5484375 0.5384615384615384 0.034375 0.07925407925407925
1 0.5203125000000001 0.47785547785547783 0.037500000000000006 0.08391608391608392
1 0.6125 0.5757575757575758 0.043750000000000004 0.2517482517482518
1 0.6625000000000001 0.5862470862470862 0.037500000000000006 0.2400932400932401
1 0.7109375 0.5116550116550117 0.037500000000000006 0.11888111888111888
1 0.65234375 0.4522144522144522 0.0171875 0.06060606060606061
1 0.6640625 0.5792540792540792 0.043750000000000004 0.2400932400932401
1 0.9328125 0.5617715617715617 0.134375 0.358974358974359
1 0.86875 0.44638694638694637 0.05 0.1048951048951049
1 0.8226562500000001 0.5606060606060606 0.0859375 0.18414918414918416
1 0.7796875000000001 0.4393939393939394 0.05 0.08158508158508158
1 0.77265625 0.5244755244755245 0.0578125 0.1958041958041958
1 0.7140625 0.5058275058275058 0.046875 0.1258741258741259
1 0.85859375 0.04195804195804196 0.0484375 0.07459207459207459
1 0.8093750000000001 0.045454545454545456 0.043750000000000004 0.08624708624708624
1 0.7671875 0.045454545454545456 0.040625 0.07692307692307693
1 0.7289062500000001 0.05244755244755245 0.035937500000000004 0.0675990675990676
1 0.6828125 0.06060606060606061 0.025 0.03263403263403263
1 0.61484375 0.06293706293706294 0.029687500000000002 0.037296037296037296
1 0.5484375 0.045454545454545456 0.043750000000000004 0.07226107226107226
1 0.5859375 0.06993006993006994 0.025 0.018648018648018648
1 0.50625 0.047785547785547784 0.034375 0.08158508158508158
1 0.44921875 0.04428904428904429 0.045312500000000006 0.08391608391608392
1 0.35078125000000004 0.05128205128205128 0.0421875 0.07459207459207459
1 0.40390625 0.04312354312354312 0.051562500000000004 0.08158508158508158
1 0.28359375000000003 0.05244755244755245 0.0578125 0.07692307692307693
1 0.23593750000000002 0.045454545454545456 0.046875 0.08158508158508158
1 0.18359375 0.053613053613053616 0.051562500000000004 0.07459207459207459
1 0.14375000000000002 0.05827505827505827 0.034375 0.08391608391608392
1 0.10703125000000001 0.054778554778554776 0.051562500000000004 0.09557109557109557
1 0.05625 0.05011655011655012 0.053125000000000006 0.08624708624708624
