0 0.279 0.259946949602122 0.062 0.07427055702917772
0 0.426 0.2453580901856764 0.056 0.055702917771883284
0 0.41600000000000004 0.1962864721485411 0.064 0.05305039787798408
0 0.276 0.20557029177718833 0.06 0.034482758620689655
0 0.28800000000000003 0.16445623342175064 0.048 0.04774535809018567
0 0.269 0.1339522546419098 0.042 0.023872679045092837
0 0.313 0.14058355437665782 0.03 0.03713527851458886
0 0.401 0.16312997347480104 0.042 0.03978779840848806
0 0.421 0.143236074270557 0.094 0.042440318302387266
0 0.367 0.1419098143236074 0.03 0.05039787798408488
0 0.35100000000000003 0.1286472148541114 0.01 0.04509283819628647
0 0.742 0.76657824933687 0.176 0.07957559681697612
