1 0.1546875 0.37604166666666666 0.12812500000000002 0.7479166666666667
1 0.3171875 0.42604166666666665 0.037500000000000006 0.14791666666666667
1 0.48515625 0.421875 0.0203125 0.06041666666666667
1 0.46875 0.4302083333333333 0.015625 0.06875
0 0.446875 0.428125 0.021875000000000002 0.03125
0 0.25234375000000003 0.4635416666666667 0.0765625 0.16458333333333333
0 0.29140625000000003 0.44687499999999997 0.0328125 0.10625
0 0.33984375 0.4322916666666667 0.0171875 0.04375
0 0.3609375 0.4302083333333333 0.009375000000000001 0.027083333333333334
0 0.37890625 0.4302083333333333 0.0203125 0.022916666666666665
