0 0.0734375 0.44885177453027136 0.12812500000000002 0.10020876826722337
0 0.14296875 0.42693110647181626 0.0734375 0.06889352818371607
0 0.23750000000000002 0.41022964509394566 0.05625 0.06889352818371607
0 0.5375 0.5083507306889352 0.8250000000000001 0.883089770354906
0 0.95234375 0.32672233820459284 0.09531250000000001 0.16910229645093944
0 0.88671875 0.33507306889352817 0.0671875 0.11899791231732776
0 0.234375 0.3183716075156576 0.037500000000000006 0.027139874739039664
0 0.06015625 0.3903966597077244 0.0546875 0.033402922755741124
0 0.18984375 0.3329853862212943 0.0390625 0.027139874739039664
1 0.7640625000000001 0.3329853862212943 0.015625 0.022964509394572022
