0 0.49531250000000004 0.565625 0.984375 0.8645833333333334
0 0.7953125000000001 0.4 0.134375 0.09583333333333333
1 0.9234375 0.3927083333333333 0.025 0.12291666666666666
1 0.9500000000000001 0.390625 0.028125 0.11875
1 0.98828125 0.396875 0.0234375 0.12291666666666666
0 0.275 0.41041666666666665 0.07500000000000001 0.07916666666666666
1 0.35468750000000004 0.39479166666666665 0.034375 0.08958333333333333
0 0.1390625 0.40729166666666666 0.08125 0.07291666666666667
0 0.49921875000000004 0.39375 0.0890625 0.08333333333333333
0 0.58203125 0.403125 0.0734375 0.06875
1 0.6507812500000001 0.3927083333333333 0.0234375 0.09375
0 0.6875 0.384375 0.05 0.08541666666666667
