1 0.8671875 0.3125 0.115625 0.22877358490566038
1 0.7585937500000001 0.36910377358490565 0.11093750000000001 0.285377358490566
1 0.59140625 0.41981132075471694 0.1078125 0.410377358490566
1 0.49375 0.3620283018867924 0.0625 0.20047169811320753
1 0.41484375 0.3466981132075472 0.0484375 0.0990566037735849
1 0.33671875 0.49764150943396224 0.2578125 0.6462264150943396
1 0.18906250000000002 0.37028301886792453 0.109375 0.14150943396226415
2 0.25234375000000003 0.13443396226415094 0.035937500000000004 0.09433962264150943
2 0.25 0.2122641509433962 0.040625 0.04716981132075471
2 0.36562500000000003 0.15566037735849056 0.03125 0.07547169811320754
0 0.05078125 0.5070754716981132 0.09843750000000001 0.25471698113207547
0 0.19375 0.5341981132075472 0.17500000000000002 0.19575471698113206
0 0.66171875 0.4587264150943396 0.0765625 0.18632075471698112
0 0.49453125000000003 0.30424528301886794 0.08281250000000001 0.06132075471698113
0 0.41640625000000003 0.29481132075471694 0.06406250000000001 0.07075471698113207
0 0.36562500000000003 0.2783018867924528 0.05 0.051886792452830184
0 0.18828125 0.267688679245283 0.0390625 0.04481132075471698
0 0.039843750000000004 0.2830188679245283 0.045312500000000006 0.03773584905660377
1 0.9109375000000001 0.27476415094339623 0.015625 0.09198113207547169
1 0.9304687500000001 0.2818396226415094 0.0203125 0.08254716981132075
1 0.7507812500000001 0.27476415094339623 0.029687500000000002 0.0589622641509434
