1 0.0390625 0.7002341920374707 0.07500000000000001 0.36533957845433257
1 0.16718750000000002 0.6206088992974239 0.21250000000000002 0.45433255269320844
1 0.3828125 0.7318501170960188 0.125 0.2786885245901639
1 0.49296875 0.7306791569086651 0.1078125 0.2154566744730679
1 0.5875 0.7540983606557377 0.07500000000000001 0.09367681498829039
1 0.67109375 0.6627634660421545 0.0703125 0.1451990632318501
1 0.29375 0.724824355971897 0.05625 0.11007025761124122
1 0.58125 0.6557377049180327 0.05625 0.07494145199063232
1 0.7429687500000001 0.6252927400468384 0.0484375 0.08430913348946135
1 0.7523437500000001 0.7131147540983607 0.0734375 0.10070257611241218
1 0.8203125 0.6639344262295082 0.05 0.11475409836065574
1 0.96796875 0.7681498829039812 0.06406250000000001 0.20608899297423888
1 0.8757812500000001 0.6908665105386417 0.0234375 0.046838407494145196
