0 0.10104166666666667 0.37109375 0.19375 0.0671875
0 0.3875 0.32656250000000003 0.10416666666666667 0.05625
1 0.5333333333333333 0.3296875 0.0375 0.05625
1 0.4666666666666667 0.34296875000000004 0.0375 0.0390625
0 0.5489583333333333 0.33359375 0.08541666666666667 0.0328125
0 0.7458333333333333 0.28515625 0.041666666666666664 0.0328125
0 0.7875 0.28828125 0.041666666666666664 0.026562500000000003
0 0.8520833333333333 0.2828125 0.041666666666666664 0.025
0 0.9677083333333333 0.27265625 0.03125 0.0328125
0 0.13020833333333334 0.32109375 0.03958333333333333 0.026562500000000003
0 0.18125 0.31875000000000003 0.05416666666666667 0.034375
0 0.284375 0.30859375 0.04791666666666666 0.0203125
