1 0.045 0.7493333333333333 0.054 0.15466666666666667
1 0.098 0.7226666666666667 0.044 0.176
1 0.253 0.716 0.046 0.17866666666666667
1 0.481 0.7026666666666667 0.062 0.23199999999999998
1 0.549 0.7186666666666667 0.078 0.21066666666666667
1 0.765 0.6906666666666667 0.07 0.27199999999999996
1 0.868 0.7186666666666667 0.064 0.23199999999999998
1 0.8290000000000001 0.7026666666666667 0.054 0.21066666666666667
1 0.741 0.6973333333333334 0.062 0.22133333333333333
0 0.517 0.7013333333333334 0.382 0.21866666666666665
