0 0.2450980392156863 0.5359477124183006 0.28431372549019607 0.19607843137254902
2 0.22058823529411764 0.7794117647058824 0.07189542483660132 0.2058823529411765
2 0.3553921568627451 0.6503267973856209 0.05065359477124183 0.13398692810457516
2 0.3496732026143791 0.8202614379084967 0.049019607843137254 0.19607843137254902
2 0.5277777777777778 0.6805555555555556 0.06535947712418301 0.20098039215686275
0 0.15359477124183007 0.4084967320261438 0.07189542483660132 0.06209150326797386
0 0.17565359477124184 0.3496732026143791 0.04411764705882353 0.022875816993464054
0 0.8104575163398693 0.4076797385620915 0.19607843137254902 0.10294117647058824
0 0.6740196078431373 0.6217320261437909 0.17483660130718956 0.08333333333333334
2 0.09722222222222222 0.3937908496732026 0.01797385620915033 0.09477124183006536
2 0.07516339869281045 0.3464052287581699 0.022875816993464054 0.05228758169934641
1 0.3602941176470588 0.852124183006536 0.03758169934640523 0.11274509803921569
1 0.4428104575163399 0.8398692810457516 0.029411764705882353 0.11437908496732027
1 0.4795751633986928 0.8178104575163399 0.03758169934640523 0.09967320261437909
1 0.47875816993464054 0.7271241830065359 0.0392156862745098 0.08169934640522876
1 0.4387254901960784 0.7124183006535948 0.024509803921568627 0.08823529411764706
1 0.4616013071895425 0.7279411764705882 0.021241830065359478 0.08660130718954248
1 0.6535947712418301 0.6895424836601307 0.04575163398692811 0.08823529411764706
1 0.4959150326797386 0.5727124183006536 0.021241830065359478 0.05392156862745098
1 0.559640522875817 0.5261437908496732 0.024509803921568627 0.042483660130718956
1 0.6021241830065359 0.5669934640522876 0.03758169934640523 0.06535947712418301
1 0.6944444444444444 0.548202614379085 0.0392156862745098 0.04411764705882353
1 0.5784313725490197 0.45588235294117646 0.0196078431372549 0.0392156862745098
1 0.607843137254902 0.4485294117647059 0.029411764705882353 0.04084967320261438
1 0.6070261437908497 0.48366013071895425 0.01797385620915033 0.05228758169934641
1 0.6274509803921569 0.4746732026143791 0.022875816993464054 0.057189542483660136
0 0.45098039215686275 0.3929738562091503 0.06535947712418301 0.04084967320261438
0 0.6397058823529412 0.42728758169934644 0.09967320261437909 0.02777777777777778
0 0.4485294117647059 0.35294117647058826 0.06045751633986928 0.026143790849673203
0 0.29411764705882354 0.37336601307189543 0.058823529411764705 0.03104575163398693
0 0.3758169934640523 0.3823529411764706 0.05555555555555556 0.029411764705882353
1 0.7965686274509804 0.3431372549019608 0.02777777777777778 0.03594771241830066
1 0.8602941176470589 0.9395424836601307 0.03431372549019608 0.0392156862745098
1 0.9305555555555556 0.9158496732026145 0.02777777777777778 0.08660130718954248
1 0.9035947712418301 0.9387254901960784 0.026143790849673203 0.04738562091503268
1 0.369281045751634 0.3880718954248366 0.016339869281045753 0.04738562091503268
1 0.579248366013072 0.3602941176470588 0.011437908496732027 0.03431372549019608
1 0.2450980392156863 0.3872549019607843 0.0196078431372549 0.05228758169934641
1 0.5049019607843137 0.3709150326797386 0.0196078431372549 0.0392156862745098
1 0.9297385620915033 0.3104575163398693 0.022875816993464054 0.029411764705882353
