1 0.3085339168490153 0.753125 0.20568927789934355 0.359375
0 0.7975929978118161 0.49296875 0.4048140043763676 0.5421875
0 0.5306345733041575 0.50703125 0.17286652078774617 0.1640625
0 0.2188183807439825 0.40468750000000003 0.1400437636761488 0.09062500000000001
1 0.05798687089715536 0.5015625 0.045951859956236324 0.1125
1 0.12800875273522974 0.46718750000000003 0.03282275711159737 0.065625
1 0.19256017505470457 0.50625 0.06564551422319474 0.09375
1 0.25711159737417943 0.4765625 0.05470459518599562 0.0625
1 0.3227571115973742 0.4890625 0.045951859956236324 0.078125
2 0.016411378555798686 0.28046875 0.024070021881838072 0.0390625
0 0.38949671772428884 0.47890625000000003 0.0787746170678337 0.0578125
0 0.5185995623632385 0.509375 0.1487964989059081 0.15625
