1 0.628125 0.7125 0.07187500000000001 0.2326923076923077
1 0.5828125000000001 0.6605769230769231 0.028125 0.10576923076923078
1 0.5359375000000001 0.6557692307692308 0.037500000000000006 0.09615384615384616
1 0.5625 0.6230769230769231 0.021875000000000002 0.06153846153846154
1 0.67578125 0.6528846153846154 0.0203125 0.06730769230769232
1 0.7601562500000001 0.6576923076923077 0.0234375 0.07692307692307693
0 0.94921875 0.7538461538461538 0.1015625 0.18461538461538463
0 0.8765625 0.7163461538461539 0.0625 0.13653846153846155
0 0.82578125 0.6884615384615385 0.051562500000000004 0.08461538461538462
0 0.909375 0.6067307692307693 0.084375 0.07500000000000001
