1 0.5478971962616822 0.49375 0.455607476635514 0.42812500000000003
1 0.8901869158878504 0.40156250000000004 0.13551401869158877 0.134375
1 0.9415887850467289 0.31093750000000003 0.07476635514018691 0.12187500000000001
1 0.9591121495327102 0.2109375 0.0630841121495327 0.096875
1 0.7616822429906541 0.32421875 0.09813084112149532 0.2078125
1 0.8434579439252335 0.3328125 0.07476635514018691 0.25
1 0.7009345794392523 0.16953125000000002 0.08878504672897196 0.09843750000000001
1 0.6518691588785046 0.2703125 0.08878504672897196 0.134375
1 0.5969626168224299 0.2328125 0.06775700934579439 0.065625
1 0.5642523364485981 0.290625 0.0630841121495327 0.09062500000000001
1 0.5128504672897196 0.28359375000000003 0.04439252336448598 0.1203125
1 0.08878504672897196 0.30390625000000004 0.06074766355140186 0.1015625
1 0.16705607476635512 0.309375 0.09579439252336448 0.13125
1 0.2546728971962617 0.29921875000000003 0.08878504672897196 0.1171875
1 0.36098130841121495 0.3203125 0.10046728971962617 0.06875
1 0.46728971962616817 0.27109375 0.06542056074766354 0.1265625
1 0.38084112149532706 0.23203125000000002 0.08411214953271028 0.1171875
1 0.3259345794392523 0.13828125 0.05841121495327102 0.0734375
1 0.4100467289719626 0.1484375 0.06775700934579439 0.07500000000000001
1 0.5233644859813084 0.15703125 0.06074766355140186 0.1015625
1 0.6039719626168224 0.16328125000000002 0.07242990654205607 0.0765625
1 0.24182242990654204 0.13593750000000002 0.07710280373831775 0.096875
1 0.16705607476635512 0.21171875 0.04439252336448598 0.1015625
1 0.22429906542056072 0.21015625000000002 0.06074766355140186 0.060937500000000006
1 0.07009345794392523 0.19921875 0.05607476635514018 0.1078125
1 0.11915887850467288 0.21015625000000002 0.06074766355140186 0.0703125
1 0.03387850467289719 0.11640625 0.04906542056074766 0.15781250000000002
