2 0.18671875000000002 0.18618266978922718 0.029687500000000002 0.0585480093676815
2 0.30546875 0.18969555035128804 0.0234375 0.07494145199063232
2 0.33671875 0.1885245901639344 0.029687500000000002 0.07259953161592506
2 0.7367187500000001 0.20491803278688525 0.0234375 0.1053864168618267
2 0.7546875000000001 0.18501170960187355 0.021875000000000002 0.09836065573770492
2 0.78125 0.18969555035128804 0.021875000000000002 0.12646370023419204
2 0.9007812500000001 0.2107728337236534 0.029687500000000002 0.10772833723653395
2 0.8757812500000001 0.19086651053864168 0.026562500000000003 0.1053864168618267
0 0.9265625000000001 0.4964871194379391 0.146875 0.48243559718969553
1 0.44765625000000003 0.8009367681498829 0.045312500000000006 0.2107728337236534
1 0.19843750000000002 0.9297423887587822 0.043750000000000004 0.1405152224824356
1 0.1421875 0.9543325526932084 0.053125000000000006 0.09133489461358314
1 0.115625 0.870023419203747 0.09062500000000001 0.09601873536299765
1 0.1953125 0.7939110070257611 0.046875 0.09367681498829039
1 0.29375 0.8524590163934426 0.08750000000000001 0.12177985948477751
1 0.35703125 0.8079625292740047 0.035937500000000004 0.14988290398126464
1 0.10546875 0.7330210772833724 0.0328125 0.22014051522248243
1 0.19609375 0.6768149882903981 0.045312500000000006 0.10304449648711944
1 0.14921875 0.7259953161592506 0.035937500000000004 0.18266978922716628
1 0.48515625 0.689695550351288 0.06406250000000001 0.11943793911007025
1 0.35078125000000004 0.5058548009367682 0.0390625 0.09367681498829039
1 0.4 0.5679156908665105 0.040625 0.12412177985948478
1 0.14609375 0.5140515222482436 0.026562500000000003 0.13348946135831383
1 0.1765625 0.5117096018735363 0.03125 0.15690866510538642
1 0.21171875 0.5058548009367682 0.035937500000000004 0.1358313817330211
1 0.24921875000000002 0.5 0.0328125 0.11007025761124122
1 0.25390625 0.5456674473067916 0.0390625 0.09367681498829039
1 0.6843750000000001 0.22365339578454332 0.018750000000000003 0.053864168618266976
1 0.7093750000000001 0.22482435597189696 0.0125 0.046838407494145196
