0 0.928125 0.8703125 0.03125 0.018750000000000003
0 0.8822916666666667 0.85078125 0.03958333333333333 0.0234375
0 0.9 0.8773437500000001 0.0375 0.0203125
1 0.8760416666666666 0.9812500000000001 0.035416666666666666 0.034375
1 0.9249999999999999 0.978125 0.029166666666666667 0.03125
1 0.9604166666666667 0.98203125 0.0375 0.0328125
1 0.96875 0.92109375 0.016666666666666666 0.0421875
1 0.9229166666666666 0.9203125000000001 0.03333333333333333 0.043750000000000004
1 0.8624999999999999 0.92578125 0.020833333333333332 0.0421875
0 0.984375 0.87421875 0.03125 0.0203125
