0 0.15000000000000002 0.39695550351288056 0.296875 0.5784543325526932
1 0.38359375 0.23185011709601874 0.0765625 0.15456674473067916
1 0.49765625 0.2681498829039813 0.07968750000000001 0.10070257611241218
1 0.6703125000000001 0.2259953161592506 0.078125 0.1990632318501171
1 0.7351562500000001 0.2857142857142857 0.051562500000000004 0.1451990632318501
2 0.28046875 0.1358313817330211 0.045312500000000006 0.09836065573770492
2 0.34218750000000003 0.18149882903981265 0.040625 0.1053864168618267
2 0.5421875 0.16510538641686182 0.037500000000000006 0.14754098360655737
2 0.521875 0.19086651053864168 0.025 0.08665105386416862
0 0.8304687500000001 0.5128805620608899 0.1296875 0.32786885245901637
1 0.9710937500000001 0.35714285714285715 0.0390625 0.0585480093676815
0 0.95234375 0.522248243559719 0.0671875 0.26229508196721313
0 0.8367187500000001 0.29508196721311475 0.1046875 0.06088992974238876
1 0.96875 0.6217798594847775 0.0625 0.4707259953161593
0 0.9609375 0.3372365339578454 0.078125 0.07962529274004684
