1 0.3729166666666667 0.5796875 0.15 0.6625000000000001
0 0.7416666666666667 0.5046875000000001 0.4666666666666667 0.16562500000000002
0 0.6979166666666666 0.34609375000000003 0.2875 0.15781250000000002
0 0.934375 0.44609375 0.11458333333333333 0.0703125
0 0.15625 0.47421875 0.10416666666666667 0.1015625
0 0.1125 0.41796875 0.09166666666666666 0.026562500000000003
0 0.1 0.39687500000000003 0.07916666666666666 0.021875000000000002
0 0.4739583333333333 0.4546875 0.05625 0.07500000000000001
0 0.509375 0.41250000000000003 0.07291666666666667 0.043750000000000004
0 0.30625 0.38984375000000004 0.0375 0.045312500000000006
