1 0.6774530271398747 0.75 0.27766179540709807 0.42812500000000003
1 0.3736951983298538 0.7117187500000001 0.16701461377870563 0.1921875
1 0.21294363256784968 0.7109375 0.14613778705636743 0.171875
1 0.11586638830897703 0.53515625 0.10647181628392484 0.21406250000000002
1 0.23277661795407095 0.5242187500000001 0.09812108559498955 0.1953125
1 0.3507306889352818 0.43828125 0.04175365344467641 0.0890625
1 0.4342379958246346 0.415625 0.033402922755741124 0.078125
1 0.4029227557411273 0.41484375 0.04175365344467641 0.0921875
1 0.5208768267223381 0.42734375 0.043841336116910226 0.0859375
1 0.569937369519833 0.4375 0.050104384133611686 0.096875
1 0.6325678496868475 0.43203125000000003 0.045929018789144044 0.0734375
1 0.2849686847599165 0.4296875 0.031315240083507306 0.084375
1 0.24530271398747389 0.43125 0.043841336116910226 0.07500000000000001
1 0.1346555323590814 0.40078125000000003 0.031315240083507306 0.0421875
1 0.17118997912317327 0.40546875000000004 0.025052192066805843 0.0421875
1 0.19937369519832984 0.40546875000000004 0.018789144050104383 0.029687500000000002
1 0.2463465553235908 0.42031250000000003 0.037578288100208766 0.053125000000000006
