1 0.7484375000000001 0.7172131147540984 0.203125 0.319672131147541
1 0.6156250000000001 0.6987704918032788 0.09375 0.20491803278688525
1 0.43125 0.6711065573770492 0.1125 0.1864754098360656
1 0.30703125000000003 0.5502049180327869 0.06406250000000001 0.125
1 0.36015625 0.5737704918032788 0.051562500000000004 0.09836065573770492
1 0.23359375000000002 0.5225409836065574 0.0421875 0.09836065573770492
1 0.18984375 0.5122950819672132 0.045312500000000006 0.07377049180327869
1 0.1484375 0.5286885245901639 0.040625 0.06967213114754099
1 0.26640625 0.4774590163934426 0.0328125 0.05737704918032787
0 0.6265625 0.4877049180327869 0.1375 0.0860655737704918
0 0.91328125 0.6209016393442623 0.17343750000000002 0.1639344262295082
0 0.49531250000000004 0.48668032786885246 0.15000000000000002 0.11270491803278689
