1 0.08986928104575163 0.4207516339869281 0.049019607843137254 0.05392156862745098
1 0.21895424836601307 0.3872549019607843 0.049019607843137254 0.06535947712418301
1 0.2181372549019608 0.4893790849673203 0.07679738562091504 0.03758169934640523
1 0.20751633986928106 0.513888888888889 0.04575163398692811 0.03758169934640523
1 0.43709150326797386 0.5882352941176471 0.18137254901960784 0.06209150326797386
1 0.5277777777777778 0.638888888888889 0.11764705882352941 0.06862745098039216
1 0.5678104575163399 0.5179738562091504 0.12254901960784315 0.03594771241830066
1 0.9526143790849674 0.37826797385620914 0.03594771241830066 0.10294117647058824
1 0.3553921568627451 0.40441176470588236 0.04084967320261438 0.04738562091503268
1 0.32189542483660133 0.39869281045751637 0.026143790849673203 0.049019607843137254
1 0.2973856209150327 0.4019607843137255 0.026143790849673203 0.06209150326797386
1 0.2769607843137255 0.40604575163398693 0.024509803921568627 0.04084967320261438
1 0.7336601307189543 0.6405228758169935 0.10130718954248366 0.058823529411764705
1 0.8913398692810458 0.5980392156862745 0.15522875816993464 0.0392156862745098
1 0.9125816993464052 0.6421568627450981 0.08986928104575163 0.05228758169934641
