2 0.8979166666666667 0.32109375 0.1375 0.0859375
1 0.884375 0.48359375000000004 0.06875 0.18281250000000002
1 0.8020833333333334 0.521875 0.17083333333333334 0.36875
1 0.8583333333333333 0.465625 0.03333333333333333 0.10312500000000001
1 0.65 0.53828125 0.17916666666666667 0.38593750000000004
1 0.4510416666666667 0.4734375 0.21041666666666667 0.47187500000000004
1 0.18125 0.51796875 0.10416666666666667 0.11406250000000001
1 0.05520833333333333 0.48671875000000003 0.10625 0.3796875
1 0.10104166666666667 0.46015625000000004 0.05625 0.2265625
1 0.19166666666666665 0.421875 0.05416666666666667 0.109375
1 0.2708333333333333 0.4421875 0.05 0.12812500000000002
1 0.33125 0.43359375 0.041666666666666664 0.1453125
