1 0.096875 0.6872384937238493 0.19062500000000002 0.608786610878661
1 0.27890625 0.5794979079497907 0.07968750000000001 0.22175732217573219
0 0.178125 0.5658995815899581 0.178125 0.17782426778242677
0 0.32734375000000004 0.5334728033472803 0.1859375 0.1422594142259414
0 0.41171875 0.5188284518828451 0.060937500000000006 0.09205020920502091
1 0.49453125000000003 0.5167364016736401 0.0390625 0.1589958158995816
1 0.5296875 0.5094142259414226 0.037500000000000006 0.14853556485355648
1 0.6414062500000001 0.5198744769874477 0.0328125 0.13598326359832635
0 0.78515625 0.5010460251046025 0.09843750000000001 0.11506276150627615
1 0.9593750000000001 0.705020920502092 0.08125 0.5648535564853556
2 0.5281250000000001 0.1631799163179916 0.034375 0.07531380753138074
2 0.56171875 0.15690376569037656 0.026562500000000003 0.08368200836820083
