1 0.20468750000000002 0.5083565459610028 0.23125 0.7047353760445683
1 0.39296875000000003 0.47493036211699163 0.029687500000000002 0.09192200557103064
1 0.42109375000000004 0.47075208913649025 0.0234375 0.08913649025069638
0 0.34296875000000004 0.5055710306406686 0.0546875 0.03064066852367688
0 0.45546875000000003 0.49164345403899723 0.035937500000000004 0.03064066852367688
0 0.51484375 0.49025069637883006 0.0421875 0.027855153203342618
1 0.553125 0.4610027855153203 0.028125 0.11977715877437325
1 0.625 0.4610027855153203 0.015625 0.07520891364902507
1 0.68359375 0.4610027855153203 0.0234375 0.07520891364902507
1 0.71015625 0.4554317548746518 0.0328125 0.09192200557103064
1 0.9750000000000001 0.37604456824512533 0.05 0.31197771587743733
1 0.8406250000000001 0.4387186629526462 0.03125 0.10863509749303621
0 0.61484375 0.479108635097493 0.045312500000000006 0.03899721448467967
0 0.06875 0.5236768802228412 0.053125000000000006 0.027855153203342618
0 0.021875000000000002 0.5264623955431755 0.040625 0.04456824512534819
0 0.2921875 0.5055710306406686 0.028125 0.036211699164345405
0 0.5632812500000001 0.49025069637883006 0.035937500000000004 0.027855153203342618
