2 0.87421875 0.38593750000000004 0.06406250000000001 0.19062500000000002
2 0.80859375 0.41171875 0.0578125 0.1203125
2 0.74765625 0.11484375000000001 0.06406250000000001 0.11093750000000001
1 0.6101562500000001 0.6859375000000001 0.0890625 0.246875
1 0.8445312500000001 0.6671875 0.045312500000000006 0.203125
1 0.7742187500000001 0.66796875 0.060937500000000006 0.22031250000000002
1 0.92109375 0.6195312500000001 0.0390625 0.1078125
1 0.81953125 0.53359375 0.0328125 0.0390625
1 0.8148437500000001 0.57265625 0.035937500000000004 0.0328125
0 0.3984375 0.62890625 0.096875 0.09531250000000001
0 0.32109375 0.6257812500000001 0.051562500000000004 0.0859375
0 0.45937500000000003 0.63203125 0.037500000000000006 0.0546875
0 0.49921875000000004 0.63046875 0.029687500000000002 0.0328125
1 0.5015625 0.596875 0.03125 0.021875000000000002
1 0.584375 0.6000000000000001 0.015625 0.05625
1 0.23984375000000002 0.6156250000000001 0.026562500000000003 0.037500000000000006
0 0.240625 0.6625000000000001 0.037500000000000006 0.053125000000000006
2 0.08828125 0.5281250000000001 0.0234375 0.021875000000000002
