1 0.4140625 0.8376168224299064 0.034375 0.15654205607476634
1 0.13046875 0.8165887850467289 0.0546875 0.08177570093457943
1 0.21640625000000002 0.7873831775700934 0.0234375 0.03271028037383177
0 0.13046875 0.9158878504672896 0.051562500000000004 0.08411214953271028
0 0.21640625000000002 0.8271028037383177 0.026562500000000003 0.037383177570093455
1 0.3171875 0.8014018691588785 0.018750000000000003 0.07009345794392523
0 0.28359375000000003 0.7698598130841121 0.0328125 0.07242990654205607
1 0.70234375 0.7581775700934579 0.029687500000000002 0.08644859813084112
1 0.62109375 0.7488317757009345 0.0140625 0.05841121495327102
0 0.8617187500000001 0.7161214953271028 0.0703125 0.03037383177570093
0 0.8187500000000001 0.7102803738317757 0.034375 0.02336448598130841
0 0.7359375 0.7406542056074766 0.043750000000000004 0.037383177570093455
0 0.051562500000000004 0.7838785046728971 0.1 0.1658878504672897
