1 0.11953125 0.4637002341920375 0.045312500000000006 0.2903981264637002
1 0.03125 0.45784543325526933 0.034375 0.28805620608899296
1 0.08671875000000001 0.4519906323185012 0.026562500000000003 0.2810304449648712
1 0.20859375000000002 0.5152224824355972 0.1328125 0.4637002341920375
1 0.36250000000000004 0.6451990632318502 0.12187500000000001 0.2786885245901639
1 0.34765625 0.41100702576112413 0.08281250000000001 0.27400468384074944
1 0.29453125 0.4274004683840749 0.0390625 0.2459016393442623
1 0.4625 0.4918032786885246 0.09375 0.3372365339578454
1 0.5640625 0.45433255269320844 0.134375 0.4215456674473068
1 0.68125 0.563231850117096 0.11875000000000001 0.46604215456674475
1 0.93671875 0.531615925058548 0.0703125 0.3091334894613583
