1 0.31562500000000004 0.5518638573743921 0.19062500000000002 0.5008103727714749
1 0.50703125 0.33144246353322526 0.1921875 0.3387358184764992
1 0.6796875 0.44813614262560775 0.15000000000000002 0.45218800648298213
1 0.11015625000000001 0.3824959481361426 0.051562500000000004 0.20421393841166935
1 0.0625 0.4165316045380875 0.05625 0.2884927066450567
1 0.032031250000000004 0.2884927066450567 0.029687500000000002 0.03565640194489465
1 0.21796875000000002 0.3403565640194489 0.0328125 0.06158833063209076
1 0.15625 0.3371150729335494 0.021875000000000002 0.055105348460291734
1 0.42734375 0.34359805510534847 0.0234375 0.07455429497568881
1 0.01171875 0.2893030794165316 0.0203125 0.027552674230145867
