0 0.28 0.8648648648648649 0.24 0.25825825825825827
0 0.802 0.8573573573573573 0.164 0.12312312312312312
0 0.9400000000000001 0.8738738738738738 0.116 0.15615615615615616
0 0.663 0.8243243243243243 0.114 0.12312312312312312
1 0.148 0.8018018018018018 0.024 0.13813813813813813
1 0.068 0.8093093093093093 0.04 0.16516516516516516
1 0.114 0.7957957957957957 0.028 0.11411411411411411
1 0.483 0.7912912912912913 0.038 0.057057057057057055
0 0.453 0.7912912912912913 0.014 0.04504504504504504
0 0.392 0.7807807807807807 0.036000000000000004 0.05405405405405406
