2 0.12265625000000001 0.44479166666666664 0.0890625 0.05625
2 0.140625 0.3885416666666667 0.09062500000000001 0.03958333333333333
1 0.2859375 0.8541666666666666 0.140625 0.2875
1 0.13984375000000002 0.728125 0.035937500000000004 0.11041666666666666
1 0.20390625 0.71875 0.0171875 0.08333333333333333
1 0.23046875 0.7197916666666666 0.0234375 0.07291666666666667
1 0.31562500000000004 0.7229166666666667 0.03125 0.08333333333333333
1 0.2890625 0.696875 0.0125 0.04375
1 0.35078125000000004 0.74375 0.0234375 0.1
1 0.36328125 0.7510416666666666 0.0140625 0.14791666666666667
1 0.390625 0.765625 0.043750000000000004 0.17291666666666666
1 0.4296875 0.7635416666666667 0.034375 0.14791666666666667
1 0.478125 0.778125 0.046875 0.16458333333333333
1 0.51484375 0.7791666666666667 0.026562500000000003 0.16666666666666666
0 0.55 0.7114583333333333 0.321875 0.23124999999999998
0 0.19843750000000002 0.6895833333333333 0.21250000000000002 0.1375
0 0.890625 0.7322916666666667 0.21875 0.53125
1 0.7421875 0.7114583333333333 0.018750000000000003 0.07291666666666667
1 0.7625000000000001 0.7145833333333333 0.015625 0.075
1 0.8046875 0.7135416666666666 0.0125 0.04375
1 0.82421875 0.7052083333333333 0.0140625 0.06875
1 0.84921875 0.7197916666666666 0.0140625 0.08958333333333333
1 0.8679687500000001 0.7229166666666667 0.0234375 0.09583333333333333
1 0.909375 0.721875 0.018750000000000003 0.08541666666666667
1 0.92578125 0.7239583333333334 0.0140625 0.08541666666666667
1 0.96875 0.7197916666666666 0.025 0.08125
1 0.9921875 0.7270833333333333 0.015625 0.09166666666666666
