0 0.08828125 0.30416666666666664 0.16718750000000002 0.20833333333333334
1 0.47890625000000003 0.384375 0.1703125 0.36875
0 0.48281250000000003 0.5260416666666666 0.096875 0.17291666666666666
0 0.43125 0.3885416666666667 0.2625 0.2520833333333333
0 0.20859375000000002 0.2604166666666667 0.0328125 0.04583333333333333
0 0.39687500000000003 0.2520833333333333 0.12187500000000001 0.05416666666666667
0 0.58515625 0.290625 0.1765625 0.16041666666666665
0 0.9 0.3145833333333333 0.184375 0.12083333333333333
0 0.23984375000000002 0.2625 0.0234375 0.041666666666666664
0 0.309375 0.26145833333333335 0.021875000000000002 0.035416666666666666
