1 0.29765625 0.6177083333333333 0.051562500000000004 0.07291666666666667
1 0.27968750000000003 0.61875 0.025 0.05416666666666667
0 0.29765625 0.7354166666666666 0.1046875 0.10416666666666667
0 0.38671875 0.6447916666666667 0.09531250000000001 0.08541666666666667
1 0.5484375 0.5989583333333334 0.021875000000000002 0.06875
2 0.09375 0.49583333333333335 0.03125 0.05
2 0.17500000000000002 0.4947916666666667 0.028125 0.035416666666666666
0 0.16328125000000002 0.6395833333333333 0.0765625 0.07083333333333333
0 0.03515625 0.6385416666666667 0.0671875 0.06875
2 0.06953125 0.428125 0.026562500000000003 0.052083333333333336
