1 0.534375 0.7770833333333333 0.06875 0.07083333333333333
1 0.5734375 0.890625 0.07187500000000001 0.11875
1 0.40234375 0.7572916666666667 0.0421875 0.04375
1 0.4625 0.784375 0.043750000000000004 0.08541666666666667
1 0.3609375 0.8635416666666667 0.043750000000000004 0.06875
1 0.40468750000000003 0.825 0.03125 0.058333333333333334
1 0.14921875 0.9052083333333333 0.0390625 0.05625
1 0.10546875 0.9364583333333333 0.0484375 0.05625
1 0.05 0.9291666666666667 0.0625 0.075
1 0.11875000000000001 0.840625 0.037500000000000006 0.04375
1 0.19375 0.8479166666666667 0.03125 0.0375
1 0.72578125 0.9614583333333333 0.051562500000000004 0.06458333333333333
1 0.8875000000000001 0.9302083333333333 0.043750000000000004 0.04375
1 0.9203125000000001 0.9760416666666667 0.046875 0.04375
1 0.9632812500000001 0.88125 0.0390625 0.04583333333333333
1 0.8390625 0.8947916666666667 0.046875 0.05625
1 0.84296875 0.81875 0.026562500000000003 0.0375
1 0.73046875 0.8489583333333334 0.0328125 0.04791666666666666
