1 0.46953125 0.5058548009367682 0.1421875 0.6042154566744731
1 0.06796875000000001 0.607728337236534 0.1296875 0.5456674473067916
1 0.12109375 0.4426229508196721 0.026562500000000003 0.0702576112412178
1 0.21640625000000002 0.45901639344262296 0.026562500000000003 0.08430913348946135
1 0.42265625 0.5117096018735363 0.0328125 0.053864168618266976
1 0.7054687500000001 0.4531615925058548 0.029687500000000002 0.10070257611241218
0 0.628125 0.3770491803278688 0.09062500000000001 0.046838407494145196
1 0.7718750000000001 0.4332552693208431 0.046875 0.1451990632318501
1 0.815625 0.4332552693208431 0.021875000000000002 0.14988290398126464
1 0.8328125000000001 0.38173302107728335 0.0125 0.023419203747072598
1 0.846875 0.46252927400468385 0.015625 0.07259953161592506
0 0.7289062500000001 0.382903981264637 0.06406250000000001 0.04449648711943794
0 0.8984375 0.41569086651053866 0.10625000000000001 0.09601873536299765
0 0.971875 0.36885245901639346 0.05625 0.08196721311475409
