1 0.6359375 0.5020833333333333 0.046875 0.17083333333333334
1 0.6578125 0.425 0.034375 0.075
1 0.59609375 0.4739583333333333 0.0328125 0.18125
1 0.09453125000000001 0.47604166666666664 0.045312500000000006 0.14375
1 0.02734375 0.4947916666666667 0.051562500000000004 0.13958333333333334
1 0.05390625 0.42083333333333334 0.035937500000000004 0.05
1 0.08359375000000001 0.3770833333333333 0.029687500000000002 0.0375
1 0.7914062500000001 0.425 0.035937500000000004 0.10416666666666667
1 0.9851562500000001 0.41041666666666665 0.026562500000000003 0.10833333333333334
1 0.81953125 0.30625 0.0203125 0.041666666666666664
1 0.87421875 0.315625 0.0171875 0.04375
1 0.4609375 0.61875 0.059375000000000004 0.2
1 0.5046875000000001 0.553125 0.05 0.08125
1 0.3453125 0.36041666666666666 0.025 0.07916666666666666
