1 0.555 0.6723076923076923 0.106 0.4153846153846154
1 0.34800000000000003 0.683076923076923 0.116 0.5046153846153846
1 0.06 0.6430769230769231 0.07200000000000001 0.4246153846153846
1 0.133 0.6646153846153846 0.114 0.41846153846153844
1 0.20800000000000002 0.5492307692307692 0.132 0.18769230769230769
0 0.92 0.583076923076923 0.14400000000000002 0.16307692307692306
0 0.806 0.54 0.06 0.07076923076923076
1 0.741 0.5415384615384615 0.026000000000000002 0.06769230769230769
1 0.582 0.5415384615384615 0.016 0.08
1 0.599 0.5492307692307692 0.014 0.07076923076923076
0 0.406 0.5384615384615384 0.07200000000000001 0.09230769230769231
