2 0.6328125 0.30416666666666664 0.040625 0.07916666666666666
2 0.68671875 0.503125 0.026562500000000003 0.07708333333333334
1 0.7890625 0.825 0.07500000000000001 0.15
1 0.95078125 0.7833333333333333 0.045312500000000006 0.09166666666666666
1 0.9085937500000001 0.8572916666666667 0.0484375 0.27291666666666664
1 0.6351562500000001 0.853125 0.08281250000000001 0.20625
1 0.51875 0.8666666666666667 0.1 0.13333333333333333
1 0.51328125 0.7552083333333334 0.060937500000000006 0.08125
1 0.5765625 0.7604166666666666 0.05625 0.09166666666666666
1 0.43593750000000003 0.7510416666666666 0.05 0.09791666666666667
1 0.42265625 0.6635416666666667 0.026562500000000003 0.052083333333333336
1 0.3984375 0.703125 0.03125 0.04375
1 0.37343750000000003 0.6854166666666667 0.021875000000000002 0.0625
0 0.546875 0.6697916666666667 0.07187500000000001 0.04791666666666666
0 0.6664062500000001 0.6947916666666667 0.11093750000000001 0.09791666666666667
0 0.2578125 0.7927083333333333 0.325 0.24375
2 0.496875 0.5729166666666666 0.018750000000000003 0.025
2 0.45859375 0.5447916666666667 0.0171875 0.04791666666666666
