1 0.6734375 0.9148437500000001 0.05625 0.1453125
1 0.96015625 0.884375 0.0390625 0.10312500000000001
1 0.92578125 0.87109375 0.035937500000000004 0.0671875
1 0.82421875 0.8765625 0.035937500000000004 0.07500000000000001
1 0.8500000000000001 0.87109375 0.018750000000000003 0.0765625
1 0.8929687500000001 0.8679687500000001 0.029687500000000002 0.0734375
1 0.7835937500000001 0.86875 0.026562500000000003 0.0625
1 0.7265625 0.88203125 0.021875000000000002 0.0546875
1 0.7375 0.8539062500000001 0.021875000000000002 0.035937500000000004
1 0.5640625 0.9078125 0.040625 0.11875000000000001
1 0.6179687500000001 0.8695312500000001 0.0328125 0.0578125
1 0.63671875 0.9304687500000001 0.0421875 0.0671875
1 0.19921875 0.915625 0.07968750000000001 0.1
1 0.3015625 0.8875000000000001 0.046875 0.05625
1 0.27265625 0.8921875 0.045312500000000006 0.078125
1 0.10546875 0.9007812500000001 0.0390625 0.06406250000000001
1 0.13671875 0.8812500000000001 0.029687500000000002 0.05625
1 0.46015625000000004 0.8890625000000001 0.0390625 0.07500000000000001
1 0.41718750000000004 0.8875000000000001 0.03125 0.078125
1 0.3796875 0.8875000000000001 0.025 0.078125
1 0.06406250000000001 0.88046875 0.028125 0.0546875
