0 0.357 0.8688046647230321 0.6900000000000001 0.1749271137026239
0 0.312 0.7259475218658892 0.184 0.1107871720116618
0 0.379 0.7084548104956269 0.162 0.1574344023323615
0 0.47500000000000003 0.7026239067055393 0.058 0.11661807580174927
0 0.524 0.717201166180758 0.056 0.07580174927113703
0 0.65 0.6982507288629738 0.07200000000000001 0.11370262390670553
0 0.6890000000000001 0.6574344023323615 0.058 0.07871720116618075
0 0.782 0.7725947521865889 0.184 0.21574344023323616
0 0.835 0.6982507288629738 0.114 0.11370262390670553
0 0.89 0.6880466472303207 0.1 0.10495626822157435
2 0.649 0.48833819241982507 0.026000000000000002 0.0728862973760933
2 0.514 0.46647230320699706 0.032 0.05830903790087463
2 0.504 0.5626822157434402 0.024 0.052478134110787174
