1 0.47578125000000004 0.6109813084112149 0.1765625 0.7733644859813084
1 0.2828125 0.5619158878504672 0.16875 0.7079439252336448
1 0.09765625 0.6191588785046729 0.18906250000000002 0.7523364485981308
1 0.1296875 0.3107476635514018 0.040625 0.08411214953271028
2 0.22265625 0.1378504672897196 0.045312500000000006 0.1308411214953271
2 0.27109375 0.1308411214953271 0.0421875 0.1308411214953271
0 0.6875 0.46495327102803735 0.09375 0.12149532710280372
0 0.9695312500000001 0.4813084112149532 0.060937500000000006 0.09813084112149532
0 0.9234375 0.47663551401869153 0.059375000000000004 0.102803738317757
0 0.8765625 0.46495327102803735 0.040625 0.07476635514018691
0 0.8445312500000001 0.4509345794392523 0.0203125 0.0794392523364486
0 0.8250000000000001 0.44859813084112143 0.028125 0.06074766355140186
0 0.8093750000000001 0.44742990654205606 0.021875000000000002 0.053738317757009345
0 0.7898437500000001 0.4450934579439252 0.035937500000000004 0.04439252336448598
0 0.7671875 0.4380841121495327 0.025 0.053738317757009345
