1 0.7273437500000001 0.728125 0.1609375 0.11041666666666666
1 0.9796875 0.6114583333333333 0.040625 0.05625
1 0.48671875000000003 0.6645833333333333 0.0328125 0.12916666666666665
1 0.51796875 0.6604166666666667 0.045312500000000006 0.10833333333333334
1 0.26015625000000003 0.9145833333333333 0.2078125 0.09166666666666666
1 0.36640625000000004 0.746875 0.051562500000000004 0.14791666666666667
1 0.27968750000000003 0.73125 0.07500000000000001 0.10833333333333334
1 0.18671875000000002 0.6989583333333333 0.0203125 0.04791666666666666
1 0.26484375 0.6614583333333334 0.0171875 0.04791666666666666
1 0.0171875 0.7833333333333333 0.03125 0.12916666666666665
