2 0.17343750000000002 0.3705882352941176 0.043750000000000004 0.12470588235294117
2 0.46640625 0.4905882352941176 0.0328125 0.09176470588235293
2 0.54921875 0.4870588235294117 0.0390625 0.09411764705882353
2 0.5078125 0.5976470588235293 0.040625 0.12235294117647058
2 0.375 0.6705882352941176 0.025 0.07999999999999999
2 0.6703125000000001 0.5529411764705882 0.034375 0.10823529411764705
2 0.7421875 0.6329411764705882 0.034375 0.07999999999999999
2 0.70234375 0.6729411764705882 0.035937500000000004 0.06117647058823529
1 0.03359375 0.888235294117647 0.0234375 0.12941176470588234
1 0.055468750000000004 0.8835294117647058 0.0171875 0.12470588235294117
1 0.07968750000000001 0.8823529411764706 0.034375 0.12235294117647058
1 0.1 0.8776470588235293 0.028125 0.14588235294117646
1 0.11953125 0.8811764705882352 0.0171875 0.1341176470588235
1 0.13593750000000002 0.8835294117647058 0.015625 0.12470588235294117
1 0.15390625000000002 0.8717647058823529 0.0328125 0.14823529411764705
1 0.17265625 0.8776470588235293 0.0203125 0.14588235294117646
1 0.18671875000000002 0.8670588235294117 0.026562500000000003 0.14352941176470588
1 0.20859375000000002 0.8564705882352941 0.0234375 0.08941176470588234
1 0.2390625 0.876470588235294 0.021875000000000002 0.1764705882352941
1 0.25859375 0.8788235294117647 0.0328125 0.15294117647058822
1 0.28515625 0.8258823529411764 0.026562500000000003 0.051764705882352935
1 0.29921875000000003 0.8670588235294117 0.035937500000000004 0.1388235294117647
1 0.3296875 0.8752941176470588 0.028125 0.1552941176470588
1 0.3671875 0.8729411764705881 0.03125 0.13176470588235292
1 0.4078125 0.8341176470588234 0.025 0.08235294117647059
1 0.43203125000000003 0.8858823529411763 0.0328125 0.14352941176470588
1 0.44609375 0.8647058823529411 0.035937500000000004 0.16235294117647056
1 0.48125 0.848235294117647 0.034375 0.1341176470588235
1 0.5625 0.8670588235294117 0.040625 0.16705882352941176
1 0.62890625 0.8164705882352941 0.026562500000000003 0.08941176470588234
1 0.6156250000000001 0.82 0.025 0.0776470588235294
1 0.703125 0.8411764705882352 0.028125 0.14352941176470588
1 0.6726562500000001 0.8329411764705882 0.029687500000000002 0.10823529411764705
1 0.7296875 0.8223529411764705 0.028125 0.09647058823529411
1 0.7515625 0.7894117647058823 0.018750000000000003 0.0588235294117647
1 0.7718750000000001 0.8388235294117646 0.03125 0.09176470588235293
1 0.81640625 0.8117647058823528 0.029687500000000002 0.10352941176470587
1 0.8929687500000001 0.8152941176470587 0.026562500000000003 0.12470588235294117
1 0.99140625 0.8294117647058823 0.0171875 0.14352941176470588
1 0.9789062500000001 0.8176470588235294 0.0234375 0.11058823529411764
