0 0.9730046948356808 0.67109375 0.0539906103286385 0.06406250000000001
0 0.897887323943662 0.66171875 0.09624413145539906 0.0671875
0 0.8145539906103286 0.6546875000000001 0.06572769953051644 0.059375000000000004
0 0.7206572769953051 0.64375 0.0892018779342723 0.05625
0 0.647887323943662 0.6453125000000001 0.07511737089201878 0.037500000000000006
0 0.5833333333333334 0.6296875000000001 0.04929577464788733 0.05
0 0.49413145539906106 0.6312500000000001 0.035211267605633804 0.028125
0 0.27699530516431925 0.6390625000000001 0.11267605633802817 0.040625
0 0.08450704225352113 0.6335937500000001 0.09389671361502347 0.0578125
0 0.03051643192488263 0.65234375 0.051643192488262914 0.051562500000000004
0 0.1467136150234742 0.6273437500000001 0.04929577464788733 0.0421875
0 0.2734741784037559 0.6351562500000001 0.11502347417840376 0.0421875
