1 0.30234375 0.5304449648711944 0.49531250000000004 0.8079625292740047
1 0.4734375 0.2939110070257611 0.034375 0.18032786885245902
1 0.62890625 0.3185011709601874 0.0484375 0.15456674473067916
1 0.6828125 0.3149882903981265 0.037500000000000006 0.10070257611241218
1 0.72265625 0.3114754098360656 0.0328125 0.09836065573770492
1 0.7562500000000001 0.27400468384074944 0.018750000000000003 0.04215456674473068
1 0.828125 0.4180327868852459 0.05625 0.2459016393442623
1 0.87265625 0.319672131147541 0.035937500000000004 0.09601873536299765
1 0.95703125 0.319672131147541 0.035937500000000004 0.09133489461358314
1 0.98828125 0.3255269320843091 0.0234375 0.10772833723653395
0 0.8578125000000001 0.275175644028103 0.284375 0.20843091334894615
