0 0.7671875 0.617096018735363 0.22812500000000002 0.2224824355971897
0 0.63203125 0.3618266978922717 0.1453125 0.13817330210772832
0 0.7132812500000001 0.29859484777517564 0.1265625 0.08665105386416862
0 0.9281250000000001 0.32201405152224827 0.115625 0.11007025761124122
0 0.6609375000000001 0.2154566744730679 0.08125 0.07494145199063232
0 0.38203125000000004 0.31381733021077285 0.1203125 0.08430913348946135
1 0.31093750000000003 0.3665105386416862 0.028125 0.08196721311475409
1 0.22109375 0.297423887587822 0.0734375 0.08430913348946135
2 0.55859375 0.2189695550351288 0.1234375 0.09601873536299765
0 0.5765625 0.13466042154566746 0.037500000000000006 0.04449648711943794
0 0.38593750000000004 0.16159250585480095 0.05625 0.03278688524590164
0 0.309375 0.16276346604215455 0.05625 0.04449648711943794
0 0.2546875 0.12997658079625293 0.040625 0.053864168618266976
0 0.10625000000000001 0.1756440281030445 0.05 0.03747072599531616
0 0.596875 0.09836065573770492 0.021875000000000002 0.02810304449648712
