0 0.7273437500000001 0.44313304721030045 0.0546875 0.045064377682403435
1 0.78046875 0.45493562231759654 0.0078125 0.034334763948497854
0 0.2 0.33047210300429186 0.021875000000000002 0.030042918454935622
0 0.043750000000000004 0.4313304721030043 0.059375000000000004 0.030042918454935622
0 0.29296875 0.44420600858369097 0.0390625 0.030042918454935622
0 0.6000000000000001 0.3293991416309013 0.034375 0.023605150214592273
0 0.5765625 0.3240343347639485 0.0125 0.017167381974248927
0 0.56015625 0.29721030042918456 0.0234375 0.023605150214592273
0 0.22031250000000002 0.30579399141630903 0.03125 0.023605150214592273
0 0.25 0.3240343347639485 0.021875000000000002 0.02145922746781116
