2 0.20078125000000002 0.7555012224938875 0.06406250000000001 0.18092909535452323
1 0.33671875 0.9779951100244498 0.035937500000000004 0.044009779951100246
1 0.2609375 0.9547677261613692 0.034375 0.04645476772616137
0 0.36484375 0.9669926650366748 0.1421875 0.061124694376528114
0 0.4859375 0.9046454767726161 0.140625 0.19070904645476772
1 0.4859375 0.9474327628361858 0.05625 0.08068459657701711
0 0.671875 0.9462102689486552 0.1375 0.09290953545232274
0 0.68515625 0.8850855745721271 0.1015625 0.034229828850855744
0 0.73046875 0.8838630806845966 0.1078125 0.10513447432762836
1 0.82421875 0.9119804400977995 0.0390625 0.17603911980440098
0 0.8171875000000001 0.7383863080684596 0.109375 0.254278728606357
1 0.98359375 0.9584352078239609 0.0328125 0.05378973105134474
1 0.96015625 0.9205378973105135 0.0203125 0.04645476772616137
1 0.98984375 0.8459657701711492 0.0203125 0.044009779951100246
1 0.9867187500000001 0.7090464547677262 0.026562500000000003 0.05378973105134474
1 0.9789062500000001 0.628361858190709 0.0203125 0.034229828850855744
1 0.99609375 0.6246943765281173 0.0078125 0.04156479217603912
0 0.48125 0.7457212713936431 0.30312500000000003 0.46943765281173594
0 0.67578125 0.6503667481662592 0.0765625 0.38141809290953543
0 0.7679687500000001 0.6198044009779952 0.15781250000000002 0.34474327628361856
0 0.8695312500000001 0.5599022004889975 0.0734375 0.2200488997555012
0 0.9078125 0.5073349633251834 0.1 0.2665036674816626
0 0.9539062500000001 0.4132029339853301 0.0734375 0.17114914425427874
0 0.6984375 0.4229828850855746 0.09375 0.07334963325183375
0 0.8390625 0.31662591687041564 0.07500000000000001 0.11491442542787286
0 0.853125 0.3740831295843521 0.040625 0.039119804400977995
0 0.8078125 0.38753056234718825 0.040625 0.05623471882640587
0 0.784375 0.40953545232273836 0.05 0.06601466992665037
2 0.77265625 0.3545232273838631 0.0171875 0.0488997555012225
2 0.7992187500000001 0.34963325183374083 0.0203125 0.05378973105134474
0 0.70234375 0.3508557457212714 0.051562500000000004 0.07090464547677261
2 0.5890625 0.45232273838630804 0.025 0.05867970660146699
2 0.60078125 0.41564792176039117 0.0203125 0.05378973105134474
0 0.5484375 0.40464547677261614 0.06875 0.17359413202933985
0 0.47968750000000004 0.4290953545232274 0.09375 0.1784841075794621
0 0.39765625000000004 0.4621026894865526 0.0921875 0.14180929095354522
2 0.284375 0.480440097799511 0.025 0.06601466992665037
1 0.31171875000000004 0.715158924205379 0.0234375 0.05134474327628362
1 0.33046875000000003 0.4669926650366748 0.0140625 0.05378973105134474
1 0.26015625000000003 0.49266503667481665 0.0171875 0.02689486552567237
1 0.2484375 0.5134474327628362 0.021875000000000002 0.039119804400977995
2 0.17421875 0.46943765281173594 0.026562500000000003 0.06356968215158924
0 0.09375 0.7713936430317848 0.18125000000000002 0.45232273838630804
