1 0.23750000000000002 0.5299539170506913 0.34687500000000004 0.847926267281106
1 0.7273437500000001 0.5276497695852534 0.33906250000000004 0.8110599078341014
1 0.3484375 0.1728110599078341 0.07187500000000001 0.2626728110599078
1 0.8226562500000001 0.173963133640553 0.0703125 0.2695852534562212
0 0.58046875 0.1923963133640553 0.2015625 0.14055299539170507
0 0.10703125000000001 0.1935483870967742 0.1640625 0.15207373271889402
0 0.2671875 0.10138248847926268 0.1 0.09216589861751152
0 0.19921875 0.10599078341013825 0.11093750000000001 0.059907834101382486
0 0.415625 0.10138248847926268 0.096875 0.10599078341013825
0 0.56875 0.07834101382488479 0.10312500000000001 0.059907834101382486
0 0.6531250000000001 0.1175115207373272 0.053125000000000006 0.08755760368663594
0 0.765625 0.11175115207373272 0.1375 0.10368663594470046
0 0.88203125 0.10483870967741936 0.0921875 0.08525345622119816
