2 0.3875 0.1366822429906542 0.05625 0.18925233644859812
2 0.8328125000000001 0.17406542056074764 0.0625 0.18457943925233644
0 0.80234375 0.8014018691588785 0.1453125 0.22429906542056072
0 0.7000000000000001 0.7967289719626167 0.040625 0.09345794392523364
0 0.6585937500000001 0.8107476635514018 0.029687500000000002 0.06542056074766354
0 0.55 0.7768691588785046 0.040625 0.05841121495327102
2 0.56171875 0.7313084112149533 0.0171875 0.03271028037383177
2 0.6726562500000001 0.616822429906542 0.0171875 0.037383177570093455
0 0.496875 0.7745327102803737 0.043750000000000004 0.04906542056074766
0 0.43984375000000003 0.7605140186915887 0.0421875 0.05841121495327102
0 0.39375000000000004 0.7628504672897196 0.037500000000000006 0.05841121495327102
0 0.25546875 0.7628504672897196 0.045312500000000006 0.0630841121495327
0 0.12734375 0.772196261682243 0.060937500000000006 0.08644859813084112
2 0.05625 0.697429906542056 0.015625 0.035046728971962614
2 0.27578125000000003 0.625 0.0171875 0.03037383177570093
0 0.30000000000000004 0.764018691588785 0.025 0.037383177570093455
0 0.22187500000000002 0.7628504672897196 0.025 0.0397196261682243
1 0.9656250000000001 0.8306074766355139 0.025 0.10981308411214953
