1 0.60703125 0.66875 0.19843750000000002 0.6541666666666667
0 0.4140625 0.6875 0.8093750000000001 0.35833333333333334
0 0.76953125 0.521875 0.20468750000000002 0.21458333333333332
0 0.17734375000000002 0.428125 0.0578125 0.08958333333333333
0 0.05234375 0.46770833333333334 0.06406250000000001 0.05625
0 0.1421875 0.465625 0.040625 0.052083333333333336
0 0.10546875 0.4583333333333333 0.0390625 0.041666666666666664
0 0.3359375 0.4302083333333333 0.1125 0.13541666666666666
0 0.24140625000000002 0.453125 0.0421875 0.04791666666666666
0 0.21015625000000002 0.459375 0.0328125 0.06041666666666667
1 0.25078125 0.4895833333333333 0.07968750000000001 0.14583333333333334
2 0.29531250000000003 0.3072916666666667 0.021875000000000002 0.06041666666666667
2 0.22968750000000002 0.31979166666666664 0.015625 0.03958333333333333
2 0.178125 0.2989583333333333 0.0125 0.04375
2 0.078125 0.30416666666666664 0.018750000000000003 0.0375
2 0.12109375 0.35625 0.0140625 0.03333333333333333
1 0.9851562500000001 0.590625 0.029687500000000002 0.32708333333333334
1 0.9632812500000001 0.490625 0.035937500000000004 0.16458333333333333
1 0.92734375 0.49583333333333335 0.029687500000000002 0.17083333333333334
