0 0.829954954954955 0.7875000000000001 0.3400900900900901 0.178125
0 0.16554054054054054 0.7992187500000001 0.18693693693693694 0.1203125
0 0.02927927927927928 0.7757812500000001 0.04954954954954955 0.045312500000000006
2 0.3153153153153153 0.5859375 0.07207207207207207 0.10625000000000001
2 0.23986486486486486 0.60859375 0.07882882882882883 0.1171875
2 0.38288288288288286 0.6046875 0.05855855855855856 0.05625
2 0.34797297297297297 0.65390625 0.06081081081081081 0.08281250000000001
2 0.5213963963963963 0.6265625 0.07432432432432433 0.125
2 0.6790540540540541 0.60546875 0.05630630630630631 0.1296875
2 0.6058558558558559 0.58125 0.08108108108108109 0.14375000000000002
2 0.7421171171171171 0.45156250000000003 0.0472972972972973 0.096875
2 0.7218468468468469 0.55234375 0.04279279279279279 0.0859375
2 0.7759009009009009 0.5453125 0.0472972972972973 0.09062500000000001
2 0.45495495495495497 0.65625 0.05405405405405406 0.05
2 0.22072072072072071 0.46953125 0.07207207207207207 0.1171875
2 0.29954954954954954 0.39609375 0.05405405405405406 0.11406250000000001
2 0.24549549549549549 0.38828125 0.02702702702702703 0.051562500000000004
2 0.48423423423423423 0.36875 0.05855855855855856 0.1125
2 0.42792792792792794 0.5046875000000001 0.06756756756756757 0.1125
2 0.5033783783783784 0.49296875 0.06081081081081081 0.11093750000000001
2 0.6013513513513513 0.45156250000000003 0.07207207207207207 0.10625000000000001
2 0.6655405405405406 0.41953125 0.06531531531531531 0.1171875
2 0.740990990990991 0.37421875000000004 0.05405405405405406 0.06406250000000001
2 0.6463963963963963 0.31328125 0.06306306306306306 0.1203125
2 0.5923423423423423 0.32890625 0.08558558558558559 0.11093750000000001
2 0.5472972972972973 0.3640625 0.05405405405405406 0.06875
2 0.5247747747747747 0.259375 0.07657657657657657 0.125
2 0.4527027027027027 0.253125 0.05855855855855856 0.12187500000000001
2 0.36373873873873874 0.2859375 0.06081081081081081 0.1
2 0.28603603603603606 0.30234375 0.07207207207207207 0.0734375
2 0.5945945945945946 0.2390625 0.04504504504504504 0.0625
