1 0.91171875 0.5081585081585082 0.051562500000000004 0.24242424242424243
1 0.8617187500000001 0.513986013986014 0.0578125 0.2680652680652681
1 0.7078125000000001 0.44522144522144524 0.043750000000000004 0.055944055944055944
0 0.765625 0.46853146853146854 0.06875 0.08857808857808858
1 0.61484375 0.26107226107226106 0.0765625 0.10256410256410256
1 0.534375 0.25524475524475526 0.037500000000000006 0.07226107226107226
1 0.44140625 0.2517482517482518 0.051562500000000004 0.08391608391608392
1 0.4921875 0.27972027972027974 0.03125 0.05128205128205128
0 0.041406250000000006 0.5944055944055944 0.07968750000000001 0.3916083916083916
0 0.096875 0.6048951048951049 0.096875 0.3333333333333333
0 0.16484375 0.583916083916084 0.1203125 0.30536130536130535
0 0.240625 0.5722610722610723 0.115625 0.28205128205128205
1 0.19140625 0.4114219114219114 0.045312500000000006 0.039627039627039624
1 0.041406250000000006 0.41375291375291373 0.0328125 0.039627039627039624
0 0.33906250000000004 0.5186480186480187 0.053125000000000006 0.21212121212121213
0 0.7156250000000001 0.5303030303030303 0.07187500000000001 0.08158508158508158
