0 0.05078125 0.953125 0.08281250000000001 0.09375
0 0.134375 0.920673076923077 0.096875 0.08653846153846154
0 0.31953125000000004 0.9122596153846154 0.09843750000000001 0.12740384615384617
0 0.33203125 0.8293269230769231 0.0734375 0.05288461538461539
0 0.8054687500000001 0.9074519230769231 0.0703125 0.10336538461538462
1 0.9398437500000001 0.8774038461538463 0.029687500000000002 0.057692307692307696
1 0.87109375 0.8822115384615385 0.0328125 0.04807692307692308
1 0.8914062500000001 0.8016826923076924 0.0203125 0.06009615384615385
1 0.63203125 0.734375 0.0203125 0.05048076923076923
1 0.5734375 0.7680288461538461 0.03125 0.040865384615384616
1 0.51875 0.7740384615384616 0.03125 0.11538461538461539
1 0.44921875 0.7824519230769231 0.0203125 0.11778846153846155
1 0.403125 0.7740384615384616 0.025 0.05288461538461539
1 0.37421875000000004 0.764423076923077 0.029687500000000002 0.057692307692307696
1 0.434375 0.7415865384615385 0.009375000000000001 0.040865384615384616
1 0.6984375 0.7355769230769231 0.028125 0.08653846153846154
1 0.67890625 0.733173076923077 0.0234375 0.10576923076923078
1 0.7109375 0.703125 0.018750000000000003 0.05528846153846154
1 0.7757812500000001 0.7139423076923077 0.0203125 0.04807692307692308
1 0.8445312500000001 0.7091346153846154 0.0171875 0.057692307692307696
1 0.9695312500000001 0.795673076923077 0.0171875 0.04807692307692308
1 0.9476562500000001 0.8221153846153847 0.0171875 0.02403846153846154
2 0.64765625 0.46634615384615385 0.060937500000000006 0.03365384615384616
0 0.50546875 0.623798076923077 0.045312500000000006 0.06490384615384616
1 0.4296875 0.6670673076923077 0.028125 0.06490384615384616
1 0.40234375 0.7007211538461539 0.0203125 0.07451923076923077
1 0.36640625000000004 0.6646634615384616 0.0171875 0.07451923076923077
1 0.3359375 0.7415865384615385 0.018750000000000003 0.07451923076923077
1 0.29140625000000003 0.7199519230769231 0.0203125 0.0889423076923077
1 0.31484375000000003 0.7355769230769231 0.0203125 0.09615384615384616
1 0.21953125 0.8137019230769231 0.026562500000000003 0.10336538461538462
1 0.56953125 0.6742788461538461 0.0203125 0.0889423076923077
1 0.5890625 0.6682692307692308 0.018750000000000003 0.057692307692307696
0 0.5828125000000001 0.6105769230769231 0.05 0.0625
0 0.6875 0.6129807692307693 0.05625 0.0625
0 0.46328125000000003 0.5048076923076923 0.0578125 0.04326923076923077
0 0.328125 0.6466346153846154 0.059375000000000004 0.07211538461538462
2 0.3796875 0.4254807692307693 0.046875 0.028846153846153848
0 0.36484375 0.5901442307692308 0.0484375 0.04567307692307693
0 0.46328125000000003 0.5060096153846154 0.0578125 0.040865384615384616
0 0.56796875 0.5012019230769231 0.0328125 0.05048076923076923
1 0.56953125 0.5048076923076923 0.0171875 0.04807692307692308
2 0.46328125000000003 0.3918269230769231 0.026562500000000003 0.014423076923076924
2 0.58515625 0.3942307692307693 0.0328125 0.019230769230769232
2 0.56875 0.3605769230769231 0.015625 0.009615384615384616
