1 0.454 0.7133333333333333 0.02 0.072
1 0.40700000000000003 0.7 0.018000000000000002 0.034666666666666665
1 0.378 0.708 0.016 0.04533333333333333
1 0.393 0.7093333333333333 0.018000000000000002 0.048
1 0.09 0.6213333333333333 0.036000000000000004 0.05333333333333333
1 0.115 0.6306666666666666 0.026000000000000002 0.04
1 0.5760000000000001 0.5746666666666667 0.016 0.018666666666666665
1 0.772 0.5293333333333333 0.016 0.029333333333333333
1 0.667 0.5533333333333333 0.01 0.04533333333333333
1 0.489 0.5733333333333334 0.018000000000000002 0.026666666666666665
1 0.275 0.5306666666666666 0.014 0.026666666666666665
