0 0.01640625 0.9433962264150944 0.029687500000000002 0.051886792452830184
0 0.05390625 0.972877358490566 0.045312500000000006 0.05424528301886792
0 0.065625 0.9304245283018867 0.037500000000000006 0.030660377358490566
0 0.1015625 0.9327830188679245 0.034375 0.04481132075471698
0 0.17343750000000002 0.9752358490566038 0.06875 0.04481132075471698
0 0.2390625 0.9775943396226414 0.053125000000000006 0.03537735849056604
0 0.29609375 0.9599056603773585 0.06406250000000001 0.051886792452830184
0 0.23984375000000002 0.9398584905660377 0.0484375 0.030660377358490566
0 0.2015625 0.9410377358490566 0.05 0.0330188679245283
0 0.17500000000000002 0.9139150943396226 0.028125 0.030660377358490566
0 0.209375 0.9115566037735848 0.03125 0.030660377358490566
0 0.10312500000000001 0.9846698113207547 0.043750000000000004 0.030660377358490566
0 0.38593750000000004 0.9528301886792453 0.096875 0.0660377358490566
0 0.47500000000000003 0.9870283018867925 0.08125 0.025943396226415092
0 0.48984375 0.9622641509433962 0.0671875 0.03773584905660377
0 0.5625 0.9870283018867925 0.065625 0.025943396226415092
0 0.5789062500000001 0.9115566037735848 0.08281250000000001 0.04952830188679245
0 0.6171875 0.9681603773584905 0.09375 0.06367924528301887
0 0.7000000000000001 0.9634433962264151 0.1 0.06839622641509434
0 0.7515625 0.9693396226415094 0.084375 0.06132075471698113
0 0.6781250000000001 0.9257075471698113 0.05 0.030660377358490566
0 0.4921875 0.9198113207547169 0.07187500000000001 0.03773584905660377
0 0.44062500000000004 0.8985849056603773 0.05 0.02830188679245283
0 0.40156250000000004 0.9080188679245282 0.034375 0.0330188679245283
0 0.36171875000000003 0.9033018867924528 0.0390625 0.03773584905660377
0 0.53046875 0.8797169811320754 0.0484375 0.0330188679245283
0 0.4921875 0.8726415094339622 0.03125 0.02830188679245283
0 0.609375 0.8808962264150944 0.065625 0.03537735849056604
0 0.7312500000000001 0.9009433962264151 0.05625 0.03773584905660377
0 0.83203125 0.9245283018867925 0.09531250000000001 0.04716981132075471
0 0.8984375 0.9186320754716981 0.07500000000000001 0.07783018867924528
0 0.9632812500000001 0.9268867924528301 0.0546875 0.06132075471698113
0 0.9578125000000001 0.8891509433962264 0.034375 0.06132075471698113
0 0.9859375 0.8867924528301886 0.028125 0.05660377358490566
0 0.9015625 0.8702830188679245 0.07500000000000001 0.02830188679245283
0 0.921875 0.8278301886792453 0.059375000000000004 0.0330188679245283
0 0.9929687500000001 0.8360849056603773 0.0140625 0.04481132075471698
0 0.8390625 0.8596698113207547 0.05625 0.04009433962264151
0 0.85859375 0.8266509433962264 0.0578125 0.030660377358490566
0 0.7273437500000001 0.8573113207547169 0.0546875 0.03537735849056604
0 0.7203125 0.8219339622641509 0.037500000000000006 0.03537735849056604
0 0.6109375 0.8808962264150944 0.059375000000000004 0.04481132075471698
0 0.034375 0.8596698113207547 0.053125000000000006 0.030660377358490566
