0 0.35234375 0.7847222222222222 0.1015625 0.13611111111111113
0 0.4 0.7430555555555556 0.07187500000000001 0.1527777777777778
0 0.5109375 0.7041666666666667 0.034375 0.06944444444444445
0 0.5578125 0.7083333333333334 0.018750000000000003 0.07222222222222223
0 0.70078125 0.7958333333333334 0.11406250000000001 0.15833333333333333
1 0.7000000000000001 0.8097222222222222 0.037500000000000006 0.18055555555555555
1 0.8625 0.7847222222222222 0.046875 0.19722222222222224
1 0.15234375 0.8083333333333333 0.029687500000000002 0.18888888888888888
1 0.20390625 0.7902777777777779 0.0421875 0.18611111111111112
1 0.62109375 0.7486111111111111 0.035937500000000004 0.13611111111111113
