0 0.08125 0.4770833333333333 0.15937500000000002 0.20416666666666666
0 0.1765625 0.45625 0.11875000000000001 0.16666666666666666
0 0.465625 0.5 0.359375 0.4666666666666667
0 0.5710937500000001 0.328125 0.27968750000000003 0.5395833333333333
0 0.74609375 0.38229166666666664 0.09531250000000001 0.13541666666666666
0 0.76875 0.3302083333333333 0.1 0.06041666666666667
0 0.87109375 0.321875 0.0734375 0.03125
1 0.24453125 0.40729166666666666 0.0390625 0.13125
1 0.21406250000000002 0.36666666666666664 0.034375 0.10416666666666667
2 0.31093750000000003 0.25729166666666664 0.025 0.06458333333333333
2 0.3328125 0.25104166666666666 0.018750000000000003 0.04791666666666666
1 0.84921875 0.40625 0.0390625 0.125
1 0.8171875000000001 0.4114583333333333 0.028125 0.12708333333333333
