2 0.7562500000000001 0.2916666666666667 0.05625 0.12083333333333333
2 0.5828125000000001 0.5635416666666666 0.021875000000000002 0.04375
2 0.5484375 0.6072916666666667 0.021875000000000002 0.04375
2 0.49375 0.5885416666666666 0.018750000000000003 0.04791666666666666
2 0.46953125 0.6229166666666667 0.0140625 0.03333333333333333
2 0.48203125 0.6291666666666667 0.0078125 0.029166666666666667
2 0.42734375 0.6 0.0203125 0.05
2 0.40703125 0.640625 0.0171875 0.03125
2 0.45 0.6447916666666667 0.015625 0.027083333333333334
2 0.34296875000000004 0.6 0.0234375 0.0375
2 0.328125 0.6395833333333333 0.015625 0.041666666666666664
2 0.2859375 0.6364583333333333 0.015625 0.035416666666666666
2 0.31015625 0.5791666666666666 0.0140625 0.041666666666666664
2 0.1953125 0.5885416666666666 0.021875000000000002 0.04791666666666666
2 0.25078125 0.63125 0.0234375 0.0375
2 0.2390625 0.6395833333333333 0.0125 0.03333333333333333
2 0.09609375 0.384375 0.060937500000000006 0.08125
0 0.8070312500000001 0.8385416666666666 0.38593750000000004 0.3229166666666667
0 0.50625 0.765625 0.16875 0.24791666666666667
0 0.60546875 0.725 0.0484375 0.058333333333333334
0 0.30859375 0.784375 0.1171875 0.13958333333333334
0 0.13046875 0.7739583333333333 0.2578125 0.26875
0 0.384375 0.7239583333333334 0.034375 0.04375
0 0.8609375 0.5729166666666666 0.275 0.2583333333333333
