2 0.63671875 0.4017199017199017 0.0421875 0.06633906633906633
2 0.553125 0.4054054054054054 0.043750000000000004 0.09336609336609336
2 0.67734375 0.4705159705159705 0.026562500000000003 0.04668304668304668
2 0.6234375000000001 0.4791154791154791 0.015625 0.044226044226044224
2 0.5578125 0.4791154791154791 0.025 0.0687960687960688
2 0.7984375 0.4606879606879607 0.025 0.06142506142506143
2 0.74921875 0.4705159705159705 0.0203125 0.04668304668304668
0 0.62265625 0.7800982800982801 0.3203125 0.3955773955773956
0 0.09062500000000001 0.7063882063882063 0.178125 0.21867321867321868
0 0.21953125 0.6793611793611793 0.11093750000000001 0.1597051597051597
0 0.31015625 0.6805896805896806 0.0921875 0.12776412776412777
