2 0.6000000000000001 0.11591695501730104 0.025 0.12110726643598617
2 0.42421875000000003 0.23875432525951557 0.0234375 0.08996539792387544
2 0.9187500000000001 0.18685121107266436 0.025 0.11764705882352941
0 0.07968750000000001 0.7352941176470589 0.14375000000000002 0.23875432525951557
0 0.029687500000000002 0.7647058823529412 0.053125000000000006 0.22145328719723184
0 0.14375000000000002 0.7093425605536332 0.07187500000000001 0.17993079584775087
0 0.246875 0.6764705882352942 0.05625 0.14878892733564014
0 0.41015625 0.6280276816608997 0.0484375 0.0726643598615917
0 0.45937500000000003 0.6868512110726643 0.065625 0.12802768166089964
0 0.53671875 0.7422145328719724 0.09843750000000001 0.18339100346020762
0 0.57265625 0.6591695501730104 0.0484375 0.10034602076124567
0 0.71015625 0.6539792387543253 0.11093750000000001 0.08304498269896193
0 0.6328125 0.6124567474048443 0.059375000000000004 0.06920415224913495
0 0.6890625 0.6193771626297578 0.1 0.06228373702422146
0 0.88203125 0.6799307958477508 0.0546875 0.16262975778546712
0 0.94140625 0.7024221453287197 0.060937500000000006 0.1384083044982699
0 0.984375 0.6695501730103807 0.025 0.23183391003460208
2 0.8125 0.5190311418685122 0.021875000000000002 0.08996539792387544
2 0.8828125 0.5242214532871973 0.0125 0.06574394463667821
2 0.8984375 0.5311418685121108 0.009375000000000001 0.06574394463667821
2 0.89609375 0.45674740484429066 0.0140625 0.06228373702422146
