0 0.0859375 0.779552715654952 0.13125 0.17252396166134185
0 0.23984375000000002 0.779552715654952 0.0921875 0.14696485623003194
0 0.3296875 0.7779552715654952 0.07187500000000001 0.13738019169329074
0 0.48203125 0.8003194888178914 0.18906250000000002 0.2460063897763578
0 0.240625 0.6549520766773163 0.14375000000000002 0.07667731629392971
0 0.57421875 0.7252396166134185 0.08281250000000001 0.11501597444089456
0 0.49609375 0.6869009584664536 0.0671875 0.08306709265175719
0 0.6843750000000001 0.7156549520766773 0.078125 0.10223642172523961
0 0.7351562500000001 0.7300319488817891 0.0328125 0.09904153354632587
1 0.1046875 0.6357827476038338 0.037500000000000006 0.08945686900958466
1 0.24609375 0.6357827476038338 0.029687500000000002 0.07028753993610223
1 0.3171875 0.6565495207667731 0.03125 0.06070287539936102
1 0.3484375 0.6405750798722044 0.015625 0.04153354632587859
1 0.38203125000000004 0.6485623003194888 0.0140625 0.04472843450479233
1 0.6078125000000001 0.6853035143769968 0.0125 0.03514376996805112
1 0.62890625 0.6916932907348242 0.0140625 0.054313099041533544
1 0.6820312500000001 0.6980830670926518 0.0203125 0.04792332268370607
1 0.765625 0.694888178913738 0.009375000000000001 0.04153354632587859
1 0.775 0.7028753993610224 0.018750000000000003 0.038338658146964855
1 0.8109375000000001 0.6980830670926518 0.015625 0.04792332268370607
1 0.8250000000000001 0.7124600638977635 0.0125 0.04472843450479233
1 0.8421875000000001 0.7236421725239617 0.015625 0.09904153354632587
1 0.8695312500000001 0.7044728434504792 0.0140625 0.0670926517571885
1 0.8812500000000001 0.7076677316293929 0.015625 0.06070287539936102
1 0.9031250000000001 0.7028753993610224 0.015625 0.05750798722044728
1 0.946875 0.6932907348242812 0.0125 0.025559105431309903
2 0.98359375 0.5191693290734825 0.0140625 0.054313099041533544
2 0.9304687500000001 0.5207667731629393 0.0140625 0.04472843450479233
