0 0.251 0.7027027027027027 0.34600000000000003 0.4144144144144144
0 0.449 0.6261261261261262 0.23 0.3333333333333333
1 0.643 0.4519519519519519 0.066 0.08108108108108109
1 0.609 0.4294294294294294 0.042 0.07807807807807808
0 0.68 0.7162162162162162 0.152 0.2852852852852853
0 0.035 0.46996996996997 0.066 0.5075075075075075
0 0.199 0.42792792792792794 0.09 0.1111111111111111
0 0.381 0.4084084084084084 0.078 0.0960960960960961
0 0.8190000000000001 0.3963963963963964 0.262 0.3483483483483483
1 0.97 0.47897897897897895 0.036000000000000004 0.2012012012012012
0 0.553 0.4249249249249249 0.062 0.06906906906906907
2 0.505 0.2807807807807808 0.03 0.05105105105105105
2 0.537 0.28678678678678676 0.026000000000000002 0.04504504504504504
2 0.49 0.2957957957957958 0.016 0.02702702702702703
2 0.355 0.3048048048048048 0.026000000000000002 0.04504504504504504
2 0.331 0.3048048048048048 0.018000000000000002 0.04504504504504504
2 0.28600000000000003 0.1831831831831832 0.02 0.04804804804804805
2 0.148 0.25225225225225223 0.016 0.03003003003003003
2 0.136 0.26126126126126126 0.012 0.018018018018018018
2 0.184 0.32432432432432434 0.012 0.024024024024024024
2 0.198 0.3228228228228228 0.012 0.02702702702702703
2 0.935 0.08708708708708708 0.074 0.16216216216216217
2 0.99 0.1006006006006006 0.02 0.17717717717717718
