1 0.07890625000000001 0.19953051643192488 0.045312500000000006 0.1643192488262911
1 0.15156250000000002 0.22065727699530516 0.059375000000000004 0.23943661971830987
1 0.21484375 0.19014084507042253 0.0671875 0.12206572769953052
1 0.27734375 0.19131455399061034 0.0671875 0.17605633802816903
1 0.35468750000000004 0.1936619718309859 0.040625 0.10093896713615023
1 0.44062500000000004 0.1960093896713615 0.028125 0.15258215962441316
0 0.83125 0.3755868544600939 0.178125 0.26760563380281693
0 0.9281250000000001 0.7288732394366197 0.14375000000000002 0.5422535211267606
0 0.59609375 0.6408450704225352 0.43593750000000003 0.37089201877934275
0 0.6671875 0.36502347417840375 0.140625 0.17136150234741784
0 0.54296875 0.33215962441314556 0.1421875 0.12910798122065728
0 0.2984375 0.471830985915493 0.46875 0.3145539906103286
