1 0.88203125 0.6260416666666666 0.0578125 0.2520833333333333
1 0.8304687500000001 0.5885416666666666 0.045312500000000006 0.19791666666666666
1 0.7718750000000001 0.5541666666666667 0.03125 0.1
1 0.7406250000000001 0.5135416666666667 0.015625 0.04791666666666666
1 0.7562500000000001 0.5145833333333333 0.021875000000000002 0.041666666666666664
1 0.12578125 0.5614583333333333 0.029687500000000002 0.06458333333333333
1 0.047656250000000004 0.5677083333333334 0.0421875 0.08958333333333333
1 0.0921875 0.553125 0.034375 0.07708333333333334
0 0.21406250000000002 0.5520833333333334 0.043750000000000004 0.0625
0 0.14453125 0.5416666666666666 0.0765625 0.0625
0 0.3328125 0.49374999999999997 0.515625 0.6041666666666666
0 0.6531250000000001 0.4947916666666667 0.16875 0.3729166666666667
0 0.90234375 0.42916666666666664 0.1953125 0.3333333333333333
