0 0.5770833333333333 0.16953125000000002 0.2833333333333333 0.2328125
0 0.25 0.5046875000000001 0.37083333333333335 0.35625
0 0.035416666666666666 0.7859375000000001 0.06666666666666667 0.153125
1 0.84375 0.1421875 0.05 0.1375
1 0.9083333333333333 0.16171875000000002 0.058333333333333334 0.1171875
1 0.9635416666666666 0.115625 0.04375 0.13125
1 0.9635416666666666 0.035937500000000004 0.052083333333333336 0.037500000000000006
1 0.9093749999999999 0.403125 0.06041666666666667 0.1375
1 0.9635416666666666 0.45546875000000003 0.07291666666666667 0.0671875
1 0.7833333333333333 0.703125 0.06666666666666667 0.078125
1 0.5739583333333333 0.5515625000000001 0.09375 0.08750000000000001
