0 0.1125 0.81640625 0.21666666666666667 0.16718750000000002
0 0.24479166666666666 0.7953125000000001 0.09791666666666667 0.059375000000000004
0 0.35104166666666664 0.7859375000000001 0.09791666666666667 0.05
0 0.4114583333333333 0.7734375 0.052083333333333336 0.053125000000000006
0 0.6625 0.78125 0.05 0.05625
0 0.71875 0.7992187500000001 0.04583333333333333 0.0734375
0 0.8520833333333333 0.7796875000000001 0.20416666666666666 0.07500000000000001
0 0.896875 0.9 0.20625 0.2
2 0.51875 0.640625 0.05416666666666667 0.05625
2 0.4770833333333333 0.7265625 0.016666666666666666 0.025
0 0.584375 0.76875 0.04375 0.03125
2 0.5625 0.72578125 0.008333333333333333 0.0234375
2 0.546875 0.74921875 0.014583333333333334 0.0234375
