1 0.9440000000000001 0.8233532934131736 0.07200000000000001 0.281437125748503
0 0.171 0.8832335329341318 0.266 0.2095808383233533
0 0.336 0.8652694610778444 0.12 0.18562874251497008
0 0.428 0.8562874251497007 0.092 0.15568862275449102
0 0.47500000000000003 0.8263473053892216 0.09 0.16766467065868265
0 0.544 0.8338323353293414 0.048 0.11676646706586827
0 0.589 0.8188622754491018 0.054 0.10479041916167665
0 0.633 0.7979041916167665 0.038 0.09880239520958084
0 0.666 0.7904191616766467 0.044 0.08982035928143713
0 0.719 0.7709580838323353 0.034 0.062874251497006
0 0.6960000000000001 0.7904191616766467 0.036000000000000004 0.07784431137724551
0 0.8290000000000001 0.7559880239520959 0.026000000000000002 0.038922155688622756
