2 0.30546875 0.13317191283292978 0.1015625 0.07263922518159807
0 0.87890625 0.7772397094430993 0.15781250000000002 0.24213075060532688
0 0.75546875 0.7917675544794189 0.0734375 0.1549636803874092
0 0.7078125000000001 0.7760290556900726 0.046875 0.11380145278450364
0 0.7015625000000001 0.6610169491525424 0.10312500000000001 0.08716707021791768
0 0.634375 0.7796610169491526 0.109375 0.18401937046004843
0 0.55859375 0.801452784503632 0.0390625 0.12590799031476999
0 0.5390625 0.8087167070217918 0.034375 0.13075060532687652
0 0.5125000000000001 0.8026634382566586 0.028125 0.1089588377723971
2 0.56875 0.6815980629539952 0.03125 0.02179176755447942
0 0.40546875000000004 0.7966101694915254 0.07968750000000001 0.13075060532687652
2 0.40703125 0.6961259079903148 0.0328125 0.031476997578692496
2 0.3140625 0.7445520581113801 0.015625 0.031476997578692496
1 0.3453125 0.8196125907990315 0.015625 0.07021791767554479
0 0.46171875 0.7917675544794189 0.0171875 0.03389830508474576
