1 0.38593750000000004 0.3635097493036212 0.1125 0.2924791086350975
1 0.45546875000000003 0.3398328690807799 0.0546875 0.22284122562674094
1 0.5109375 0.33565459610027853 0.06875 0.20891364902506965
1 0.5554687500000001 0.30362116991643456 0.026562500000000003 0.08356545961002786
1 0.8203125 0.49025069637883006 0.16562500000000002 0.9749303621169917
1 0.9398437500000001 0.5 0.1203125 0.9944289693593314
1 0.65390625 0.35097493036211697 0.07968750000000001 0.5069637883008357
1 0.7093750000000001 0.2701949860724234 0.03125 0.1392757660167131
1 0.7453125 0.2994428969359331 0.021875000000000002 0.06963788300835655
1 0.7671875 0.29108635097493035 0.018750000000000003 0.04735376044568245
1 0.59296875 0.19637883008356546 0.0578125 0.11420612813370473
1 0.51796875 0.17688022284122562 0.06406250000000001 0.09192200557103064
1 0.5578125 0.13788300835654596 0.025 0.09192200557103064
