1 0.7581699346405228 0.7246732026143791 0.39215686274509803 0.41013071895424835
1 0.16830065359477125 0.6854575163398693 0.2679738562091503 0.3415032679738562
1 0.09313725490196079 0.25980392156862747 0.17320261437908496 0.4444444444444445
1 0.20506535947712418 0.1519607843137255 0.08660130718954248 0.25163398692810457
1 0.26143790849673204 0.09558823529411765 0.04575163398692811 0.1323529411764706
1 0.34068627450980393 0.19362745098039216 0.09313725490196079 0.3480392156862745
1 0.7156862745098039 0.1519607843137255 0.10784313725490197 0.13398692810457516
1 0.630718954248366 0.1119281045751634 0.09477124183006536 0.10620915032679738
1 0.4011437908496732 0.8611111111111112 0.03431372549019608 0.08823529411764706
1 0.36356209150326796 0.8472222222222222 0.04084967320261438 0.08333333333333334
