2 0.33671875 0.7219626168224299 0.0921875 0.0514018691588785
2 0.47265625 0.7137850467289719 0.0859375 0.04439252336448598
2 0.6140625000000001 0.7137850467289719 0.10312500000000001 0.04439252336448598
0 0.8968750000000001 0.9205607476635513 0.19375 0.14018691588785046
0 0.74375 0.9591121495327102 0.096875 0.06775700934579439
2 0.753125 0.8925233644859812 0.028125 0.037383177570093455
0 0.5765625 0.9602803738317757 0.09062500000000001 0.06542056074766354
0 0.41484375 0.8995327102803737 0.1234375 0.06074766355140186
0 0.44140625 0.9544392523364486 0.1796875 0.07710280373831775
0 0.2984375 0.9521028037383177 0.059375000000000004 0.07242990654205607
0 0.15781250000000002 0.9684579439252335 0.125 0.0630841121495327
0 0.21796875000000002 0.9264018691588785 0.0765625 0.04906542056074766
0 0.07421875 0.9088785046728971 0.1171875 0.17757009345794392
