1 0.5515625000000001 0.6967213114754098 0.07500000000000001 0.32084309133489464
1 0.6179687500000001 0.689695550351288 0.0671875 0.3395784543325527
1 0.8078125 0.6487119437939111 0.10312500000000001 0.48243559718969553
1 0.9382812500000001 0.6088992974238876 0.060937500000000006 0.3185011709601874
1 0.88828125 0.5784543325526932 0.0578125 0.22014051522248243
1 0.8296875 0.47892271662763464 0.028125 0.06791569086651054
1 0.7296875 0.6159250585480094 0.05 0.2997658079625293
1 0.66796875 0.5960187353629977 0.060937500000000006 0.30210772833723654
1 0.5015625 0.5573770491803278 0.040625 0.17330210772833723
1 0.56796875 0.4894613583138173 0.0484375 0.09367681498829039
1 0.46718750000000003 0.5526932084309133 0.03125 0.20608899297423888
1 0.53125 0.4566744730679157 0.037500000000000006 0.06088992974238876
0 0.2265625 0.531615925058548 0.4 0.5901639344262295
