2 0.8445312500000001 0.20422535211267606 0.1296875 0.24413145539906103
2 0.34765625 0.31338028169014087 0.0671875 0.1431924882629108
2 0.2 0.363849765258216 0.0625 0.12206572769953052
0 0.27421875 0.931924882629108 0.38906250000000003 0.12206572769953052
0 0.1015625 0.8943661971830986 0.15937500000000002 0.0892018779342723
0 0.43203125000000003 0.8708920187793427 0.0765625 0.046948356807511735
0 0.40625 0.8321596244131455 0.10312500000000001 0.07746478873239437
0 0.7484375000000001 0.897887323943662 0.12812500000000002 0.11971830985915494
0 0.8 0.8169014084507042 0.115625 0.13615023474178403
0 0.6960937500000001 0.8450704225352113 0.0484375 0.06572769953051644
0 0.5085937500000001 0.8650234741784038 0.051562500000000004 0.04460093896713615
0 0.4890625 0.8427230046948357 0.043750000000000004 0.028169014084507043
0 0.5578125 0.852112676056338 0.040625 0.03755868544600939
