1 0.85703125 0.6135416666666667 0.15781250000000002 0.7729166666666667
1 0.9382812500000001 0.36354166666666665 0.07968750000000001 0.23124999999999998
1 0.8015625000000001 0.4239583333333333 0.05 0.16875
1 0.63046875 0.3020833333333333 0.026562500000000003 0.12916666666666665
1 0.66953125 0.51875 0.1265625 0.55
1 0.5359375000000001 0.48020833333333335 0.14375000000000002 0.48125
1 0.3796875 0.5541666666666667 0.225 0.8541666666666666
1 0.2828125 0.4395833333333333 0.08125 0.39166666666666666
1 0.1328125 0.7135416666666666 0.25 0.56875
1 0.10390625 0.3697916666666667 0.07968750000000001 0.20208333333333334
1 0.20546875 0.35520833333333335 0.0484375 0.13541666666666666
