1 0.9562499999999999 0.7984375 0.07916666666666666 0.2
1 0.11666666666666667 0.72421875 0.020833333333333332 0.06406250000000001
1 0.14375 0.7203125 0.0375 0.07187500000000001
1 0.2739583333333333 0.7078125000000001 0.04791666666666666 0.025
1 0.3489583333333333 0.7132812500000001 0.052083333333333336 0.029687500000000002
1 0.4239583333333333 0.71015625 0.06041666666666667 0.0390625
1 0.515625 0.6984375 0.04375 0.059375000000000004
1 0.5572916666666666 0.7109375 0.052083333333333336 0.025
0 0.8135416666666666 0.7039062500000001 0.18125 0.1015625
0 0.23020833333333332 0.6976562500000001 0.035416666666666666 0.0484375
