1 0.58984375 0.7915690866510539 0.1203125 0.40749414519906324
1 0.8921875 0.8208430913348946 0.1875 0.34894613583138173
1 0.45937500000000003 0.870023419203747 0.125 0.2459016393442623
1 0.31953125000000004 0.8770491803278688 0.11406250000000001 0.2459016393442623
1 0.15000000000000002 0.6545667447306791 0.28125 0.6768149882903981
1 0.0328125 0.9320843091334895 0.0625 0.09836065573770492
1 0.5007812500000001 0.572599531615925 0.0390625 0.15690866510538642
1 0.53671875 0.5737704918032787 0.0328125 0.17330210772833723
1 0.56640625 0.5714285714285714 0.026562500000000003 0.10772833723653395
1 0.6000000000000001 0.5690866510538641 0.03125 0.05152224824355972
1 0.7015625000000001 0.5913348946135831 0.025 0.06791569086651054
1 0.27578125000000003 0.32669789227166274 0.0234375 0.04918032786885246
1 0.15234375 0.2892271662763466 0.0203125 0.053864168618266976
1 0.13593750000000002 0.21194379391100704 0.018750000000000003 0.0351288056206089
1 0.15390625000000002 0.20491803278688525 0.0203125 0.03044496487119438
1 0.6117187500000001 0.2892271662763466 0.0671875 0.10070257611241218
1 0.59140625 0.12997658079625293 0.0171875 0.02576112412177986
1 0.60703125 0.1252927400468384 0.0078125 0.02107728337236534
1 0.6218750000000001 0.13466042154566746 0.021875000000000002 0.03044496487119438
1 0.8367187500000001 0.07142857142857142 0.0140625 0.02576112412177986
1 0.8609375 0.059718969555035126 0.018750000000000003 0.0351288056206089
1 0.340625 0.4426229508196721 0.021875000000000002 0.03747072599531616
1 0.290625 0.4274004683840749 0.0125 0.02107728337236534
