2 0.808 0.19314641744548286 0.032 0.11838006230529595
2 0.112 0.1588785046728972 0.028 0.12461059190031153
2 0.25 0.21339563862928349 0.044 0.040498442367601244
2 0.292 0.22741433021806853 0.032 0.03115264797507788
2 0.716 0.22118380062305296 0.08 0.03115264797507788
2 0.382 0.22897196261682243 0.048 0.021806853582554516
0 0.14400000000000002 0.9392523364485981 0.168 0.10903426791277258
0 0.35000000000000003 0.9205607476635513 0.17200000000000001 0.14641744548286603
0 0.637 0.9221183800623053 0.138 0.1557632398753894
0 0.531 0.8691588785046729 0.078 0.16199376947040497
0 0.834 0.954828660436137 0.16 0.07165109034267912
0 0.898 0.9143302180685358 0.128 0.16510903426791276
0 0.937 0.7476635514018691 0.126 0.3115264797507788
0 0.753 0.8068535825545171 0.126 0.13707165109034267
0 0.838 0.7616822429906542 0.10400000000000001 0.10903426791277258
0 0.803 0.6635514018691588 0.11800000000000001 0.08722741433021806
0 0.7000000000000001 0.6557632398753894 0.08 0.102803738317757
0 0.739 0.5872274143302181 0.07 0.04672897196261682
0 0.679 0.573208722741433 0.058 0.04984423676012461
0 0.656 0.5062305295950156 0.068 0.04672897196261682
0 0.72 0.5186915887850467 0.052000000000000005 0.040498442367601244
0 0.8220000000000001 0.5109034267912772 0.1 0.09345794392523364
0 0.533 0.7258566978193146 0.134 0.1557632398753894
0 0.56 0.6308411214953271 0.084 0.07165109034267912
0 0.544 0.5825545171339563 0.064 0.04361370716510903
0 0.543 0.5451713395638629 0.058 0.04361370716510903
0 0.544 0.5109034267912772 0.08 0.07476635514018691
0 0.488 0.49221183800623053 0.04 0.07476635514018691
0 0.433 0.5965732087227414 0.038 0.102803738317757
0 0.451 0.5607476635514018 0.05 0.09345794392523364
0 0.442 0.4517133956386293 0.06 0.04984423676012461
0 0.34900000000000003 0.5763239875389408 0.138 0.1806853582554517
0 0.323 0.7118380062305296 0.138 0.12149532710280374
0 0.333 0.7990654205607476 0.122 0.07165109034267912
0 0.077 0.8146417445482865 0.134 0.12149532710280374
0 0.156 0.7741433021806854 0.116 0.14641744548286603
0 0.14300000000000002 0.6697819314641744 0.126 0.14953271028037382
0 0.221 0.6744548286604362 0.05 0.13395638629283488
0 0.229 0.5965732087227414 0.082 0.102803738317757
0 0.264 0.5109034267912772 0.056 0.07476635514018691
0 0.231 0.45794392523364486 0.078 0.06853582554517133
0 0.15 0.5482866043613707 0.064 0.07476635514018691
0 0.028 0.6791277258566978 0.052000000000000005 0.06853582554517133
0 0.27 0.37850467289719625 0.07200000000000001 0.102803738317757
0 0.324 0.37538940809968846 0.036000000000000004 0.059190031152647975
0 0.419 0.3691588785046729 0.034 0.0529595015576324
0 0.372 0.40498442367601245 0.032 0.03115264797507788
0 0.34900000000000003 0.4532710280373832 0.038 0.0529595015576324
0 0.528 0.4143302180685358 0.044 0.06230529595015576
0 0.577 0.4127725856697819 0.046 0.06542056074766354
0 0.631 0.411214953271028 0.034 0.056074766355140186
0 0.675 0.40031152647975077 0.058 0.10903426791277258
0 0.749 0.40031152647975077 0.08600000000000001 0.09657320872274143
0 0.485 0.3894080996884735 0.034 0.056074766355140186
0 0.515 0.35358255451713394 0.03 0.040498442367601244
0 0.525 0.32866043613707163 0.03 0.04672897196261682
0 0.548 0.32866043613707163 0.016 0.04672897196261682
0 0.5720000000000001 0.3317757009345794 0.02 0.028037383177570093
0 0.453 0.26479750778816197 0.022 0.024922118380062305
0 0.452 0.3037383177570093 0.028 0.040498442367601244
0 0.482 0.2881619937694704 0.024 0.028037383177570093
0 0.531 0.24610591900311526 0.022 0.04361370716510903
0 0.505 0.2336448598130841 0.018000000000000002 0.03115264797507788
0 0.487 0.21962616822429906 0.014 0.028037383177570093
0 0.455 0.16199376947040497 0.022 0.024922118380062305
0 0.491 0.14174454828660435 0.018000000000000002 0.021806853582554516
0 0.519 0.1573208722741433 0.022 0.021806853582554516
