2 0.27734375 0.07291666666666667 0.06406250000000001 0.12916666666666665
2 0.59765625 0.075 0.06406250000000001 0.14583333333333334
0 0.16484375 0.7677083333333333 0.1703125 0.11458333333333333
0 0.33203125 0.7208333333333333 0.1390625 0.12083333333333333
0 0.4390625 0.7322916666666667 0.065625 0.08958333333333333
0 0.48828125 0.696875 0.029687500000000002 0.05625
0 0.52109375 0.6947916666666667 0.029687500000000002 0.06041666666666667
0 0.5554687500000001 0.6927083333333334 0.029687500000000002 0.06041666666666667
0 0.57421875 0.6875 0.035937500000000004 0.04583333333333333
0 0.821875 0.7427083333333333 0.07187500000000001 0.10208333333333333
0 0.76328125 0.6854166666666667 0.029687500000000002 0.03333333333333333
0 0.7171875000000001 0.6875 0.03125 0.03333333333333333
2 0.8031250000000001 0.5979166666666667 0.015625 0.029166666666666667
2 0.8406250000000001 0.603125 0.015625 0.03125
