2 0.94921875 0.3878504672897196 0.045312500000000006 0.07476635514018691
2 0.89609375 0.3586448598130841 0.035937500000000004 0.12383177570093457
0 0.3828125 0.4392523364485981 0.03125 0.07009345794392523
0 0.28359375000000003 0.5502336448598131 0.24531250000000002 0.26869158878504673
0 0.140625 0.6869158878504672 0.19687500000000002 0.2616822429906542
1 0.134375 0.6191588785046729 0.078125 0.397196261682243
0 0.051562500000000004 0.594626168224299 0.1 0.24999999999999997
0 0.09062500000000001 0.4626168224299065 0.07187500000000001 0.05607476635514018
1 0.8601562500000001 0.5245327102803737 0.035937500000000004 0.10981308411214953
1 0.9578125000000001 0.5560747663551402 0.037500000000000006 0.13551401869158877
