2 0.5858823529411764 0.3359375 0.2588235294117647 0.134375
2 0.3847058823529411 0.37031250000000004 0.12470588235294117 0.08750000000000001
2 0.2352941176470588 0.1484375 0.1411764705882353 0.22187500000000002
1 0.036470588235294116 0.74375 0.06823529411764705 0.37812500000000004
1 0.04470588235294117 0.5437500000000001 0.05647058823529411 0.053125000000000006
1 0.19882352941176468 0.6976562500000001 0.12941176470588234 0.3328125
1 0.3576470588235294 0.58203125 0.10352941176470587 0.2078125
1 0.1176470588235294 0.521875 0.07529411764705882 0.05625
1 0.23764705882352938 0.5085937500000001 0.047058823529411764 0.045312500000000006
0 0.49999999999999994 0.665625 0.10588235294117646 0.084375
