2 0.6625000000000001 0.5972602739726027 0.018750000000000003 0.0547945205479452
2 0.6265625 0.5739726027397261 0.0125 0.030136986301369864
2 0.59296875 0.563013698630137 0.0078125 0.024657534246575342
2 0.51328125 0.4794520547945206 0.0171875 0.038356164383561646
0 0.58828125 0.7068493150684931 0.029687500000000002 0.0547945205479452
0 0.7453125 0.6972602739726027 0.0625 0.04657534246575343
0 0.790625 0.6808219178082192 0.040625 0.052054794520547946
0 0.9125000000000001 0.7136986301369863 0.05625 0.052054794520547946
0 0.9773437500000001 0.7219178082191781 0.045312500000000006 0.057534246575342465
1 0.4765625 0.673972602739726 0.009375000000000001 0.03287671232876713
1 0.5015625 0.6698630136986301 0.0125 0.03561643835616438
