2 0.93515625 0.43647058823529405 0.060937500000000006 0.11058823529411764
2 0.98203125 0.5388235294117647 0.035937500000000004 0.1411764705882353
2 0.8828125 0.40352941176470586 0.05 0.20470588235294115
0 0.9007812500000001 0.7858823529411764 0.1953125 0.24470588235294116
0 0.7781250000000001 0.7070588235294117 0.125 0.09176470588235293
0 0.049218750000000006 0.72 0.09531250000000001 0.2117647058823529
0 0.1125 0.72 0.096875 0.1788235294117647
0 0.46953125 0.528235294117647 0.6390625000000001 0.7364705882352941
1 0.6953125 0.3211764705882353 0.053125000000000006 0.09647058823529411
1 0.64375 0.3247058823529411 0.053125000000000006 0.08470588235294117
1 0.5984375000000001 0.3329411764705882 0.043750000000000004 0.10117647058823528
1 0.5320312500000001 0.328235294117647 0.0421875 0.08705882352941176
1 0.8578125000000001 0.6588235294117647 0.03125 0.06117647058823529
1 0.8890625000000001 0.6576470588235294 0.021875000000000002 0.025882352941176467
1 0.7984375 0.6529411764705881 0.025 0.039999999999999994
1 0.953125 0.6458823529411765 0.025 0.039999999999999994
1 0.9765625 0.6517647058823529 0.021875000000000002 0.028235294117647056
1 0.18203125 0.3764705882352941 0.029687500000000002 0.09411764705882353
1 0.203125 0.4094117647058823 0.028125 0.03764705882352941
1 0.2328125 0.38705882352941173 0.021875000000000002 0.04470588235294117
1 0.25546875 0.37882352941176467 0.0203125 0.03764705882352941
1 0.31562500000000004 0.36235294117647054 0.028125 0.047058823529411764
1 0.3453125 0.3576470588235294 0.025 0.051764705882352935
