2 0.25644028103044497 0.74375 0.053864168618266976 0.046875
2 0.03629976580796253 0.84921875 0.0351288056206089 0.0484375
2 0.7096018735362998 0.84765625 0.03278688524590164 0.0328125
2 0.5140515222482436 0.7835937500000001 0.0351288056206089 0.035937500000000004
2 0.2927400468384075 0.81953125 0.03278688524590164 0.029687500000000002
2 0.1405152224824356 0.81640625 0.03278688524590164 0.0203125
2 0.13700234192037472 0.84140625 0.01639344262295082 0.0171875
2 0.20725995316159251 0.853125 0.011709601873536299 0.018750000000000003
0 0.5667447306791569 0.915625 0.2107728337236534 0.096875
1 0.788056206088993 0.92890625 0.053864168618266976 0.0734375
1 0.927400468384075 0.9234375 0.03747072599531616 0.065625
1 0.1791569086651054 0.92734375 0.03044496487119438 0.06406250000000001
0 0.1451990632318501 0.90625 0.05152224824355972 0.034375
0 0.07962529274004684 0.90390625 0.05152224824355972 0.0234375
2 0.32435597189695553 0.87890625 0.01639344262295082 0.0171875
