2 0.17500000000000002 0.23066666666666666 0.07 0.22133333333333333
1 0.028 0.6413333333333333 0.052000000000000005 0.27999999999999997
1 0.096 0.568 0.036000000000000004 0.11733333333333333
1 0.134 0.5546666666666666 0.032 0.09066666666666666
1 0.41300000000000003 0.568 0.046 0.09066666666666666
0 0.7010000000000001 0.7253333333333333 0.302 0.24533333333333332
0 0.9440000000000001 0.624 0.112 0.13866666666666666
0 0.834 0.6333333333333333 0.136 0.12533333333333332
0 0.711 0.58 0.082 0.06666666666666667
2 0.6 0.424 0.044 0.08533333333333333
0 0.522 0.5626666666666666 0.052000000000000005 0.06933333333333333
0 0.484 0.5613333333333334 0.028 0.056
0 0.315 0.576 0.07 0.07466666666666666
0 0.418 0.6573333333333333 0.136 0.08266666666666667
2 0.9380000000000001 0.3506666666666667 0.052000000000000005 0.14133333333333334
2 0.987 0.3466666666666667 0.026000000000000002 0.16533333333333333
