1 0.73359375 0.621676891615542 0.2390625 0.37627811860940696
1 0.296875 0.7392638036809817 0.21875 0.44785276073619634
1 0.06953125 0.3568507157464213 0.1171875 0.5051124744376279
1 0.20078125000000002 0.29856850715746425 0.1078125 0.15950920245398775
1 0.4453125 0.15644171779141106 0.059375000000000004 0.07566462167689163
1 0.51875 0.2208588957055215 0.05 0.114519427402863
1 0.64375 0.16973415132924338 0.12187500000000001 0.2699386503067485
1 0.7820312500000001 0.32106339468302664 0.08281250000000001 0.17995910020449898
1 0.8140625 0.2014314928425358 0.046875 0.07157464212678938
1 0.8773437500000001 0.16359918200409 0.0890625 0.2862985685071575
