1 0.492 0.509771986970684 0.228 0.7068403908794788
1 0.672 0.4429967426710098 0.108 0.3713355048859935
1 0.299 0.26058631921824105 0.054 0.11726384364820848
1 0.227 0.26221498371335505 0.074 0.10097719869706841
1 0.197 0.18566775244299674 0.062 0.10423452768729642
1 0.146 0.2214983713355049 0.068 0.1758957654723127
1 0.09 0.250814332247557 0.048 0.09120521172638436
1 0.036000000000000004 0.252442996742671 0.056 0.09446254071661238
1 0.645 0.11237785016286646 0.054 0.1270358306188925
1 0.733 0.1254071661237785 0.054 0.1205211726384365
1 0.774 0.0993485342019544 0.024 0.055374592833876225
1 0.803 0.12866449511400652 0.03 0.09446254071661238
1 0.902 0.13192182410423453 0.048 0.10097719869706841
1 0.9490000000000001 0.1205211726384365 0.038 0.10423452768729642
1 0.983 0.10260586319218241 0.034 0.11400651465798047
1 0.313 0.13029315960912052 0.046 0.06514657980456026
