2 0.42578125 0.11214953271028036 0.0671875 0.1822429906542056
2 0.8484375000000001 0.4252336448598131 0.0625 0.10747663551401869
0 0.153125 0.7348130841121495 0.140625 0.05841121495327102
0 0.44375000000000003 0.7301401869158878 0.1375 0.06775700934579439
2 0.0125 0.5607476635514018 0.018750000000000003 0.06074766355140186
2 0.07968750000000001 0.6728971962616822 0.021875000000000002 0.0794392523364486
0 0.7625000000000001 0.8200934579439252 0.47500000000000003 0.35046728971962615
0 0.032031250000000004 0.7383177570093458 0.060937500000000006 0.06542056074766354
1 0.013281250000000001 0.772196261682243 0.0234375 0.12850467289719625
1 0.23671875 0.7091121495327102 0.0171875 0.06775700934579439
0 0.39765625000000004 0.6915887850467289 0.0328125 0.04205607476635514
1 0.88046875 0.6962616822429906 0.0703125 0.1822429906542056
1 0.91015625 0.6892523364485981 0.0484375 0.1822429906542056
1 0.77265625 0.6670560747663551 0.035937500000000004 0.053738317757009345
0 0.4765625 0.6448598130841121 0.015625 0.02803738317757009
