2 0.85078125 0.3614583333333333 0.0203125 0.06875
1 0.4609375 0.60625 0.05625 0.09166666666666666
1 0.321875 0.42604166666666665 0.059375000000000004 0.15625
2 0.17890625000000002 0.128125 0.1421875 0.2520833333333333
2 0.284375 0.12708333333333333 0.08125 0.22083333333333333
0 0.27890625 0.4875 0.3359375 0.25416666666666665
0 0.753125 0.6 0.40937500000000004 0.3
1 0.5984375000000001 0.45625 0.037500000000000006 0.0625
1 0.50625 0.4708333333333333 0.028125 0.1375
0 0.9031250000000001 0.471875 0.10625000000000001 0.11458333333333333
0 0.5546875 0.48854166666666665 0.046875 0.07291666666666667
