1 0.17951541850220265 0.54609375 0.22687224669603526 0.13593750000000002
1 0.06607929515418502 0.49453125000000003 0.11894273127753305 0.1328125
1 0.4394273127753304 0.46718750000000003 0.2533039647577093 0.3375
1 0.8215859030837005 0.3796875 0.3348017621145375 0.24375000000000002
1 0.7896475770925111 0.23515625 0.29735682819383263 0.0890625
1 0.9151982378854626 0.08203125 0.12555066079295155 0.1609375
1 0.788546255506608 0.1328125 0.14096916299559473 0.125
1 0.6817180616740088 0.16015625 0.10792951541850221 0.0484375
1 0.49339207048458156 0.12890625 0.05726872246696036 0.035937500000000004
1 0.5539647577092511 0.22734375 0.19603524229074892 0.1296875
1 0.41740088105726875 0.146875 0.09471365638766521 0.06875
1 0.29625550660792954 0.16484375 0.16519823788546256 0.0734375
1 0.15418502202643172 0.296875 0.22026431718061676 0.203125
1 0.052863436123348026 0.13046875 0.07929515418502203 0.2265625
1 0.3458149779735683 0.0625 0.1497797356828194 0.10312500000000001
