1 0.44765625000000003 0.45935960591133007 0.1234375 0.3866995073891626
1 0.54609375 0.45073891625615764 0.0671875 0.12315270935960591
1 0.578125 0.5147783251231527 0.13125 0.5517241379310345
1 0.6234375000000001 0.41379310344827586 0.059375000000000004 0.13793103448275862
1 0.66796875 0.4396551724137931 0.0859375 0.41133004926108374
1 0.8812500000000001 0.9224137931034483 0.0625 0.10591133004926108
1 0.8382812500000001 0.9211822660098522 0.0328125 0.09852216748768473
1 0.6359375 0.9211822660098522 0.109375 0.15763546798029557
1 0.029687500000000002 0.9125615763546798 0.034375 0.1748768472906404
1 0.096875 0.9051724137931034 0.021875000000000002 0.16009852216748768
