2 0.0390625 0.15833333333333333 0.0625 0.175
2 0.24921875000000002 0.2 0.06406250000000001 0.15416666666666667
2 0.30859375 0.203125 0.051562500000000004 0.17291666666666666
2 0.77734375 0.3208333333333333 0.0734375 0.23333333333333334
2 0.50625 0.6947916666666667 0.025 0.035416666666666666
2 0.54453125 0.7 0.0171875 0.025
2 0.55625 0.7302083333333333 0.043750000000000004 0.01875
0 0.48046875 0.8447916666666666 0.09531250000000001 0.10208333333333333
0 0.25859375 0.8822916666666667 0.23593750000000002 0.16041666666666665
2 0.13671875 0.7541666666666667 0.035937500000000004 0.0375
2 0.22890625 0.7166666666666667 0.035937500000000004 0.058333333333333334
0 0.05390625 0.8354166666666667 0.1015625 0.1
0 0.37421875000000004 0.834375 0.0484375 0.07708333333333334
0 0.7375 0.8197916666666667 0.059375000000000004 0.07708333333333334
0 0.81953125 0.8489583333333334 0.09531250000000001 0.09375
0 0.6890625 0.821875 0.043750000000000004 0.06458333333333333
0 0.65625 0.803125 0.028125 0.06875
0 0.5640625 0.7770833333333333 0.065625 0.12083333333333333
