1 0.35000000000000003 0.5896130346232179 0.225 0.5967413441955193
1 0.70703125 0.6283095723014256 0.18906250000000002 0.3564154786150712
1 0.8289062500000001 0.530549898167006 0.1078125 0.33197556008146634
0 0.9328125 0.5010183299389002 0.134375 0.24439918533604885
0 0.6898437500000001 0.41038696537678204 0.1703125 0.1690427698574338
1 0.62109375 0.4297352342158859 0.045312500000000006 0.1425661914460285
1 0.59375 0.3991853360488798 0.025 0.09368635437881873
0 0.0484375 0.5875763747454175 0.084375 0.21384928716904275
0 0.17265625 0.46334012219959264 0.2015625 0.23014256619144602
0 0.42265625 0.4246435845213849 0.0765625 0.09164969450101833
0 0.46953125 0.4236252545824847 0.026562500000000003 0.052953156822810585
0 0.5015625 0.41649694501018325 0.037500000000000006 0.05906313645621181
0 0.5281250000000001 0.40427698574338083 0.046875 0.05906313645621181
