1 0.2112676056338028 0.8226562500000001 0.06103286384976526 0.09843750000000001
1 0.2652582159624413 0.8250000000000001 0.07042253521126761 0.084375
1 0.3251173708920188 0.8203125 0.0539906103286385 0.10625000000000001
1 0.38028169014084506 0.82734375 0.056338028169014086 0.07968750000000001
1 0.41901408450704225 0.81796875 0.04929577464788733 0.11093750000000001
1 0.4800469483568075 0.8203125 0.05868544600938967 0.1
1 0.5258215962441315 0.81953125 0.06572769953051644 0.09531250000000001
1 0.5751173708920188 0.81796875 0.051643192488262914 0.09843750000000001
1 0.6349765258215962 0.81171875 0.07276995305164319 0.1203125
1 0.8098591549295775 0.7835937500000001 0.03286384976525822 0.029687500000000002
1 0.8802816901408451 0.7835937500000001 0.023474178403755867 0.0390625
1 0.9107981220657277 0.7828125 0.03286384976525822 0.043750000000000004
