1 0.13984375000000002 0.6041666666666666 0.0671875 0.24166666666666667
0 0.07968750000000001 0.5947916666666666 0.053125000000000006 0.12708333333333333
0 0.029687500000000002 0.6041666666666666 0.040625 0.058333333333333334
0 0.2625 0.6145833333333334 0.12187500000000001 0.1375
0 0.5515625000000001 0.6416666666666666 0.434375 0.19583333333333333
0 0.91953125 0.6354166666666666 0.1609375 0.13333333333333333
1 0.38671875 0.5614583333333333 0.0234375 0.04375
2 0.18125000000000002 0.20833333333333334 0.03125 0.07916666666666666
2 0.3875 0.22291666666666665 0.03125 0.08333333333333333
1 0.82421875 0.5864583333333333 0.0328125 0.11041666666666666
1 0.9031250000000001 0.5697916666666667 0.034375 0.06875
1 0.9515625000000001 0.5604166666666667 0.021875000000000002 0.0625
1 0.75 0.5854166666666667 0.03125 0.08333333333333333
2 0.7765625 0.46875 0.021875000000000002 0.05
2 0.8046875 0.471875 0.034375 0.06458333333333333
