0 0.040625 0.343520782396088 0.078125 0.06601466992665037
0 0.171875 0.33618581907090467 0.08750000000000001 0.05623471882640587
0 0.265625 0.33251833740831294 0.065625 0.05378973105134474
0 0.6687500000000001 0.3141809290953545 0.059375000000000004 0.04156479217603912
0 0.6484375 0.5623471882640587 0.265625 0.19070904645476772
0 0.16640625 0.7347188264058679 0.32343750000000004 0.29584352078239606
0 0.9375 0.4706601466992665 0.125 0.16381418092909536
0 0.8984375 0.31907090464547677 0.08125 0.05134474327628362
0 0.7640625000000001 0.3154034229828851 0.06875 0.044009779951100246
1 0.47578125000000004 0.4877750611246944 0.0578125 0.1687041564792176
