1 0.08430913348946135 0.5046875000000001 0.07494145199063232 0.146875
1 0.1955503512880562 0.5015625 0.10070257611241218 0.140625
1 0.2903981264637002 0.49140625000000004 0.07962529274004684 0.15156250000000002
1 0.4016393442622951 0.48984375 0.03981264637002342 0.13593750000000002
1 0.8711943793911007 0.5515625000000001 0.07962529274004684 0.07500000000000001
1 0.7915690866510539 0.5484375 0.05620608899297424 0.096875
1 0.6662763466042154 0.56953125 0.12412177985948478 0.0890625
1 0.8981264637002342 0.49765625 0.04918032786885246 0.0578125
1 0.202576112412178 0.50234375 0.07259953161592506 0.1328125
1 0.5327868852459017 0.52265625 0.02107728337236534 0.060937500000000006
1 0.4894613583138173 0.5171875 0.05152224824355972 0.07500000000000001
1 0.4426229508196721 0.509375 0.03747072599531616 0.1
