1 0.12734375 0.5694444444444444 0.0328125 0.1277777777777778
1 0.16328125000000002 0.5736111111111112 0.0390625 0.10833333333333334
1 0.23671875 0.5722222222222223 0.026562500000000003 0.08333333333333334
1 0.259375 0.5722222222222223 0.028125 0.08333333333333334
1 0.29375 0.5458333333333334 0.034375 0.13611111111111113
1 0.321875 0.5458333333333334 0.021875000000000002 0.14166666666666666
1 0.45859375 0.5583333333333333 0.0234375 0.12222222222222223
1 0.4765625 0.5472222222222223 0.018750000000000003 0.11111111111111112
1 0.5203125000000001 0.5875 0.05 0.19722222222222224
1 0.6257812500000001 0.5972222222222222 0.0328125 0.20555555555555557
1 0.6726562500000001 0.5736111111111112 0.029687500000000002 0.20277777777777778
1 0.65234375 0.5680555555555555 0.026562500000000003 0.21944444444444444
