1 0.25078125 0.5046875000000001 0.1765625 0.284375
1 0.6609375000000001 0.41953125 0.07500000000000001 0.1015625
1 0.78125 0.40859375000000003 0.046875 0.1203125
0 0.9 0.4453125 0.2 0.29375
0 0.58125 0.43203125000000003 0.08125 0.0578125
0 0.3609375 0.4234375 0.1125 0.10312500000000001
0 0.44453125000000004 0.421875 0.0703125 0.10312500000000001
0 0.5125000000000001 0.42500000000000004 0.053125000000000006 0.06875
0 0.58125 0.43203125000000003 0.07187500000000001 0.0859375
0 0.0546875 0.446875 0.10625000000000001 0.08125
0 0.16875 0.43984375000000003 0.084375 0.0671875
2 0.27265625 0.28046875 0.029687500000000002 0.0421875
2 0.5281250000000001 0.19609375 0.03125 0.0890625
2 0.5593750000000001 0.18359375 0.028125 0.0703125
2 0.73984375 0.278125 0.0234375 0.046875
2 0.91796875 0.31796875 0.0171875 0.0421875
2 0.21015625000000002 0.3140625 0.0203125 0.043750000000000004
