0 0.296094 0.829167 0.110937 0.245833
0 0.139063 0.713542 0.028125 0.064583
0 0.206250 0.712500 0.021875 0.083333
0 0.230469 0.713542 0.023438 0.072917
0 0.314063 0.725000 0.031250 0.079167
0 0.353906 0.735417 0.029687 0.087500
0 0.392969 0.767708 0.032813 0.172917
0 0.429688 0.740625 0.031250 0.114583
0 0.475000 0.782292 0.043750 0.164583
0 0.518750 0.769792 0.037500 0.172917
1 0.197656 0.688542 0.223438 0.135417
1 0.550000 0.710417 0.321875 0.225000
1 0.904687 0.759375 0.190625 0.472917
0 0.862500 0.722917 0.028125 0.087500
0 0.905469 0.727083 0.026562 0.079167
0 0.925000 0.726042 0.025000 0.093750
0 0.814844 0.705208 0.023438 0.052083
0 0.739844 0.711458 0.017188 0.068750
0 0.760938 0.711458 0.015625 0.077083
1 0.762500 0.678125 0.053125 0.052083
2 0.152344 0.385417 0.042188 0.058333
2 0.153125 0.448958 0.050000 0.047917
2 0.100000 0.447917 0.043750 0.066667
2 0.109375 0.381250 0.028125 0.029167
