0 0.95078125 0.178125 0.09531250000000001 0.12291666666666666
0 0.6585937500000001 0.15833333333333333 0.0421875 0.0375
0 0.634375 0.18125 0.05 0.058333333333333334
0 0.59296875 0.19791666666666666 0.0484375 0.07916666666666666
0 0.5265625 0.21770833333333334 0.1125 0.08541666666666667
0 0.41015625 0.234375 0.11406250000000001 0.13541666666666666
0 0.30781250000000004 0.271875 0.109375 0.13541666666666666
0 0.21953125 0.31875 0.1296875 0.12916666666666665
0 0.10859375 0.25729166666666664 0.0578125 0.027083333333333334
0 0.17578125 0.2375 0.0484375 0.0375
0 0.084375 0.35104166666666664 0.16875 0.14791666666666667
