1 0.371094 0.514052 0.295312 0.695550
0 0.546094 0.635831 0.017188 0.086651
0 0.160156 0.674473 0.042188 0.196721
0 0.198437 0.673302 0.031250 0.199063
0 0.068750 0.666276 0.031250 0.203747
0 0.232031 0.633489 0.023438 0.067916
2 0.929688 0.556206 0.021875 0.058548
2 0.870313 0.539813 0.018750 0.053864
0 0.946875 0.613583 0.012500 0.065574
0 0.916406 0.608899 0.010937 0.046838
0 0.895312 0.626464 0.015625 0.063232
1 0.728906 0.586651 0.054688 0.081967
2 0.686719 0.538642 0.017188 0.056206
1 0.660156 0.594848 0.017188 0.032787
1 0.596094 0.560890 0.020313 0.030445
