1 0.285938 0.768750 0.093750 0.075000
1 0.374219 0.788542 0.076563 0.052083
1 0.458594 0.779167 0.054688 0.045833
1 0.551562 0.744792 0.059375 0.052083
0 0.692969 0.789583 0.017188 0.087500
0 0.716406 0.781250 0.014063 0.079167
0 0.759375 0.786458 0.015625 0.102083
0 0.794531 0.800000 0.017188 0.091667
0 0.964063 0.821875 0.034375 0.135417
0 0.871094 0.856250 0.198437 0.287500
1 0.224219 0.894792 0.439063 0.210417
1 0.568750 0.860417 0.384375 0.154167
2 0.455469 0.565625 0.035937 0.039583
2 0.029687 0.578125 0.046875 0.027083
1 0.192188 0.782292 0.046875 0.035417
