0 0.500000 0.646875 0.043750 0.206250
0 0.444531 0.652083 0.042188 0.191667
0 0.412500 0.636458 0.037500 0.181250
0 0.577344 0.614583 0.023438 0.141667
0 0.240625 0.654167 0.050000 0.200000
0 0.047656 0.729167 0.057813 0.345833
0 0.134375 0.717708 0.043750 0.318750
0 0.176563 0.577083 0.028125 0.104167
0 0.212500 0.557292 0.028125 0.056250
0 0.014844 0.570833 0.026562 0.095833
0 0.550781 0.588542 0.023438 0.077083
0 0.675781 0.630208 0.042188 0.143750
0 0.717187 0.621875 0.021875 0.139583
0 0.750781 0.629167 0.035937 0.158333
0 0.778125 0.595833 0.012500 0.087500
0 0.811719 0.628125 0.020313 0.143750
0 0.838281 0.652083 0.029687 0.170833
0 0.889062 0.653125 0.043750 0.222917
0 0.943750 0.679167 0.050000 0.212500
0 0.156250 0.448958 0.012500 0.022917
0 0.205469 0.446875 0.010937 0.027083
0 0.307031 0.437500 0.014063 0.020833
