0 0.089844 0.528881 0.054688 0.342960
0 0.047656 0.088448 0.014063 0.061372
0 0.071094 0.075812 0.017188 0.057762
0 0.209375 0.079422 0.018750 0.043321
0 0.233594 0.077617 0.017188 0.046931
0 0.203906 0.027076 0.010937 0.039711
0 0.321094 0.027076 0.017188 0.046931
0 0.345313 0.028881 0.025000 0.050542
0 0.505469 0.102888 0.017188 0.046931
0 0.525781 0.088448 0.007812 0.068592
0 0.503906 0.059567 0.017188 0.025271
0 0.470313 0.023466 0.015625 0.032491
0 0.514844 0.016245 0.010937 0.025271
0 0.541406 0.037906 0.014063 0.046931
0 0.609375 0.079422 0.015625 0.072202
0 0.632031 0.086643 0.020313 0.050542
0 0.645312 0.034296 0.012500 0.032491
0 0.691406 0.045126 0.020313 0.068592
0 0.617969 0.200361 0.023438 0.083032
0 0.752344 0.222022 0.017188 0.061372
0 0.729688 0.222022 0.015625 0.046931
0 0.735156 0.193141 0.014063 0.039711
0 0.835938 0.223827 0.021875 0.064982
0 0.865625 0.231047 0.018750 0.043321
0 0.874219 0.182310 0.014063 0.032491
0 0.884375 0.216606 0.015625 0.050542
0 0.898438 0.214801 0.015625 0.046931
0 0.923438 0.194946 0.015625 0.036101
0 0.928906 0.227437 0.020313 0.050542
0 0.961719 0.214801 0.014063 0.054152
0 0.983594 0.227437 0.017188 0.043321
