2 0.347000 0.382667 0.030000 0.061333
2 0.677000 0.505333 0.022000 0.061333
2 0.677000 0.558667 0.022000 0.018667
2 0.882000 0.476000 0.024000 0.061333
2 0.925000 0.484000 0.022000 0.072000
1 0.961000 0.640000 0.078000 0.074667
1 0.061000 0.657333 0.042000 0.050667
1 0.116000 0.654667 0.048000 0.050667
1 0.169000 0.646667 0.058000 0.061333
1 0.224000 0.649333 0.052000 0.050667
1 0.284000 0.645333 0.052000 0.058667
1 0.330000 0.644000 0.028000 0.040000
1 0.444000 0.633333 0.024000 0.024000
1 0.394000 0.634667 0.028000 0.016000
2 0.581000 0.505333 0.026000 0.088000
