0 0.046094 0.535417 0.079687 0.333333
0 0.089844 0.456250 0.045312 0.175000
0 0.139063 0.432292 0.034375 0.152083
0 0.171875 0.435417 0.043750 0.162500
1 0.307812 0.375000 0.043750 0.050000
1 0.474219 0.354167 0.045312 0.070833
0 0.519531 0.390625 0.020313 0.106250
0 0.542188 0.398958 0.021875 0.102083
0 0.571094 0.394792 0.023438 0.102083
0 0.590625 0.379167 0.018750 0.075000
2 0.560156 0.246875 0.014063 0.056250
2 0.513281 0.260417 0.014063 0.050000
2 0.528125 0.271875 0.015625 0.035417
2 0.454688 0.198958 0.084375 0.089583
2 0.333594 0.182292 0.039062 0.085417
1 0.631250 0.352083 0.178125 0.116667
1 0.817969 0.385417 0.092188 0.087500
2 0.857812 0.318750 0.009375 0.016667
2 0.821094 0.276042 0.007812 0.018750
1 0.929688 0.397917 0.034375 0.108333
1 0.959375 0.421875 0.068750 0.097917
1 0.976562 0.480208 0.046875 0.168750
2 0.910937 0.264583 0.015625 0.041667
