2 0.777344 0.246875 0.032813 0.064583
2 0.978906 0.392708 0.026562 0.052083
2 0.957812 0.386458 0.021875 0.047917
2 0.400781 0.272917 0.023438 0.058333
2 0.315625 0.401042 0.018750 0.035417
2 0.068750 0.397917 0.021875 0.058333
0 0.221875 0.484375 0.018750 0.039583
0 0.197656 0.485417 0.017188 0.045833
0 0.409375 0.481250 0.015625 0.033333
0 0.430469 0.482292 0.017188 0.027083
1 0.489844 0.501042 0.089063 0.052083
1 0.622656 0.544792 0.226562 0.131250
1 0.628125 0.469792 0.050000 0.022917
1 0.678125 0.472917 0.043750 0.029167
1 0.771875 0.483333 0.025000 0.033333
1 0.794531 0.481250 0.014063 0.029167
1 0.808594 0.478125 0.014063 0.022917
1 0.856250 0.500000 0.034375 0.041667
