0 0.014063 0.703125 0.025000 0.172917
0 0.028125 0.616667 0.021875 0.050000
0 0.014844 0.583333 0.023438 0.041667
0 0.040625 0.586458 0.025000 0.043750
0 0.066406 0.607292 0.017188 0.043750
0 0.083594 0.616667 0.032813 0.070833
0 0.135937 0.580208 0.034375 0.052083
0 0.157812 0.620833 0.031250 0.062500
0 0.196094 0.557292 0.060937 0.093750
0 0.269531 0.586458 0.020313 0.047917
0 0.317969 0.550000 0.064062 0.133333
1 0.572656 0.577083 0.270313 0.291667
0 0.734375 0.655208 0.046875 0.156250
1 0.964063 0.662500 0.065625 0.133333
1 0.892969 0.632292 0.079687 0.160417
1 0.965625 0.584375 0.068750 0.031250
1 0.978125 0.548958 0.043750 0.064583
0 0.932813 0.521875 0.018750 0.064583
0 0.753125 0.531250 0.015625 0.037500
0 0.783594 0.525000 0.014063 0.037500
0 0.800781 0.516667 0.017188 0.029167
0 0.407031 0.131250 0.032813 0.066667
0 0.270313 0.120833 0.021875 0.062500
0 0.238281 0.108333 0.020313 0.054167
0 0.957812 0.443750 0.015625 0.050000
