2 0.427344 0.566742 0.079687 0.061086
1 0.136719 0.899321 0.260937 0.160633
1 0.205469 0.972851 0.207813 0.054299
2 0.439844 0.837104 0.010937 0.022624
1 0.450000 0.933258 0.121875 0.101810
0 0.350000 0.983032 0.037500 0.033937
0 0.285156 0.903846 0.017188 0.056561
0 0.303125 0.898190 0.012500 0.054299
0 0.347656 0.904977 0.014063 0.058824
0 0.532031 0.933258 0.026562 0.033937
0 0.535937 0.970588 0.025000 0.049774
0 0.507812 0.952489 0.018750 0.036199
0 0.456250 0.979638 0.028125 0.040724
0 0.575781 0.961538 0.026562 0.076923
0 0.600000 0.971719 0.028125 0.056561
0 0.634375 0.957014 0.021875 0.036199
0 0.660937 0.966063 0.025000 0.040724
0 0.710938 0.972851 0.031250 0.045249
0 0.768750 0.930995 0.028125 0.042986
0 0.796094 0.945701 0.023438 0.063348
0 0.808594 0.918552 0.023438 0.049774
0 0.833594 0.942308 0.029687 0.047511
0 0.841406 0.889140 0.014063 0.054299
0 0.890625 0.970588 0.034375 0.058824
0 0.942969 0.971719 0.039062 0.056561
0 0.984375 0.951357 0.031250 0.097285
1 0.982031 0.885747 0.035937 0.042986
0 0.945312 0.892534 0.021875 0.056561
0 0.891406 0.892534 0.017188 0.056561
1 0.628125 0.899321 0.071875 0.065611
1 0.679688 0.877828 0.028125 0.031674
1 0.735156 0.851810 0.057813 0.038462
1 0.727344 0.895928 0.048438 0.045249
1 0.775781 0.893665 0.039062 0.063348
1 0.806250 0.872172 0.021875 0.029412
1 0.842969 0.859729 0.026562 0.022624
2 0.547656 0.779412 0.035937 0.101810
2 0.634375 0.770362 0.028125 0.061086
