0 0.939844 0.052083 0.029687 0.050000
0 0.885938 0.047917 0.031250 0.045833
0 0.987500 0.058333 0.025000 0.045833
0 0.890625 0.316667 0.034375 0.050000
0 0.960156 0.346875 0.042188 0.052083
0 0.832812 0.306250 0.031250 0.050000
0 0.809375 0.256250 0.034375 0.050000
0 0.742969 0.252083 0.032813 0.045833
0 0.671875 0.275000 0.025000 0.050000
0 0.582812 0.260417 0.028125 0.041667
0 0.378125 0.155208 0.034375 0.047917
0 0.178125 0.248958 0.031250 0.052083
0 0.075000 0.275000 0.031250 0.054167
0 0.017969 0.237500 0.026562 0.075000
0 0.104688 0.125000 0.034375 0.045833
0 0.182031 0.040625 0.060937 0.064583
0 0.239844 0.028125 0.026562 0.035417
0 0.267188 0.059375 0.031250 0.056250
0 0.317188 0.035417 0.062500 0.062500
0 0.380469 0.053125 0.042188 0.047917
0 0.303906 0.131250 0.032813 0.045833
0 0.254688 0.175000 0.025000 0.041667
0 0.338281 0.183333 0.032813 0.045833
0 0.185156 0.179167 0.029687 0.058333
0 0.447656 0.164583 0.026562 0.037500
0 0.509375 0.151042 0.037500 0.064583
0 0.598437 0.069792 0.034375 0.035417
0 0.524219 0.055208 0.039062 0.043750
0 0.457031 0.061458 0.026562 0.039583
0 0.459375 0.013542 0.028125 0.022917
0 0.571094 0.031250 0.035937 0.050000
0 0.638281 0.029167 0.051562 0.050000
0 0.578125 0.547917 0.109375 0.320833
0 0.805469 0.537500 0.064062 0.204167
0 0.909375 0.587500 0.115625 0.320833
