2 0.483000 0.434667 0.022000 0.069333
2 0.449000 0.468000 0.026000 0.114667
2 0.783000 0.380000 0.034000 0.125333
2 0.811000 0.409333 0.034000 0.072000
1 0.900000 0.517333 0.200000 0.240000
0 0.840000 0.642667 0.060000 0.234667
0 0.689000 0.642667 0.050000 0.234667
0 0.740000 0.578667 0.016000 0.069333
0 0.772000 0.566667 0.016000 0.072000
0 0.571000 0.570667 0.022000 0.074667
0 0.509000 0.634667 0.066000 0.218667
0 0.379000 0.634667 0.058000 0.256000
0 0.245000 0.649333 0.066000 0.269333
0 0.193000 0.644000 0.058000 0.248000
0 0.049000 0.629333 0.046000 0.165333
