2 0.498437 0.194118 0.096875 0.049412
0 0.798438 0.803529 0.046875 0.237647
0 0.898438 0.752941 0.025000 0.098824
0 0.723437 0.700000 0.018750 0.091765
0 0.746094 0.715294 0.020313 0.084706
0 0.767969 0.702353 0.017188 0.087059
1 0.642969 0.648235 0.035937 0.049412
1 0.657813 0.610588 0.025000 0.030588
1 0.658594 0.588235 0.020313 0.032941
1 0.620313 0.597647 0.018750 0.018824
1 0.585938 0.597647 0.018750 0.018824
1 0.559375 0.600000 0.018750 0.023529
1 0.529687 0.662353 0.081250 0.068235
1 0.509375 0.722353 0.037500 0.089412
1 0.465625 0.748235 0.050000 0.127059
1 0.410156 0.767059 0.057813 0.117647
1 0.335938 0.772941 0.084375 0.157647
1 0.214062 0.811765 0.165625 0.188235
1 0.294531 0.658824 0.029687 0.037647
0 0.320312 0.647059 0.015625 0.032941
