0 0.088281 0.340782 0.098437 0.148976
0 0.282813 0.288641 0.040625 0.059590
0 0.357031 0.311918 0.089063 0.150838
0 0.549219 0.134078 0.057813 0.108007
0 0.578125 0.236499 0.184375 0.242086
0 0.715625 0.153631 0.065625 0.121043
0 0.774219 0.123836 0.085938 0.150838
0 0.843750 0.126629 0.050000 0.108007
0 0.821094 0.338920 0.217188 0.230912
0 0.775781 0.274674 0.042188 0.061453
0 0.815625 0.272812 0.034375 0.061453
0 0.932813 0.095903 0.046875 0.068901
0 0.283594 0.163873 0.064062 0.067039
0 0.174219 0.139665 0.057813 0.063315
0 0.962500 0.308194 0.040625 0.132216
