0 0.405469 0.652582 0.064062 0.201878
0 0.513281 0.664319 0.042188 0.201878
0 0.566406 0.647887 0.042188 0.154930
0 0.599219 0.597418 0.026562 0.063380
0 0.639062 0.591549 0.021875 0.065728
0 0.674219 0.596244 0.023438 0.046948
0 0.690625 0.663146 0.046875 0.110329
0 0.728906 0.590376 0.039062 0.072770
0 0.762500 0.658451 0.040625 0.091549
0 0.774219 0.583333 0.029687 0.044601
0 0.862500 0.600939 0.037500 0.089202
0 0.921875 0.625587 0.037500 0.129108
1 0.966406 0.562207 0.035937 0.053991
1 0.907813 0.556338 0.046875 0.042254
