0 0.040625 0.191667 0.040625 0.162500
0 0.071875 0.126042 0.021875 0.052083
0 0.092969 0.194792 0.035937 0.147917
0 0.126562 0.248958 0.043750 0.227083
0 0.111719 0.070833 0.017188 0.054167
0 0.123438 0.055208 0.015625 0.031250
0 0.173437 0.054167 0.025000 0.054167
0 0.207813 0.062500 0.028125 0.075000
0 0.170313 0.107292 0.018750 0.043750
0 0.196094 0.184375 0.042188 0.172917
0 0.225781 0.437500 0.051562 0.075000
0 0.263281 0.685417 0.092188 0.433333
0 0.364063 0.330208 0.046875 0.143750
0 0.375000 0.578125 0.065625 0.264583
0 0.461719 0.641667 0.070312 0.345833
0 0.542969 0.677083 0.054688 0.437500
0 0.692187 0.494792 0.078125 0.356250
0 0.866406 0.331250 0.032813 0.066667
0 0.902344 0.484375 0.042188 0.360417
0 0.773438 0.317708 0.056250 0.293750
0 0.845313 0.247917 0.043750 0.116667
0 0.869531 0.177083 0.032813 0.083333
0 0.909375 0.191667 0.025000 0.112500
0 0.645312 0.231250 0.040625 0.216667
0 0.560156 0.328125 0.060937 0.206250
0 0.446094 0.344792 0.045312 0.143750
0 0.492969 0.307292 0.048438 0.093750
0 0.431250 0.179167 0.025000 0.062500
0 0.463281 0.211458 0.042188 0.093750
0 0.364063 0.179167 0.021875 0.087500
0 0.484375 0.128125 0.031250 0.160417
0 0.554688 0.144792 0.040625 0.089583
0 0.622656 0.102083 0.029687 0.054167
0 0.602344 0.241667 0.032813 0.200000
0 0.595313 0.043750 0.021875 0.045833
0 0.432812 0.053125 0.021875 0.052083
0 0.445312 0.106250 0.028125 0.045833
0 0.535937 0.046875 0.028125 0.089583
0 0.515625 0.048958 0.021875 0.047917
0 0.660156 0.027083 0.007812 0.041667
0 0.675000 0.071875 0.028125 0.089583
0 0.795312 0.079167 0.025000 0.116667
0 0.820312 0.044792 0.021875 0.072917
0 0.849219 0.068750 0.026562 0.075000
0 0.906250 0.042708 0.015625 0.043750
0 0.921094 0.118750 0.035937 0.112500
0 0.961719 0.094792 0.029687 0.081250
0 0.992969 0.106250 0.014063 0.145833
