0 0.259375 0.619718 0.056250 0.225352
0 0.192188 0.634977 0.059375 0.349765
0 0.110937 0.558685 0.021875 0.169014
0 0.139844 0.564554 0.032813 0.143192
0 0.083594 0.535211 0.026562 0.131455
0 0.053906 0.570423 0.042188 0.164319
0 0.021875 0.525822 0.018750 0.117371
0 0.038281 0.468310 0.017188 0.044601
0 0.256250 0.481221 0.015625 0.079812
0 0.328906 0.541080 0.026562 0.133803
0 0.372656 0.538732 0.029687 0.133803
0 0.502344 0.577465 0.042188 0.206573
0 0.541406 0.532864 0.026562 0.136150
0 0.570312 0.526995 0.028125 0.157277
0 0.599219 0.517606 0.020313 0.124413
0 0.666406 0.620892 0.051562 0.363850
0 0.716406 0.546948 0.039062 0.164319
0 0.786719 0.596244 0.042188 0.309859
0 0.835156 0.578638 0.032813 0.251174
0 0.869531 0.512911 0.035937 0.133803
1 0.438281 0.524648 0.082812 0.124413
2 0.256250 0.396714 0.056250 0.051643
2 0.356250 0.032864 0.053125 0.061033
0 0.629687 0.460094 0.015625 0.046948
1 0.642969 0.505869 0.035937 0.053991
