0 0.253125 0.647129 0.171875 0.705742
0 0.511719 0.601675 0.073438 0.466507
1 0.402344 0.467703 0.126562 0.141148
0 0.138281 0.455742 0.035937 0.222488
1 0.194531 0.417464 0.064062 0.098086
0 0.623437 0.387560 0.012500 0.071770
0 0.636719 0.386364 0.010937 0.050239
1 0.652344 0.412679 0.089063 0.083732
1 0.973437 0.607656 0.053125 0.272727
1 0.917188 0.421053 0.121875 0.095694
1 0.560156 0.403110 0.082812 0.074163
0 0.574219 0.360048 0.017188 0.026316
1 0.431250 0.380383 0.034375 0.038278
0 0.459375 0.388756 0.015625 0.069378
0 0.406250 0.354067 0.012500 0.019139
1 0.390625 0.381579 0.040625 0.040670
