2 0.396875 0.137500 0.018750 0.091667
2 0.292187 0.456944 0.018750 0.108333
1 0.292969 0.611111 0.120313 0.155556
1 0.503906 0.548611 0.226562 0.330556
2 0.633594 0.473611 0.020313 0.069444
2 0.656250 0.473611 0.018750 0.063889
2 0.735938 0.480556 0.031250 0.088889
2 0.776563 0.479167 0.031250 0.097222
2 0.245312 0.452778 0.018750 0.088889
1 0.231250 0.458333 0.081250 0.100000
1 0.187500 0.561111 0.062500 0.111111
1 0.151562 0.529167 0.050000 0.119444
1 0.131250 0.459722 0.043750 0.091667
0 0.082031 0.473611 0.010937 0.041667
0 0.150781 0.752778 0.039062 0.222222
0 0.073438 0.776389 0.043750 0.213889
0 0.064844 0.652778 0.020313 0.038889
1 0.035937 0.447222 0.015625 0.038889
