0 0.246875 0.795294 0.031250 0.070588
0 0.156250 0.848235 0.025000 0.063529
0 0.157812 0.803529 0.025000 0.030588
1 0.166406 0.690588 0.110937 0.167059
0 0.269531 0.570588 0.029687 0.054118
1 0.272656 0.642353 0.035937 0.070588
1 0.164844 0.475294 0.089063 0.117647
2 0.239063 0.375294 0.146875 0.134118
2 0.408594 0.388235 0.082812 0.258824
2 0.544531 0.378824 0.079687 0.282353
1 0.331250 0.554118 0.059375 0.110588
1 0.321094 0.464706 0.070312 0.058824
1 0.479687 0.505882 0.050000 0.112941
1 0.621094 0.435294 0.064062 0.089412
1 0.710938 0.841176 0.156250 0.209412
1 0.893750 0.703529 0.171875 0.178824
1 0.739844 0.588235 0.123438 0.122353
1 0.443750 0.870588 0.134375 0.183529
1 0.351562 0.976471 0.131250 0.047059
1 0.155469 0.251765 0.064062 0.094118
1 0.258594 0.260000 0.051562 0.044706
1 0.295312 0.295294 0.062500 0.044706
1 0.252344 0.209412 0.054688 0.042353
1 0.214062 0.165882 0.025000 0.030588
1 0.182812 0.138824 0.031250 0.051765
1 0.216406 0.115294 0.023438 0.023529
1 0.201563 0.094118 0.034375 0.018824
0 0.153906 0.081176 0.010937 0.016471
1 0.143750 0.047059 0.028125 0.028235
1 0.189844 0.044706 0.026562 0.032941
1 0.327344 0.227059 0.035937 0.054118
1 0.315625 0.194118 0.034375 0.011765
1 0.321094 0.174118 0.032813 0.014118
1 0.291406 0.163529 0.029687 0.044706
1 0.272656 0.129412 0.035937 0.042353
1 0.257031 0.103529 0.026562 0.037647
0 0.286719 0.074118 0.010937 0.025882
1 0.298438 0.056471 0.028125 0.028235
1 0.276562 0.051765 0.025000 0.037647
1 0.256250 0.030588 0.009375 0.018824
1 0.244531 0.018824 0.010937 0.014118
1 0.223438 0.028235 0.018750 0.023529
1 0.348438 0.107059 0.025000 0.025882
1 0.342187 0.143529 0.015625 0.028235
1 0.382812 0.160000 0.034375 0.042353
1 0.414062 0.202353 0.040625 0.047059
1 0.423438 0.168235 0.034375 0.025882
1 0.461719 0.231765 0.042188 0.044706
1 0.480469 0.284706 0.045312 0.061176
1 0.578906 0.672941 0.117188 0.141176
0 0.033594 0.262353 0.014063 0.040000
1 0.985156 0.525882 0.029687 0.124706
1 0.976562 0.443529 0.046875 0.040000
1 0.925000 0.456471 0.046875 0.117647
1 0.892188 0.364706 0.040625 0.037647
0 0.928906 0.361176 0.010937 0.021176
0 0.917188 0.357647 0.012500 0.028235
1 0.882031 0.338824 0.060937 0.028235
1 0.825781 0.322353 0.060937 0.108235
1 0.784375 0.307059 0.025000 0.077647
1 0.950781 0.303529 0.070312 0.098824
1 0.898438 0.292941 0.046875 0.072941
1 0.977344 0.165882 0.045312 0.096471
1 0.977344 0.244706 0.045312 0.042353
1 0.602344 0.187059 0.029687 0.040000
1 0.620313 0.202353 0.021875 0.032941
1 0.637500 0.227059 0.025000 0.035294
1 0.747656 0.269412 0.026562 0.072941
1 0.564844 0.114118 0.029687 0.040000
1 0.494531 0.114118 0.029687 0.035294
