0 0.615625 0.627083 0.071875 0.162500
0 0.673438 0.600000 0.084375 0.216667
0 0.464062 0.551042 0.065625 0.239583
0 0.521094 0.361458 0.039062 0.060417
0 0.644531 0.290625 0.032813 0.039583
0 0.921875 0.325000 0.037500 0.050000
0 0.974219 0.331250 0.035937 0.037500
0 0.874219 0.316667 0.035937 0.062500
0 0.835938 0.308333 0.037500 0.058333
0 0.782813 0.300000 0.031250 0.045833
0 0.737500 0.298958 0.040625 0.060417
0 0.695312 0.279167 0.031250 0.058333
0 0.675000 0.209375 0.028125 0.068750
0 0.707812 0.218750 0.021875 0.058333
0 0.760156 0.217708 0.026562 0.047917
0 0.797656 0.227083 0.023438 0.037500
0 0.828125 0.218750 0.018750 0.045833
0 0.866406 0.233333 0.029687 0.054167
0 0.895312 0.223958 0.015625 0.043750
0 0.931250 0.205208 0.025000 0.060417
0 0.966406 0.220833 0.023438 0.050000
0 0.964063 0.175000 0.018750 0.029167
0 0.972656 0.122917 0.026562 0.058333
0 0.943750 0.108333 0.025000 0.050000
0 0.910156 0.106250 0.020313 0.045833
0 0.881250 0.130208 0.025000 0.043750
0 0.847656 0.139583 0.020313 0.050000
0 0.817969 0.151042 0.026562 0.043750
0 0.807031 0.118750 0.023438 0.029167
0 0.795312 0.168750 0.025000 0.041667
0 0.767969 0.156250 0.020313 0.029167
0 0.745313 0.134375 0.018750 0.027083
0 0.718750 0.171875 0.025000 0.039583
0 0.751563 0.167708 0.021875 0.043750
0 0.772656 0.113542 0.023438 0.031250
0 0.821875 0.085417 0.018750 0.041667
0 0.830469 0.056250 0.023438 0.037500
0 0.880469 0.028125 0.023438 0.035417
0 0.927344 0.048958 0.020313 0.027083
0 0.982031 0.032292 0.023438 0.047917
0 0.950781 0.039583 0.023438 0.045833
0 0.603125 0.278125 0.025000 0.060417
0 0.572656 0.264583 0.020313 0.050000
0 0.550000 0.262500 0.021875 0.058333
0 0.509375 0.237500 0.028125 0.070833
0 0.476562 0.250000 0.028125 0.066667
0 0.446094 0.239583 0.017188 0.050000
0 0.407031 0.242708 0.026562 0.052083
0 0.365625 0.236458 0.021875 0.047917
0 0.387500 0.211458 0.015625 0.022917
0 0.425000 0.208333 0.025000 0.029167
0 0.424219 0.182292 0.017188 0.027083
0 0.455469 0.186458 0.017188 0.022917
0 0.496875 0.184375 0.018750 0.031250
0 0.530469 0.189583 0.023438 0.037500
0 0.528906 0.166667 0.020313 0.029167
0 0.500781 0.139583 0.020313 0.033333
0 0.479687 0.141667 0.015625 0.025000
0 0.482031 0.155208 0.017188 0.027083
0 0.458594 0.157292 0.020313 0.031250
0 0.442188 0.140625 0.025000 0.039583
0 0.441406 0.103125 0.020313 0.022917
0 0.475781 0.103125 0.020313 0.027083
0 0.495312 0.083333 0.018750 0.029167
0 0.588281 0.156250 0.023438 0.037500
0 0.557031 0.152083 0.023438 0.033333
0 0.582812 0.125000 0.021875 0.033333
0 0.564844 0.122917 0.020313 0.025000
0 0.626563 0.132292 0.025000 0.052083
0 0.609375 0.071875 0.031250 0.043750
0 0.582031 0.073958 0.020313 0.031250
0 0.542969 0.058333 0.020313 0.037500
0 0.563281 0.030208 0.017188 0.031250
0 0.589063 0.030208 0.021875 0.039583
0 0.526563 0.031250 0.018750 0.029167
0 0.496875 0.044792 0.021875 0.039583
0 0.485938 0.020833 0.021875 0.029167
0 0.459375 0.016667 0.021875 0.016667
0 0.464844 0.044792 0.023438 0.022917
0 0.464844 0.077083 0.026562 0.025000
0 0.419531 0.078125 0.017188 0.035417
0 0.417969 0.042708 0.023438 0.027083
0 0.404687 0.133333 0.025000 0.041667
0 0.365625 0.128125 0.031250 0.047917
0 0.388281 0.083333 0.029687 0.041667
0 0.352344 0.057292 0.023438 0.039583
0 0.328906 0.097917 0.029687 0.050000
0 0.720313 0.048958 0.031250 0.056250
0 0.764062 0.030208 0.028125 0.056250
0 0.731250 0.018750 0.031250 0.033333
0 0.694531 0.025000 0.035937 0.041667
0 0.281250 0.030208 0.018750 0.039583
0 0.317188 0.028125 0.018750 0.035417
0 0.266406 0.106250 0.014063 0.033333
0 0.288281 0.118750 0.023438 0.041667
0 0.221875 0.104167 0.021875 0.037500
0 0.251563 0.062500 0.018750 0.029167
0 0.222656 0.075000 0.026562 0.025000
0 0.234375 0.047917 0.025000 0.033333
0 0.259375 0.026042 0.021875 0.035417
0 0.210156 0.017708 0.017188 0.031250
0 0.200000 0.054167 0.015625 0.029167
0 0.190625 0.098958 0.021875 0.027083
0 0.166406 0.078125 0.020313 0.039583
0 0.177344 0.044792 0.020313 0.022917
0 0.161719 0.017708 0.023438 0.031250
0 0.141406 0.047917 0.026562 0.050000
0 0.145313 0.100000 0.028125 0.045833
0 0.095312 0.064583 0.021875 0.045833
0 0.123438 0.017708 0.025000 0.031250
0 0.092188 0.020833 0.031250 0.029167
0 0.067969 0.051042 0.023438 0.035417
0 0.032813 0.086458 0.028125 0.039583
0 0.012500 0.038542 0.021875 0.072917
0 0.042969 0.021875 0.026562 0.035417
0 0.032031 0.198958 0.035937 0.068750
0 0.019531 0.282292 0.032813 0.068750
0 0.071875 0.204167 0.031250 0.066667
0 0.102344 0.245833 0.029687 0.091667
0 0.146875 0.234375 0.034375 0.068750
0 0.211719 0.210417 0.029687 0.041667
