1 0.029687 0.101042 0.053125 0.160417
0 0.071875 0.142708 0.056250 0.264583
0 0.157812 0.144792 0.125000 0.285417
0 0.261719 0.115625 0.085938 0.206250
0 0.092969 0.636458 0.157812 0.685417
0 0.289062 0.463542 0.137500 0.502083
0 0.446094 0.328125 0.157812 0.435417
0 0.798438 0.287500 0.084375 0.150000
0 0.880469 0.384375 0.089063 0.177083
0 0.925781 0.678125 0.148438 0.643750
1 0.331250 0.107292 0.087500 0.168750
1 0.460938 0.025000 0.078125 0.045833
1 0.500000 0.129167 0.162500 0.187500
1 0.598437 0.068750 0.037500 0.066667
1 0.629687 0.043750 0.025000 0.050000
1 0.738281 0.118750 0.182812 0.191667
1 0.830469 0.070833 0.051562 0.079167
1 0.866406 0.042708 0.045312 0.056250
1 0.944531 0.152083 0.110937 0.216667
