0 0.024219 0.688525 0.017188 0.032787
0 0.037500 0.692037 0.012500 0.025761
0 0.050781 0.688525 0.010937 0.023419
0 0.263281 0.693208 0.014063 0.028103
0 0.276562 0.694379 0.015625 0.021077
0 0.364844 0.700234 0.014063 0.032787
0 0.386719 0.694379 0.014063 0.025761
0 0.432031 0.692037 0.014063 0.030445
0 0.501563 0.690867 0.009375 0.023419
0 0.514062 0.694379 0.009375 0.021077
0 0.527344 0.695550 0.014063 0.028103
0 0.539844 0.694379 0.014063 0.025761
0 0.558594 0.693208 0.014063 0.028103
0 0.508594 0.860656 0.014063 0.030445
0 0.440625 0.875878 0.009375 0.037471
0 0.455469 0.874707 0.010937 0.035129
0 0.175781 0.798595 0.020313 0.037471
