2 0.192000 0.236000 0.036000 0.130667
2 0.156000 0.254667 0.036000 0.098667
2 0.604000 0.646667 0.028000 0.040000
0 0.631000 0.770667 0.026000 0.074667
0 0.653000 0.769333 0.018000 0.029333
0 0.667000 0.774667 0.018000 0.024000
0 0.772000 0.777333 0.016000 0.029333
0 0.794000 0.780000 0.020000 0.040000
0 0.978000 0.760000 0.016000 0.042667
0 0.579000 0.733333 0.014000 0.032000
0 0.535000 0.756000 0.010000 0.018667
0 0.465000 0.769333 0.014000 0.034667
0 0.429000 0.765333 0.022000 0.074667
1 0.285000 0.782667 0.146000 0.082667
0 0.131000 0.756000 0.018000 0.061333
0 0.114000 0.753333 0.012000 0.056000
0 0.180000 0.758667 0.016000 0.061333
0 0.165000 0.756000 0.014000 0.056000
0 0.154000 0.757333 0.016000 0.053333
0 0.036000 0.752000 0.016000 0.048000
1 0.010000 0.758667 0.016000 0.050667
0 0.271000 0.674667 0.014000 0.037333
0 0.176000 0.672000 0.012000 0.016000
0 0.109000 0.678667 0.014000 0.024000
