0 0.650000 0.850000 0.078125 0.266667
0 0.547656 0.872917 0.082812 0.254167
0 0.475000 0.866667 0.081250 0.250000
0 0.353906 0.846875 0.057813 0.293750
0 0.255469 0.808333 0.032813 0.154167
0 0.179688 0.769792 0.015625 0.047917
0 0.865625 0.708333 0.034375 0.079167
0 0.804688 0.813542 0.034375 0.127083
0 0.978125 0.732292 0.040625 0.110417
0 0.894531 0.710417 0.023438 0.066667
0 0.292187 0.781250 0.025000 0.075000
0 0.154688 0.769792 0.018750 0.064583
0 0.057813 0.770833 0.018750 0.108333
0 0.097656 0.762500 0.023438 0.075000
0 0.157031 0.710417 0.020313 0.054167
0 0.188281 0.700000 0.020313 0.041667
0 0.444531 0.692708 0.023438 0.047917
0 0.460938 0.690625 0.009375 0.052083
0 0.474219 0.684375 0.014063 0.052083
0 0.496094 0.702083 0.017188 0.054167
0 0.614062 0.688542 0.021875 0.056250
0 0.701562 0.705208 0.025000 0.077083
0 0.772656 0.748958 0.032813 0.118750
0 0.778125 0.688542 0.028125 0.056250
