0 0.042969 0.633333 0.057813 0.175000
0 0.114062 0.625000 0.046875 0.183333
0 0.160938 0.607292 0.040625 0.185417
0 0.223438 0.615625 0.043750 0.135417
0 0.271094 0.598958 0.039062 0.152083
0 0.321875 0.611458 0.037500 0.156250
0 0.355469 0.592708 0.026562 0.131250
0 0.396094 0.593750 0.032813 0.120833
0 0.440625 0.588542 0.028125 0.143750
0 0.467187 0.575000 0.025000 0.129167
0 0.501563 0.579167 0.034375 0.125000
0 0.542969 0.575000 0.032813 0.141667
0 0.585156 0.580208 0.035937 0.131250
0 0.623437 0.575000 0.034375 0.150000
0 0.674219 0.561458 0.032813 0.135417
0 0.703125 0.566667 0.028125 0.125000
0 0.729688 0.570833 0.021875 0.100000
0 0.751563 0.554167 0.021875 0.112500
0 0.801562 0.566667 0.034375 0.112500
0 0.829688 0.532292 0.025000 0.106250
0 0.857812 0.545833 0.028125 0.104167
0 0.889062 0.546875 0.028125 0.131250
0 0.931250 0.512500 0.018750 0.045833
0 0.980469 0.518750 0.017188 0.045833
0 0.961719 0.520833 0.020313 0.054167
