2 0.545312 0.366667 0.018750 0.083333
2 0.560156 0.364583 0.023438 0.087500
2 0.580469 0.368750 0.017188 0.100000
1 0.803125 0.794792 0.087500 0.093750
1 0.751563 0.771875 0.025000 0.060417
1 0.726562 0.769792 0.015625 0.052083
1 0.703125 0.758333 0.018750 0.041667
1 0.548438 0.762500 0.031250 0.041667
1 0.573438 0.759375 0.015625 0.035417
1 0.592969 0.755208 0.007812 0.027083
1 0.605469 0.752083 0.010937 0.020833
1 0.632031 0.748958 0.014063 0.014583
1 0.456250 0.770833 0.050000 0.050000
0 0.407031 0.768750 0.017188 0.066667
1 0.359375 0.761458 0.031250 0.047917
1 0.278906 0.752083 0.051562 0.041667
1 0.093750 0.811458 0.171875 0.218750
