0 0.014063 0.247515 0.025000 0.033797
0 0.026562 0.231610 0.031250 0.041750
0 0.061719 0.229622 0.032813 0.049702
0 0.089844 0.250497 0.023438 0.039761
0 0.117188 0.232604 0.034375 0.055666
0 0.188281 0.236581 0.039062 0.055666
0 0.176563 0.185885 0.031250 0.037773
0 0.220312 0.158052 0.028125 0.061630
0 0.198437 0.168986 0.028125 0.047714
0 0.092188 0.162028 0.034375 0.065606
0 0.060937 0.138171 0.021875 0.041750
0 0.042188 0.161034 0.028125 0.055666
0 0.014063 0.149105 0.021875 0.059642
0 0.011719 0.081511 0.020313 0.039761
0 0.029687 0.052684 0.015625 0.033797
0 0.043750 0.079523 0.021875 0.035785
0 0.085156 0.080517 0.023438 0.037773
0 0.117188 0.043738 0.025000 0.043738
0 0.150781 0.048708 0.023438 0.037773
0 0.242188 0.104374 0.021875 0.041750
0 0.223438 0.023857 0.031250 0.043738
0 0.179688 0.019881 0.021875 0.035785
0 0.296094 0.142147 0.029687 0.049702
0 0.260156 0.143141 0.029687 0.051690
0 0.288281 0.223658 0.039062 0.073559
0 0.343750 0.208748 0.028125 0.055666
0 0.333594 0.163022 0.023438 0.031809
0 0.386719 0.196819 0.029687 0.051690
0 0.335156 0.077535 0.032813 0.071571
0 0.400781 0.085487 0.026562 0.063618
0 0.438281 0.071571 0.032813 0.047714
0 0.431250 0.107356 0.012500 0.027833
0 0.444531 0.137177 0.039062 0.047714
0 0.463281 0.188867 0.045312 0.063618
0 0.422656 0.246521 0.029687 0.043738
0 0.482812 0.067594 0.021875 0.035785
0 0.507812 0.084493 0.031250 0.057654
0 0.525000 0.155070 0.037500 0.067594
0 0.537500 0.085487 0.021875 0.035785
0 0.541406 0.043738 0.026562 0.039761
0 0.496875 0.024851 0.018750 0.045726
0 0.515625 0.033797 0.015625 0.027833
0 0.580469 0.040755 0.026562 0.053678
0 0.578125 0.144135 0.031250 0.069583
0 0.617188 0.142147 0.034375 0.061630
0 0.600781 0.187873 0.026562 0.045726
0 0.570312 0.240557 0.034375 0.055666
0 0.521094 0.236581 0.032813 0.043738
0 0.660937 0.149105 0.031250 0.075547
0 0.650781 0.064612 0.042188 0.053678
0 0.689844 0.108350 0.026562 0.065606
0 0.697656 0.079523 0.029687 0.047714
0 0.744531 0.086481 0.029687 0.033797
0 0.730469 0.126243 0.035937 0.057654
0 0.771875 0.040755 0.028125 0.041750
0 0.803125 0.033797 0.018750 0.031809
0 0.826562 0.035785 0.015625 0.043738
0 0.847656 0.040755 0.023438 0.041750
0 0.885156 0.025845 0.035937 0.047714
0 0.916406 0.032803 0.032813 0.045726
0 0.967969 0.041750 0.048438 0.063618
0 0.954688 0.125249 0.050000 0.067594
0 0.904687 0.137177 0.028125 0.067594
0 0.896094 0.064612 0.026562 0.049702
0 0.864844 0.075547 0.026562 0.047714
0 0.826562 0.099404 0.028125 0.043738
0 0.810156 0.125249 0.039062 0.051690
0 0.814844 0.207753 0.048438 0.101392
0 0.771094 0.110338 0.023438 0.049702
0 0.701562 0.208748 0.031250 0.071571
0 0.831250 0.390656 0.078125 0.208748
0 0.960938 0.385686 0.078125 0.286282
0 0.685156 0.424453 0.057813 0.141153
0 0.625781 0.404573 0.039062 0.133201
0 0.421094 0.419483 0.029687 0.103380
0 0.356250 0.430417 0.068750 0.149105
0 0.280469 0.423459 0.076563 0.147117
0 0.178906 0.435388 0.076563 0.147117
0 0.458594 0.511928 0.257812 0.618290
0 0.846875 0.641153 0.259375 0.379722
