0 0.879687 0.659708 0.050000 0.129436
0 0.917969 0.610647 0.020313 0.068894
0 0.943750 0.620042 0.028125 0.100209
0 0.964063 0.586639 0.012500 0.025052
0 0.987500 0.582463 0.009375 0.020877
1 0.968750 0.618998 0.025000 0.035491
1 0.989062 0.617954 0.012500 0.020877
1 0.870313 0.789144 0.087500 0.112735
1 0.768750 0.683716 0.037500 0.064718
1 0.836719 0.611691 0.045312 0.037578
0 0.653906 0.610647 0.020313 0.027140
1 0.660156 0.624217 0.060937 0.041754
1 0.603125 0.626305 0.053125 0.054280
0 0.544531 0.608559 0.017188 0.027140
0 0.384375 0.633612 0.025000 0.089770
0 0.348438 0.639875 0.028125 0.077244
0 0.246094 0.661795 0.070312 0.154489
0 0.163281 0.638831 0.029687 0.054280
0 0.089063 0.648225 0.028125 0.123173
0 0.057813 0.649269 0.018750 0.066806
0 0.025000 0.637787 0.015625 0.048017
0 0.009375 0.635699 0.015625 0.056367
