2 0.531250 0.414319 0.031250 0.100939
2 0.699219 0.416667 0.017188 0.068075
2 0.303125 0.307512 0.031250 0.136150
2 0.139844 0.228873 0.164062 0.039906
1 0.183594 0.738263 0.070312 0.082160
1 0.228906 0.673709 0.054688 0.089202
1 0.307031 0.698357 0.054688 0.068075
1 0.346875 0.678404 0.037500 0.065728
1 0.339844 0.619718 0.035937 0.042254
1 0.352344 0.597418 0.048438 0.030516
1 0.443750 0.529343 0.031250 0.058685
1 0.530469 0.509390 0.032813 0.051643
1 0.364063 0.765258 0.084375 0.107981
1 0.481250 0.778169 0.106250 0.166667
1 0.422656 0.674883 0.048438 0.030516
1 0.433594 0.650235 0.035937 0.023474
1 0.568750 0.772300 0.046875 0.103286
1 0.829688 0.818075 0.165625 0.288732
1 0.971875 0.826291 0.056250 0.342723
1 0.690625 0.792254 0.071875 0.190141
1 0.637500 0.773474 0.034375 0.185446
