1 0.640845 0.812500 0.159624 0.046875
1 0.786385 0.926562 0.093897 0.056250
1 0.840376 0.883594 0.103286 0.042188
1 0.715962 0.871094 0.103286 0.060937
0 0.627934 0.960938 0.039906 0.078125
0 0.703052 0.953906 0.082160 0.089063
0 0.577465 0.970313 0.046948 0.056250
0 0.531690 0.972656 0.039906 0.054688
0 0.487089 0.975781 0.030516 0.048438
1 0.591549 0.932031 0.248826 0.110937
1 0.827465 0.883594 0.110329 0.042188
0 0.950704 0.914844 0.023474 0.057813
0 0.915493 0.922656 0.028169 0.070312
0 0.874413 0.924219 0.021127 0.057813
1 0.948357 0.871875 0.093897 0.050000
1 0.403756 0.962500 0.178404 0.075000
1 0.221831 0.955469 0.119718 0.054688
1 0.098592 0.967969 0.093897 0.051562
1 0.149061 0.924219 0.119718 0.035937
1 0.061033 0.912500 0.056338 0.037500
1 0.091549 0.882812 0.089202 0.031250
0 0.231221 0.914844 0.025822 0.029687
0 0.266432 0.916406 0.030516 0.032813
1 0.257042 0.871094 0.143192 0.067187
1 0.071596 0.887500 0.063380 0.018750
1 0.145540 0.837500 0.046948 0.028125
1 0.245305 0.866406 0.119718 0.054688
1 0.402582 0.792969 0.307512 0.110937
1 0.031690 0.861719 0.053991 0.035937
1 0.077465 0.839063 0.089202 0.031250
1 0.145540 0.787500 0.140845 0.062500
1 0.025822 0.651563 0.042254 0.043750
1 0.070423 0.634375 0.037559 0.028125
1 0.025822 0.608594 0.037559 0.032813
1 0.071596 0.602344 0.044601 0.023438
1 0.113850 0.575000 0.021127 0.031250
1 0.050469 0.573438 0.039906 0.015625
1 0.038732 0.550781 0.044601 0.020313
1 0.062207 0.533594 0.030516 0.017188
1 0.062207 0.500781 0.049296 0.026562
1 0.082160 0.481250 0.032864 0.018750
1 0.099765 0.464844 0.025822 0.017188
1 0.153756 0.533594 0.049296 0.020313
1 0.146714 0.513281 0.035211 0.020313
1 0.157277 0.495312 0.051643 0.015625
1 0.156103 0.469531 0.025822 0.023438
1 0.214789 0.488281 0.030516 0.017188
1 0.242958 0.528906 0.049296 0.020313
1 0.271127 0.506250 0.044601 0.018750
1 0.200704 0.403906 0.021127 0.010937
1 0.484742 0.699219 0.100939 0.042188
1 0.512911 0.660156 0.082160 0.029687
1 0.536385 0.628906 0.058685 0.026562
1 0.541080 0.600781 0.049296 0.023438
1 0.423709 0.605469 0.053991 0.029687
1 0.393192 0.565625 0.049296 0.037500
1 0.353286 0.592187 0.039906 0.025000
1 0.302817 0.607812 0.061033 0.037500
1 0.233568 0.628125 0.053991 0.034375
1 0.674883 0.673438 0.058685 0.037500
1 0.673709 0.654687 0.070423 0.018750
1 0.649061 0.608594 0.035211 0.020313
1 0.658451 0.632031 0.053991 0.020313
1 0.661972 0.582812 0.051643 0.015625
1 0.733568 0.556250 0.058685 0.050000
1 0.778169 0.617188 0.044601 0.021875
1 0.750000 0.646875 0.063380 0.040625
1 0.881455 0.607031 0.039906 0.029687
1 0.960094 0.614844 0.065728 0.026562
1 0.956573 0.635938 0.072770 0.031250
1 0.904930 0.677344 0.049296 0.039062
1 0.951878 0.698438 0.082160 0.050000
1 0.893192 0.771875 0.213615 0.081250
1 0.727700 0.778906 0.145540 0.067187
1 0.960094 0.595313 0.051643 0.015625
1 0.132629 0.422656 0.021127 0.010937
1 0.167840 0.392188 0.021127 0.012500
1 0.198357 0.350781 0.025822 0.017188
1 0.154930 0.353125 0.018779 0.021875
1 0.228873 0.306250 0.016432 0.018750
1 0.174883 0.285156 0.021127 0.020313
1 0.167840 0.302344 0.016432 0.014063
1 0.223005 0.280469 0.023474 0.017188
