1 0.071094 0.939583 0.126562 0.120833
1 0.103906 0.851042 0.135937 0.089583
1 0.092969 0.773958 0.126562 0.114583
1 0.160156 0.686458 0.104688 0.160417
1 0.039844 0.661458 0.073438 0.110417
1 0.081250 0.612500 0.053125 0.100000
1 0.128906 0.541667 0.076563 0.079167
1 0.225000 0.581250 0.034375 0.062500
1 0.190625 0.547917 0.031250 0.066667
1 0.215625 0.495833 0.056250 0.041667
1 0.205469 0.461458 0.070312 0.064583
1 0.301563 0.581250 0.137500 0.208333
1 0.330469 0.751042 0.104688 0.102083
1 0.257812 0.831250 0.093750 0.091667
1 0.302344 0.932292 0.157812 0.118750
1 0.485938 0.960417 0.131250 0.079167
1 0.480469 0.872917 0.129688 0.087500
1 0.475000 0.762500 0.125000 0.150000
1 0.475000 0.656250 0.096875 0.095833
1 0.467969 0.590625 0.064062 0.056250
1 0.452344 0.570833 0.082812 0.041667
0 0.450781 0.536458 0.014063 0.031250
1 0.456250 0.511458 0.056250 0.064583
1 0.585156 0.575000 0.082812 0.104167
1 0.555469 0.532292 0.051562 0.060417
1 0.547656 0.490625 0.051562 0.035417
1 0.607031 0.667708 0.076563 0.043750
1 0.638281 0.707292 0.085938 0.060417
1 0.656250 0.770833 0.096875 0.062500
1 0.681250 0.844792 0.131250 0.102083
1 0.726562 0.954167 0.150000 0.091667
1 0.869531 0.858333 0.123438 0.137500
1 0.955469 0.973958 0.073438 0.052083
1 0.825000 0.748958 0.100000 0.089583
1 0.795312 0.657292 0.125000 0.156250
1 0.921094 0.641667 0.101562 0.104167
1 0.973437 0.731250 0.053125 0.125000
1 0.977344 0.569792 0.045312 0.081250
1 0.817187 0.530208 0.090625 0.085417
1 0.742969 0.498958 0.042188 0.072917
1 0.712500 0.581250 0.075000 0.054167
1 0.728125 0.645833 0.056250 0.104167
1 0.688281 0.548958 0.060937 0.064583
1 0.665625 0.528125 0.065625 0.081250
1 0.646094 0.479167 0.048438 0.045833
1 0.635156 0.445833 0.048438 0.050000
1 0.690625 0.418750 0.050000 0.054167
1 0.733594 0.415625 0.035937 0.047917
1 0.789062 0.432292 0.050000 0.060417
0 0.542188 0.643750 0.028125 0.050000
0 0.701562 0.447917 0.021875 0.070833
1 0.614844 0.407292 0.085938 0.110417
1 0.446875 0.460417 0.043750 0.050000
1 0.497656 0.451042 0.042188 0.072917
1 0.412500 0.402083 0.037500 0.058333
1 0.507812 0.392708 0.034375 0.039583
1 0.544531 0.345833 0.051562 0.058333
1 0.489063 0.358333 0.040625 0.041667
1 0.471875 0.339583 0.028125 0.033333
1 0.457031 0.377083 0.035937 0.033333
1 0.355469 0.438542 0.042188 0.035417
1 0.359375 0.405208 0.040625 0.035417
1 0.365625 0.343750 0.037500 0.041667
1 0.307812 0.388542 0.034375 0.043750
1 0.320312 0.363542 0.031250 0.031250
1 0.270313 0.343750 0.040625 0.045833
1 0.250781 0.382292 0.029687 0.039583
1 0.406250 0.321875 0.018750 0.031250
1 0.430469 0.283333 0.023438 0.020833
0 0.041406 0.538542 0.017188 0.060417
0 0.150000 0.481250 0.021875 0.062500
0 0.089844 0.470833 0.017188 0.058333
0 0.867188 0.356250 0.018750 0.058333
