0 0.138281 0.245283 0.082812 0.247978
0 0.432031 0.257412 0.082812 0.358491
0 0.862500 0.501348 0.028125 0.043127
0 0.849219 0.547170 0.023438 0.080863
0 0.827344 0.486523 0.026562 0.067385
0 0.802344 0.539084 0.032813 0.080863
0 0.749219 0.478437 0.017188 0.045822
0 0.771875 0.517520 0.018750 0.080863
0 0.667969 0.556604 0.023438 0.061995
0 0.913281 0.544474 0.023438 0.059299
0 0.942187 0.544474 0.031250 0.059299
0 0.562500 0.886792 0.040625 0.123989
0 0.614844 0.892183 0.051562 0.102426
0 0.699219 0.908356 0.032813 0.086253
0 0.781250 0.880054 0.034375 0.115903
0 0.825781 0.880054 0.042188 0.132075
0 0.895312 0.885445 0.050000 0.115903
0 0.970313 0.871968 0.031250 0.115903
