1 0.527344 0.798958 0.332813 0.193750
0 0.815625 0.719792 0.062500 0.114583
1 0.937500 0.740625 0.125000 0.247917
1 0.814063 0.962500 0.337500 0.075000
1 0.056250 0.852083 0.109375 0.183333
1 0.548438 0.547917 0.778125 0.304167
0 0.454688 0.355208 0.031250 0.064583
0 0.319531 0.361458 0.029687 0.068750
0 0.538281 0.359375 0.023438 0.064583
0 0.894531 0.266667 0.023438 0.083333
0 0.834375 0.216667 0.021875 0.083333
0 0.847656 0.119792 0.017188 0.039583
0 0.871094 0.119792 0.020313 0.043750
0 0.975781 0.366667 0.020313 0.108333
0 0.963281 0.316667 0.023438 0.062500
0 0.944531 0.369792 0.023438 0.047917
0 0.151562 0.208333 0.025000 0.054167
