0 0.9802083333333333 0.74765625 0.035416666666666666 0.0390625
0 0.8052083333333333 0.703125 0.16875 0.084375
0 0.95 0.7140625 0.09583333333333333 0.021875000000000002
0 0.428125 0.7140625 0.06041666666666667 0.040625
0 0.4979166666666667 0.69453125 0.04583333333333333 0.0546875
0 0.5635416666666666 0.7109375 0.05625 0.034375
0 0.4395833333333333 0.68125 0.17916666666666667 0.040625
0 0.2635416666666667 0.70625 0.03958333333333333 0.021875000000000002
0 0.22291666666666665 0.7039062500000001 0.041666666666666664 0.026562500000000003
0 0.346875 0.7109375 0.03958333333333333 0.021875000000000002
