0 0.230469 0.675234 0.114062 0.640187
1 0.075000 0.550234 0.143750 0.418224
1 0.243750 0.567757 0.203125 0.313084
1 0.398438 0.600467 0.093750 0.214953
0 0.470313 0.635514 0.062500 0.257009
1 0.514844 0.568925 0.104688 0.189252
0 0.601562 0.566589 0.034375 0.151869
1 0.702344 0.573598 0.129688 0.147196
0 0.733594 0.511682 0.057813 0.345794
0 0.823438 0.547897 0.021875 0.109813
1 0.790625 0.572430 0.043750 0.102804
0 0.867188 0.547897 0.012500 0.077103
0 0.883594 0.545561 0.010937 0.058411
0 0.914062 0.536215 0.012500 0.044393
0 0.960938 0.540888 0.012500 0.035047
2 0.910937 0.399533 0.012500 0.037383
2 0.924219 0.401869 0.014063 0.032710
2 0.967969 0.357477 0.010937 0.042056
