2 0.125000 0.369333 0.014000 0.056000
2 0.107000 0.432000 0.014000 0.042667
2 0.140000 0.456000 0.012000 0.042667
2 0.161000 0.470667 0.010000 0.034667
2 0.213000 0.378667 0.022000 0.053333
2 0.385000 0.508000 0.010000 0.024000
2 0.425000 0.508000 0.010000 0.029333
2 0.457000 0.508000 0.010000 0.029333
2 0.488000 0.514667 0.008000 0.021333
2 0.514000 0.510667 0.012000 0.034667
1 0.263000 0.616000 0.074000 0.058667
1 0.219000 0.617333 0.030000 0.040000
2 0.957000 0.448000 0.022000 0.048000
2 0.927000 0.456000 0.018000 0.048000
2 0.904000 0.474667 0.020000 0.048000
1 0.832000 0.624000 0.088000 0.053333
