0 0.011000 0.762667 0.014000 0.112000
0 0.048000 0.770667 0.044000 0.117333
0 0.111000 0.760000 0.026000 0.080000
0 0.082000 0.773333 0.020000 0.064000
0 0.266000 0.762667 0.024000 0.069333
0 0.285000 0.749333 0.014000 0.085333
0 0.307000 0.754667 0.018000 0.096000
0 0.326000 0.754667 0.016000 0.085333
0 0.365000 0.766667 0.022000 0.061333
0 0.428000 0.768000 0.020000 0.058667
0 0.507000 0.781333 0.034000 0.208000
0 0.537000 0.752000 0.026000 0.112000
0 0.611000 0.754667 0.018000 0.058667
0 0.591000 0.780000 0.018000 0.029333
0 0.631000 0.776000 0.022000 0.053333
0 0.674000 0.780000 0.024000 0.045333
0 0.731000 0.750667 0.030000 0.114667
0 0.787000 0.817333 0.054000 0.125333
0 0.855000 0.770667 0.026000 0.074667
0 0.827000 0.773333 0.018000 0.064000
0 0.908000 0.772000 0.028000 0.066667
0 0.953000 0.752000 0.030000 0.085333
