0 0.28984375 0.8395833333333333 0.18281250000000002 0.125
0 0.08359375000000001 0.8729166666666667 0.1609375 0.12916666666666665
0 0.9 0.6239583333333333 0.096875 0.13958333333333334
0 0.7742187500000001 0.3520833333333333 0.1171875 0.04583333333333333
0 0.7757812500000001 0.2864583333333333 0.0546875 0.06041666666666667
0 0.97265625 0.16145833333333334 0.0484375 0.03958333333333333
0 0.7296875 0.20625 0.046875 0.06666666666666667
0 0.35390625000000003 0.6104166666666666 0.1421875 0.0625
0 0.17578125 0.65 0.1484375 0.058333333333333334
0 0.19921875 0.5791666666666666 0.09531250000000001 0.0625
0 0.37578125 0.5104166666666666 0.1296875 0.07916666666666666
0 0.503125 0.46979166666666666 0.109375 0.07291666666666667
0 0.46875 0.42604166666666665 0.053125000000000006 0.03958333333333333
0 0.50625 0.38229166666666664 0.1 0.05625
0 0.5953125 0.34791666666666665 0.059375000000000004 0.07916666666666666
0 0.62421875 0.38229166666666664 0.0765625 0.04791666666666666
0 0.39921875 0.41354166666666664 0.0765625 0.04791666666666666
0 0.47109375000000003 0.3229166666666667 0.0578125 0.04583333333333333
0 0.5609375 0.28854166666666664 0.07187500000000001 0.05625
0 0.49921875000000004 0.28229166666666666 0.060937500000000006 0.05625
0 0.5242187500000001 0.20729166666666665 0.0484375 0.04791666666666666
0 0.55703125 0.18958333333333333 0.06406250000000001 0.058333333333333334
0 0.72421875 0.06770833333333333 0.029687500000000002 0.03958333333333333
0 0.6804687500000001 0.125 0.0328125 0.041666666666666664
0 0.6828125 0.06145833333333333 0.018750000000000003 0.022916666666666665
0 0.76875 0.04791666666666666 0.034375 0.025
