0 0.613281 0.327253 0.101562 0.491416
0 0.896875 0.398069 0.050000 0.246781
0 0.969531 0.324034 0.014063 0.085837
0 0.950000 0.278970 0.012500 0.051502
0 0.989844 0.317597 0.020313 0.094421
1 0.671875 0.211373 0.362500 0.375536
1 0.459375 0.241416 0.071875 0.118026
2 0.460156 0.197425 0.029687 0.081545
1 0.239844 0.378755 0.164062 0.160944
0 0.190625 0.301502 0.018750 0.049356
1 0.154688 0.297210 0.034375 0.040773
1 0.171094 0.257511 0.070312 0.055794
2 0.150000 0.238197 0.015625 0.034335
2 0.220312 0.236052 0.012500 0.034335
2 0.253906 0.215665 0.014063 0.027897
2 0.307812 0.232833 0.021875 0.040773
0 0.221094 0.282189 0.017188 0.049356
