0 0.689844 0.446875 0.051562 0.239583
1 0.782813 0.363542 0.162500 0.268750
1 0.946094 0.473958 0.107813 0.172917
1 0.887500 0.452083 0.031250 0.108333
1 0.615625 0.430208 0.090625 0.097917
2 0.545312 0.307292 0.018750 0.031250
1 0.546094 0.425000 0.035937 0.037500
1 0.444531 0.426042 0.042188 0.043750
1 0.053906 0.445833 0.092188 0.108333
1 0.153906 0.441667 0.095312 0.095833
1 0.244531 0.436458 0.073438 0.077083
1 0.310156 0.429167 0.060937 0.066667
1 0.367969 0.432292 0.039062 0.056250
1 0.404687 0.423958 0.034375 0.056250
