0 0.323437 0.286885 0.040625 0.175644
0 0.340625 0.679157 0.018750 0.093677
0 0.391406 0.680328 0.035937 0.063232
0 0.289062 0.658080 0.034375 0.056206
0 0.283594 0.743560 0.039062 0.119438
0 0.228906 0.669789 0.035937 0.065574
0 0.239063 0.766979 0.046875 0.128806
0 0.193750 0.769321 0.043750 0.105386
0 0.159375 0.798595 0.037500 0.107728
0 0.128906 0.704918 0.039062 0.065574
0 0.082812 0.737705 0.040625 0.079625
0 0.027344 0.779859 0.048438 0.074941
0 0.075000 0.831382 0.053125 0.093677
0 0.177344 0.878220 0.035937 0.032787
