0 0.8 0.9014423076923077 0.07187500000000001 0.10096153846153846
0 0.828125 0.96875 0.096875 0.04807692307692308
0 0.055468750000000004 0.9495192307692308 0.09843750000000001 0.07211538461538462
0 0.12734375 0.9134615384615385 0.09531250000000001 0.09615384615384616
0 0.46015625000000004 0.4987980769230769 0.045312500000000006 0.05048076923076923
0 0.32265625000000003 0.640625 0.045312500000000006 0.08413461538461539
0 0.3203125 0.905048076923077 0.09062500000000001 0.11778846153846155
0 0.33125000000000004 0.8221153846153847 0.08125 0.038461538461538464
0 0.325 0.8173076923076924 0.07500000000000001 0.05288461538461539
0 0.503125 0.6153846153846154 0.037500000000000006 0.06730769230769232
0 0.5109375 0.5733173076923077 0.034375 0.026442307692307696
0 0.36015625 0.5889423076923077 0.035937500000000004 0.04807692307692308
0 0.5640625 0.49759615384615385 0.028125 0.05288461538461539
0 0.45234375000000004 0.45793269230769235 0.0203125 0.021634615384615384
0 0.48125 0.4519230769230769 0.015625 0.02403846153846154
0 0.68125 0.6105769230769231 0.046875 0.05288461538461539
0 0.6765625000000001 0.6670673076923077 0.053125000000000006 0.07451923076923077
0 0.64765625 0.5949519230769231 0.0390625 0.06490384615384616
0 0.58203125 0.608173076923077 0.0484375 0.057692307692307696
0 0.6179687500000001 0.6286057692307693 0.010937500000000001 0.05048076923076923
0 0.63046875 0.515625 0.029687500000000002 0.03125
0 0.61484375 0.46995192307692313 0.029687500000000002 0.026442307692307696
