1 0.839953 0.654687 0.133178 0.071875
0 0.950935 0.634375 0.028037 0.050000
0 0.745327 0.660156 0.084112 0.060937
0 0.684579 0.717969 0.079439 0.148438
0 0.637850 0.638281 0.051402 0.048438
0 0.559579 0.661719 0.039720 0.073438
0 0.321262 0.659375 0.053738 0.062500
0 0.264019 0.632031 0.028037 0.035937
0 0.290888 0.613281 0.030374 0.023438
0 0.161215 0.664844 0.070093 0.082812
0 0.102804 0.632031 0.032710 0.039062
0 0.056075 0.653125 0.042056 0.065625
0 0.011682 0.633594 0.018692 0.032813
0 0.046729 0.615625 0.023364 0.021875
