1 0.625000 0.679688 0.133178 0.131250
1 0.765187 0.626563 0.077103 0.081250
1 0.793224 0.664844 0.025701 0.032813
1 0.830607 0.667188 0.049065 0.031250
1 0.938084 0.696875 0.123832 0.096875
2 0.941589 0.631250 0.060748 0.071875
1 0.510514 0.614062 0.067757 0.068750
1 0.517523 0.689063 0.063084 0.034375
0 0.394860 0.782031 0.046729 0.089063
0 0.345794 0.788281 0.042056 0.098437
0 0.268692 0.787500 0.032710 0.096875
0 0.302570 0.780469 0.035047 0.089063
0 0.143692 0.801562 0.044393 0.106250
0 0.099299 0.805469 0.039720 0.104688
0 0.059579 0.800781 0.030374 0.079687
0 0.016355 0.801562 0.028037 0.087500
0 0.710280 0.849219 0.074766 0.204687
0 0.788551 0.856250 0.077103 0.215625
