1 0.143750 0.964583 0.062500 0.025000
1 0.126562 0.942708 0.062500 0.018750
1 0.114062 0.927083 0.059375 0.020833
1 0.095312 0.917708 0.053125 0.014583
1 0.070312 0.905208 0.050000 0.027083
1 0.057031 0.880208 0.054688 0.031250
1 0.035156 0.864583 0.045312 0.020833
1 0.026562 0.838542 0.034375 0.022917
1 0.014844 0.816667 0.026562 0.020833
1 0.367188 0.983333 0.028125 0.016667
1 0.397656 0.992708 0.026562 0.014583
1 0.355469 0.960417 0.039062 0.020833
1 0.332813 0.946875 0.037500 0.018750
1 0.303906 0.927083 0.035937 0.025000
1 0.278125 0.912500 0.043750 0.029167
1 0.252344 0.896875 0.039062 0.022917
1 0.239063 0.876042 0.046875 0.027083
1 0.206250 0.864583 0.050000 0.016667
1 0.189062 0.840625 0.046875 0.027083
1 0.160156 0.829167 0.026562 0.025000
1 0.142187 0.803125 0.037500 0.018750
1 0.117969 0.787500 0.042188 0.020833
1 0.100000 0.767708 0.046875 0.022917
1 0.082031 0.754167 0.045312 0.025000
1 0.057031 0.733333 0.039062 0.016667
1 0.035156 0.722917 0.042188 0.025000
1 0.816406 0.578125 0.026562 0.018750
1 0.785937 0.579167 0.025000 0.020833
1 0.766406 0.572917 0.023438 0.016667
1 0.662500 0.555208 0.025000 0.018750
1 0.724219 0.539583 0.017188 0.020833
1 0.612500 0.546875 0.025000 0.018750
1 0.507031 0.525000 0.014063 0.016667
1 0.544531 0.529167 0.020313 0.012500
1 0.261719 0.461458 0.020313 0.014583
1 0.234375 0.459375 0.015625 0.018750
1 0.218750 0.452083 0.012500 0.016667
1 0.299219 0.475000 0.017188 0.016667
1 0.429688 0.505208 0.028125 0.014583
1 0.368750 0.488542 0.012500 0.014583
1 0.279687 0.469792 0.012500 0.014583
1 0.837500 0.506250 0.025000 0.016667
1 0.807813 0.503125 0.015625 0.014583
1 0.780469 0.500000 0.017188 0.012500
1 0.139063 0.417708 0.031250 0.018750
1 0.116406 0.460417 0.014063 0.016667
1 0.007031 0.475000 0.007812 0.016667
1 0.173437 0.409375 0.031250 0.022917
