0 0.822656 0.506250 0.020313 0.066667
0 0.939063 0.593750 0.046875 0.033333
0 0.767969 0.479167 0.010937 0.050000
0 0.778906 0.491667 0.010937 0.029167
0 0.717187 0.465625 0.009375 0.027083
0 0.668750 0.473958 0.015625 0.056250
0 0.614062 0.475000 0.012500 0.037500
0 0.601562 0.477083 0.012500 0.041667
0 0.409375 0.484375 0.012500 0.056250
0 0.390625 0.464583 0.015625 0.029167
0 0.378125 0.453125 0.015625 0.043750
0 0.264062 0.470833 0.015625 0.041667
0 0.303125 0.577083 0.065625 0.041667
0 0.447656 0.607292 0.054688 0.072917
0 0.579688 0.670833 0.125000 0.058333
0 0.196094 0.426042 0.010937 0.022917
0 0.116406 0.418750 0.010937 0.025000
0 0.101562 0.422917 0.012500 0.029167
0 0.090625 0.425000 0.009375 0.033333
0 0.041406 0.417708 0.010937 0.035417
0 0.032813 0.408333 0.009375 0.033333
0 0.010937 0.404167 0.012500 0.025000
0 0.013281 0.437500 0.010937 0.016667
