2 0.560156 0.130841 0.048438 0.158879
2 0.607031 0.071262 0.042188 0.137850
2 0.646094 0.136682 0.042188 0.137850
2 0.066406 0.438084 0.026562 0.086449
1 0.118750 0.775701 0.084375 0.088785
1 0.093750 0.725467 0.021875 0.016355
0 0.169531 0.738318 0.010937 0.046729
1 0.155469 0.725467 0.014063 0.016355
1 0.196875 0.723131 0.018750 0.021028
1 0.220312 0.718458 0.015625 0.016355
0 0.268750 0.752336 0.021875 0.093458
1 0.276562 0.716121 0.056250 0.086449
2 0.336719 0.603972 0.023438 0.091121
2 0.384375 0.585280 0.028125 0.086449
1 0.560156 0.767523 0.151562 0.072430
1 0.700781 0.829439 0.342187 0.182243
1 0.936719 0.683411 0.126562 0.240654
