0 0.978125 0.8895833333333333 0.040625 0.20833333333333334
0 0.6023437500000001 0.7666666666666666 0.0734375 0.0625
0 0.53125 0.7708333333333334 0.053125000000000006 0.058333333333333334
0 0.6703125000000001 0.7635416666666667 0.037500000000000006 0.04791666666666666
0 0.7078125000000001 0.7479166666666667 0.03125 0.04583333333333333
0 0.74609375 0.7625 0.0578125 0.06666666666666667
0 0.79296875 0.753125 0.0234375 0.06875
0 0.8187500000000001 0.7552083333333334 0.028125 0.04375
0 0.8445312500000001 0.7583333333333333 0.0234375 0.041666666666666664
0 0.9140625 0.7489583333333333 0.018750000000000003 0.027083333333333334
0 0.8929687500000001 0.7510416666666666 0.0140625 0.035416666666666666
