0 0.225000 0.442708 0.046875 0.064583
1 0.291406 0.480208 0.023438 0.035417
1 0.335156 0.487500 0.029687 0.029167
0 0.409375 0.456250 0.046875 0.104167
0 0.514844 0.476042 0.023438 0.047917
0 0.645312 0.466667 0.037500 0.070833
1 0.646094 0.562500 0.060937 0.091667
1 0.410938 0.580208 0.075000 0.093750
1 0.525000 0.531250 0.028125 0.054167
1 0.228906 0.550000 0.045312 0.066667
1 0.820312 0.506250 0.021875 0.045833
1 0.864062 0.513542 0.046875 0.056250
1 0.927344 0.471875 0.029687 0.031250
1 0.705469 0.479167 0.035937 0.037500
1 0.750000 0.471875 0.015625 0.022917
1 0.864844 0.441667 0.014063 0.020833
1 0.884375 0.434375 0.018750 0.018750
1 0.843750 0.436458 0.012500 0.018750
1 0.810937 0.451042 0.021875 0.031250
1 0.135156 0.386458 0.029687 0.018750
1 0.097656 0.382292 0.029687 0.014583
