2 0.937500 0.580208 0.028125 0.060417
2 0.901563 0.588542 0.031250 0.056250
2 0.901563 0.742708 0.034375 0.093750
2 0.957031 0.867708 0.032813 0.093750
2 0.910156 0.820833 0.023438 0.066667
2 0.724219 0.621875 0.017188 0.047917
2 0.705469 0.639583 0.017188 0.050000
2 0.732812 0.745833 0.015625 0.033333
2 0.676562 0.740625 0.012500 0.039583
0 0.879687 0.923958 0.018750 0.077083
0 0.861719 0.925000 0.014063 0.079167
0 0.692969 0.919792 0.023438 0.106250
1 0.721094 0.923958 0.126562 0.056250
0 0.739844 0.880208 0.017188 0.035417
0 0.635156 0.890625 0.010937 0.056250
0 0.807813 0.868750 0.009375 0.029167
0 0.523438 0.937500 0.028125 0.095833
0 0.560156 0.887500 0.014063 0.050000
0 0.537500 0.882292 0.009375 0.039583
0 0.500781 0.882292 0.010937 0.043750
2 0.513281 0.815625 0.010937 0.031250
2 0.502344 0.819792 0.007812 0.035417
2 0.492969 0.817708 0.007812 0.031250
1 0.451562 0.860417 0.046875 0.066667
2 0.385156 0.816667 0.014063 0.029167
1 0.326562 0.887500 0.040625 0.045833
1 0.261719 0.922917 0.120313 0.066667
0 0.270313 0.946875 0.031250 0.102083
1 0.039062 0.935417 0.065625 0.083333
0 0.038281 0.869792 0.014063 0.031250
0 0.111719 0.928125 0.032813 0.089583
1 0.272656 0.873958 0.039062 0.031250
