2 0.739844 0.418033 0.023438 0.072600
2 0.806250 0.437939 0.028125 0.074941
0 0.815625 0.580796 0.043750 0.234192
0 0.778906 0.586651 0.039062 0.213115
0 0.883594 0.583138 0.057813 0.248244
0 0.982812 0.577283 0.034375 0.269321
0 0.690625 0.579625 0.025000 0.152225
0 0.660156 0.576112 0.020313 0.135831
0 0.632812 0.588993 0.025000 0.114754
0 0.582812 0.507026 0.034375 0.081967
0 0.361719 0.580796 0.042188 0.285714
0 0.331250 0.579625 0.021875 0.194379
0 0.291406 0.577283 0.039062 0.278689
0 0.248438 0.585480 0.025000 0.192037
0 0.209375 0.580796 0.031250 0.276347
0 0.169531 0.579625 0.042188 0.306792
0 0.127344 0.588993 0.048438 0.236534
0 0.065625 0.581967 0.053125 0.358314
0 0.020313 0.585480 0.037500 0.304450
2 0.082031 0.386417 0.026562 0.070258
2 0.103906 0.434426 0.023438 0.058548
