2 0.244531 0.168750 0.129688 0.075000
2 0.804688 0.197917 0.131250 0.058333
1 0.613281 0.876042 0.051562 0.052083
1 0.376563 0.866667 0.037500 0.050000
1 0.079687 0.907292 0.134375 0.122917
2 0.467187 0.731250 0.028125 0.016667
2 0.581250 0.728125 0.028125 0.018750
2 0.532813 0.781250 0.012500 0.008333
2 0.531250 0.803125 0.012500 0.006250
1 0.464844 0.855208 0.026562 0.022917
1 0.483594 0.851042 0.010937 0.014583
1 0.500000 0.850000 0.012500 0.016667
1 0.516406 0.847917 0.010937 0.012500
2 0.697656 0.805208 0.010937 0.031250
