0 0.946875 0.720280 0.084375 0.559441
0 0.897656 0.491841 0.035937 0.102564
0 0.989844 0.504662 0.020313 0.100233
0 0.944531 0.333333 0.023438 0.163170
0 0.925781 0.287879 0.020313 0.072261
0 0.982031 0.319347 0.035937 0.172494
0 0.907031 0.314685 0.023438 0.102564
0 0.883594 0.325175 0.014063 0.067599
0 0.859375 0.311189 0.025000 0.100233
0 0.779687 0.418415 0.046875 0.221445
0 0.746094 0.733100 0.098437 0.473193
0 0.639844 0.719114 0.098437 0.552448
0 0.701562 0.488345 0.043750 0.132867
0 0.649219 0.391608 0.023438 0.069930
0 0.603125 0.463869 0.034375 0.097902
0 0.636719 0.423077 0.026562 0.081585
0 0.669531 0.344988 0.029687 0.083916
0 0.696094 0.296037 0.023438 0.107226
0 0.717969 0.296037 0.014063 0.102564
0 0.735938 0.298368 0.018750 0.093240
0 0.613281 0.290210 0.020313 0.062937
0 0.636719 0.269231 0.020313 0.118881
0 0.598437 0.252914 0.015625 0.053613
0 0.588281 0.287879 0.023438 0.053613
0 0.424219 0.571096 0.076563 0.195804
0 0.395313 0.791375 0.143750 0.417249
0 0.257031 0.784382 0.098437 0.412587
0 0.131250 0.734266 0.153125 0.452214
0 0.026562 0.559441 0.040625 0.205128
0 0.296875 0.518648 0.034375 0.137529
0 0.345313 0.503497 0.056250 0.139860
0 0.398438 0.455711 0.031250 0.100233
0 0.347656 0.311189 0.020313 0.044289
1 0.300781 0.360140 0.070312 0.160839
1 0.310156 0.236597 0.073438 0.081585
1 0.266406 0.212121 0.095312 0.177156
0 0.137500 0.339161 0.034375 0.118881
1 0.160938 0.294872 0.059375 0.081585
0 0.077344 0.446387 0.039062 0.174825
0 0.049219 0.462704 0.042188 0.184149
0 0.088281 0.354312 0.029687 0.116550
0 0.046875 0.290210 0.018750 0.076923
0 0.060937 0.315851 0.018750 0.039627
1 0.120313 0.241259 0.034375 0.076923
1 0.117969 0.188811 0.035937 0.032634
1 0.144531 0.159674 0.045312 0.039627
1 0.136719 0.121212 0.048438 0.037296
1 0.132031 0.085082 0.054688 0.053613
1 0.136719 0.030303 0.042188 0.041958
1 0.217188 0.027972 0.100000 0.046620
0 0.297656 0.019814 0.010937 0.034965
0 0.341406 0.034965 0.014063 0.055944
0 0.622656 0.114219 0.010937 0.041958
0 0.623437 0.061772 0.015625 0.034965
1 0.599219 0.071096 0.101562 0.058275
0 0.578906 0.024476 0.010937 0.034965
0 0.593750 0.018648 0.012500 0.027972
