2 0.192188 0.233681 0.018750 0.070496
2 0.073438 0.236292 0.025000 0.080940
2 0.140625 0.331593 0.012500 0.057441
2 0.189062 0.340731 0.015625 0.049608
2 0.242969 0.352480 0.014063 0.057441
2 0.284375 0.353786 0.012500 0.049608
2 0.735938 0.352480 0.012500 0.046997
2 0.811719 0.347258 0.010937 0.041775
2 0.935937 0.334204 0.012500 0.046997
2 0.314063 0.219321 0.018750 0.067885
2 0.450000 0.204961 0.018750 0.075718
1 0.360156 0.536554 0.089063 0.075718
1 0.523438 0.553525 0.206250 0.151436
1 0.758594 0.574413 0.164062 0.214099
1 0.903125 0.550914 0.084375 0.099217
