0 0.866406 0.798050 0.076563 0.247911
0 0.975781 0.869081 0.048438 0.233983
0 0.781250 0.717270 0.056250 0.225627
0 0.715625 0.809192 0.053125 0.342618
0 0.672656 0.669916 0.039062 0.125348
0 0.595313 0.724234 0.062500 0.278552
0 0.551562 0.623955 0.025000 0.044568
0 0.511719 0.747911 0.048438 0.309192
0 0.448437 0.621170 0.065625 0.245125
0 0.334375 0.791086 0.065625 0.401114
0 0.261719 0.810585 0.054688 0.306407
0 0.220312 0.792479 0.031250 0.231198
0 0.173437 0.640669 0.056250 0.451253
0 0.120313 0.626741 0.040625 0.272981
0 0.062500 0.525070 0.043750 0.153203
0 0.582031 0.417827 0.014063 0.083565
0 0.542969 0.445682 0.017188 0.116992
0 0.500781 0.413649 0.014063 0.058496
0 0.531250 0.445682 0.015625 0.100279
0 0.616406 0.422006 0.023438 0.069638
0 0.671875 0.427577 0.021875 0.091922
0 0.812500 0.474930 0.021875 0.064067
0 0.858594 0.487465 0.035937 0.094708
0 0.898438 0.500000 0.025000 0.103064
0 0.982031 0.526462 0.026562 0.072423
0 0.975000 0.440111 0.018750 0.038997
0 0.935937 0.497214 0.034375 0.119777
0 0.746875 0.491643 0.018750 0.047354
