2 0.544531 0.351415 0.023438 0.066038
2 0.532813 0.451651 0.018750 0.040094
2 0.355469 0.311321 0.026562 0.089623
2 0.428906 0.433962 0.014063 0.047170
2 0.453906 0.488208 0.010937 0.033019
2 0.475000 0.507075 0.009375 0.028302
2 0.521875 0.497642 0.012500 0.033019
2 0.498437 0.501179 0.009375 0.025943
1 0.924219 0.838443 0.151562 0.290094
1 0.800781 0.859670 0.095312 0.195755
1 0.868750 0.702830 0.040625 0.080189
1 0.828125 0.706368 0.046875 0.087264
1 0.710938 0.761792 0.106250 0.155660
1 0.692187 0.676887 0.087500 0.028302
1 0.639844 0.686321 0.029687 0.084906
1 0.607031 0.667453 0.060937 0.075472
1 0.509375 0.655660 0.090625 0.056604
1 0.472656 0.773585 0.310937 0.169811
1 0.389844 0.919811 0.679688 0.141509
0 0.803125 0.652123 0.021875 0.058962
0 0.763281 0.636792 0.020313 0.047170
0 0.729688 0.636792 0.021875 0.051887
0 0.703125 0.639151 0.018750 0.042453
0 0.677344 0.629717 0.017188 0.047170
0 0.967969 0.655660 0.020313 0.047170
1 0.417187 0.655660 0.056250 0.066038
1 0.452344 0.628538 0.026562 0.030660
1 0.456250 0.600236 0.021875 0.021226
1 0.477344 0.583726 0.026562 0.044811
1 0.515625 0.554245 0.025000 0.037736
0 0.529687 0.597877 0.006250 0.021226
0 0.540625 0.600236 0.009375 0.030660
0 0.558594 0.604953 0.010937 0.035377
1 0.411719 0.581368 0.060937 0.063679
1 0.371875 0.636792 0.031250 0.051887
1 0.242969 0.656840 0.060937 0.077830
1 0.276562 0.630896 0.034375 0.077830
1 0.316406 0.630896 0.026562 0.058962
1 0.345313 0.626179 0.025000 0.054245
0 0.139844 0.637972 0.020313 0.068396
0 0.088281 0.659198 0.032813 0.101415
0 0.018750 0.704009 0.025000 0.153302
0 0.178125 0.645047 0.025000 0.106132
