0 0.651000 0.204204 0.038000 0.066066
0 0.622000 0.261261 0.044000 0.078078
0 0.737000 0.259760 0.066000 0.189189
0 0.837000 0.193694 0.034000 0.063063
0 0.811000 0.247748 0.030000 0.087087
0 0.843000 0.280781 0.046000 0.081081
0 0.910000 0.247748 0.028000 0.063063
0 0.932000 0.270270 0.040000 0.060060
0 0.932000 0.334835 0.044000 0.057057
0 0.950000 0.163664 0.044000 0.063063
0 0.937000 0.088589 0.046000 0.087087
0 0.981000 0.039039 0.038000 0.066066
0 0.930000 0.022523 0.032000 0.039039
0 0.836000 0.078078 0.028000 0.042042
0 0.857000 0.127628 0.042000 0.063063
0 0.814000 0.034535 0.052000 0.039039
0 0.667000 0.465465 0.066000 0.498498
0 0.794000 0.328829 0.044000 0.063063
0 0.824000 0.363363 0.080000 0.090090
0 0.869000 0.549550 0.166000 0.312312
0 0.516000 0.136637 0.060000 0.129129
0 0.484000 0.042042 0.032000 0.066066
0 0.449000 0.151652 0.062000 0.129129
0 0.410000 0.072072 0.044000 0.072072
0 0.407000 0.022523 0.042000 0.039039
0 0.323000 0.030030 0.034000 0.054054
0 0.320000 0.148649 0.052000 0.117117
0 0.288000 0.072072 0.044000 0.060060
0 0.244000 0.042042 0.040000 0.078078
0 0.199000 0.046547 0.042000 0.081081
0 0.136000 0.022523 0.032000 0.039039
0 0.151000 0.091592 0.046000 0.093093
0 0.098000 0.060060 0.040000 0.084084
0 0.023000 0.073574 0.038000 0.105105
0 0.048000 0.046547 0.052000 0.087087
0 0.054000 0.165165 0.052000 0.120120
0 0.120000 0.183183 0.068000 0.114114
0 0.219000 0.202703 0.046000 0.105105
0 0.252000 0.139640 0.048000 0.111111
0 0.291000 0.316817 0.058000 0.111111
0 0.188000 0.292793 0.040000 0.057057
0 0.208000 0.351351 0.032000 0.054054
0 0.171000 0.360360 0.034000 0.054054
0 0.066000 0.316817 0.052000 0.099099
0 0.018000 0.373874 0.024000 0.057057
0 0.056000 0.456456 0.068000 0.168168
0 0.231000 0.599099 0.266000 0.441441
