2 0.032031 0.054430 0.051562 0.083544
2 0.098437 0.229114 0.043750 0.129114
2 0.108594 0.373418 0.042188 0.118987
2 0.076563 0.408861 0.040625 0.124051
1 0.016406 0.705063 0.029687 0.093671
1 0.136719 0.684810 0.098437 0.124051
1 0.216406 0.635443 0.035937 0.060759
1 0.274219 0.615190 0.026562 0.045570
2 0.274219 0.472152 0.026562 0.093671
2 0.232031 0.486076 0.017188 0.070886
0 0.400781 0.659494 0.039062 0.124051
0 0.435156 0.662025 0.020313 0.073418
0 0.444531 0.613924 0.010937 0.027848
0 0.457813 0.643038 0.015625 0.030380
0 0.482031 0.655696 0.023438 0.060759
0 0.475000 0.617722 0.015625 0.035443
0 0.525000 0.639241 0.012500 0.027848
0 0.552344 0.659494 0.023438 0.058228
0 0.585156 0.610127 0.014063 0.045570
0 0.597656 0.631646 0.020313 0.063291
0 0.623437 0.669620 0.015625 0.063291
0 0.675000 0.672152 0.028125 0.118987
