1 0.466406 0.641667 0.279687 0.312500
1 0.675000 0.606250 0.062500 0.058333
1 0.731250 0.585417 0.043750 0.041667
1 0.814844 0.587500 0.039062 0.058333
1 0.785937 0.557292 0.031250 0.027083
1 0.846875 0.555208 0.028125 0.039583
1 0.864844 0.528125 0.023438 0.018750
1 0.877344 0.512500 0.014063 0.016667
1 0.849219 0.510417 0.020313 0.025000
1 0.753125 0.517708 0.021875 0.031250
1 0.705469 0.537500 0.023438 0.029167
1 0.661719 0.555208 0.029687 0.018750
1 0.639844 0.533333 0.023438 0.020833
1 0.683594 0.522917 0.023438 0.029167
