1 0.500000 0.500000 0.284375 0.425000
1 0.667188 0.556250 0.043750 0.154167
1 0.746094 0.548958 0.079687 0.160417
0 0.821875 0.604167 0.100000 0.341667
1 0.914844 0.595833 0.060937 0.145833
1 0.971875 0.616667 0.056250 0.187500
1 0.935156 0.446875 0.120313 0.156250
1 0.800781 0.442708 0.132812 0.072917
0 0.198437 0.764583 0.106250 0.470833
1 0.295312 0.843750 0.562500 0.312500
1 0.450000 0.779167 0.856250 0.429167
0 0.130469 0.515625 0.042188 0.081250
0 0.093750 0.515625 0.028125 0.110417
0 0.249219 0.512500 0.035937 0.083333
