0 0.168750 0.436709 0.056250 0.270042
0 0.082031 0.449367 0.048438 0.274262
0 0.026562 0.449367 0.050000 0.291139
2 0.016406 0.222574 0.014063 0.052743
0 0.028906 0.310127 0.014063 0.080169
0 0.039062 0.289030 0.009375 0.025316
0 0.063281 0.303797 0.010937 0.042194
2 0.028125 0.194093 0.025000 0.084388
2 0.053906 0.202532 0.020313 0.067511
2 0.132031 0.208861 0.023438 0.042194
2 0.215625 0.197257 0.028125 0.094937
1 0.167187 0.267932 0.137500 0.168776
0 0.263281 0.334388 0.035937 0.090717
2 0.381250 0.112869 0.046875 0.124473
2 0.418750 0.109705 0.043750 0.130802
1 0.564844 0.474684 0.589063 0.590717
1 0.935156 0.492616 0.129688 0.289030
2 0.586719 0.028481 0.070312 0.044304
0 0.886719 0.306962 0.020313 0.094937
0 0.900781 0.274262 0.010937 0.037975
0 0.917188 0.301688 0.025000 0.097046
0 0.939063 0.303797 0.018750 0.092827
0 0.963281 0.303797 0.020313 0.097046
