0 0.914000 0.758667 0.024000 0.082667
0 0.969000 0.849333 0.062000 0.264000
1 0.889000 0.741333 0.166000 0.133333
1 0.775000 0.758667 0.066000 0.034667
1 0.732000 0.738667 0.032000 0.053333
0 0.776000 0.713333 0.016000 0.050667
1 0.802000 0.697333 0.036000 0.045333
1 0.630000 0.740000 0.108000 0.066667
0 0.621000 0.810667 0.030000 0.096000
0 0.576000 0.800000 0.020000 0.085333
0 0.549000 0.793333 0.022000 0.104000
0 0.524000 0.808000 0.028000 0.069333
0 0.506000 0.761333 0.008000 0.040000
0 0.465000 0.754667 0.014000 0.032000
0 0.487000 0.768000 0.014000 0.037333
0 0.403000 0.746667 0.014000 0.058667
0 0.338000 0.841333 0.036000 0.061333
0 0.374000 0.834667 0.040000 0.069333
0 0.295000 0.808000 0.034000 0.122667
0 0.253000 0.833333 0.022000 0.066667
1 0.195000 0.748000 0.078000 0.045333
0 0.062000 0.821333 0.020000 0.090667
