0 0.853906 0.478972 0.098437 0.168224
0 0.760156 0.552570 0.082812 0.198598
0 0.706250 0.767523 0.075000 0.245327
0 0.363281 0.425234 0.067187 0.233645
0 0.128906 0.510514 0.189062 0.343458
0 0.009375 0.199766 0.015625 0.063084
0 0.025781 0.202103 0.017188 0.058411
0 0.074219 0.244159 0.023438 0.114486
0 0.157031 0.207944 0.023438 0.088785
0 0.137500 0.191589 0.012500 0.046729
0 0.193750 0.203271 0.009375 0.018692
0 0.228906 0.209112 0.014063 0.030374
0 0.303125 0.193925 0.012500 0.018692
0 0.394531 0.200935 0.010937 0.079439
0 0.407813 0.188084 0.015625 0.049065
0 0.418750 0.172897 0.009375 0.028037
0 0.432812 0.190421 0.012500 0.044393
0 0.441406 0.176402 0.004687 0.021028
0 0.450781 0.183411 0.010937 0.039720
0 0.470313 0.226636 0.012500 0.037383
0 0.482031 0.217290 0.004687 0.023364
0 0.489844 0.220794 0.014063 0.030374
0 0.535937 0.216121 0.021875 0.044393
0 0.608594 0.199766 0.017188 0.095794
0 0.635156 0.184579 0.010937 0.065421
0 0.652344 0.205607 0.017188 0.112150
0 0.727344 0.190421 0.010937 0.058411
0 0.743750 0.213785 0.021875 0.086449
0 0.923438 0.196262 0.012500 0.088785
0 0.939844 0.184579 0.014063 0.084112
0 0.982812 0.176402 0.012500 0.053738
1 0.965625 0.096963 0.068750 0.044393
1 0.903906 0.098131 0.045312 0.046729
1 0.847656 0.093458 0.057813 0.051402
1 0.726562 0.105140 0.053125 0.046729
1 0.671094 0.106308 0.039062 0.044393
1 0.627344 0.105140 0.045312 0.046729
1 0.546094 0.112150 0.042188 0.042056
1 0.500000 0.099299 0.040625 0.072430
1 0.437500 0.113318 0.043750 0.049065
1 0.390625 0.113318 0.043750 0.049065
1 0.313281 0.106308 0.045312 0.058411
1 0.263281 0.117991 0.048438 0.039720
1 0.202344 0.112150 0.054688 0.060748
