0 0.028906 0.565625 0.029687 0.431250
0 0.006250 0.556250 0.009375 0.387500
0 0.086719 0.537500 0.023438 0.387500
0 0.201563 0.543750 0.028125 0.412500
0 0.224219 0.500000 0.017188 0.337500
0 0.253125 0.509375 0.018750 0.293750
0 0.277344 0.478125 0.014063 0.268750
0 0.296875 0.503125 0.012500 0.293750
0 0.329688 0.525000 0.018750 0.362500
0 0.358594 0.496875 0.026562 0.243750
0 0.418750 0.387500 0.018750 0.075000
0 0.435937 0.534375 0.025000 0.418750
0 0.462500 0.500000 0.021875 0.400000
0 0.476562 0.362500 0.021875 0.175000
0 0.542188 0.484375 0.021875 0.356250
0 0.564844 0.468750 0.010937 0.312500
0 0.582812 0.503125 0.028125 0.431250
0 0.653125 0.468750 0.025000 0.362500
0 0.703125 0.493750 0.025000 0.375000
0 0.761719 0.493750 0.042188 0.462500
0 0.852344 0.328125 0.014063 0.106250
0 0.864062 0.540625 0.031250 0.531250
0 0.903125 0.453125 0.018750 0.381250
0 0.921094 0.543750 0.023438 0.450000
0 0.982031 0.531250 0.035937 0.450000
