2 0.182812 0.269412 0.040625 0.072941
2 0.228906 0.290588 0.048438 0.068235
0 0.018750 0.469412 0.021875 0.096471
0 0.033594 0.414118 0.014063 0.042353
0 0.021875 0.622353 0.025000 0.087059
0 0.044531 0.605882 0.029687 0.049412
0 0.060937 0.537647 0.034375 0.054118
0 0.125781 0.438824 0.029687 0.049412
0 0.248438 0.443529 0.059375 0.105882
0 0.298438 0.430588 0.031250 0.042353
0 0.311719 0.469412 0.017188 0.049412
0 0.342969 0.456471 0.026562 0.037647
0 0.392969 0.427059 0.042188 0.096471
0 0.444531 0.476471 0.020313 0.049412
0 0.433594 0.414118 0.020313 0.042353
0 0.467187 0.468235 0.015625 0.037647
0 0.489063 0.431765 0.025000 0.058824
0 0.507031 0.443529 0.017188 0.044706
0 0.505469 0.531765 0.023438 0.056471
0 0.534375 0.452941 0.018750 0.040000
0 0.554688 0.428235 0.018750 0.051765
0 0.587500 0.476471 0.021875 0.049412
0 0.602344 0.444706 0.017188 0.032941
0 0.635156 0.454118 0.017188 0.037647
0 0.656250 0.462353 0.021875 0.049412
0 0.696094 0.458824 0.020313 0.065882
0 0.713281 0.449412 0.014063 0.047059
0 0.737500 0.448235 0.015625 0.035294
0 0.762500 0.464706 0.015625 0.040000
0 0.782813 0.422353 0.025000 0.049412
0 0.806250 0.456471 0.025000 0.032941
0 0.889844 0.438824 0.032813 0.077647
0 0.862500 0.449412 0.025000 0.042353
0 0.960938 0.440000 0.034375 0.065882
0 0.932031 0.432941 0.017188 0.042353
0 0.990625 0.442353 0.018750 0.037647
2 0.881250 0.335294 0.031250 0.068235
2 0.919531 0.341176 0.023438 0.056471
1 0.863281 0.703529 0.210938 0.207059
1 0.967969 0.654118 0.064062 0.183529
1 0.203125 0.811765 0.328125 0.249412
1 0.427344 0.732941 0.123438 0.214118
