2 0.899219 0.357143 0.039062 0.081967
2 0.867188 0.377049 0.040625 0.093677
2 0.710156 0.521077 0.014063 0.044496
2 0.695312 0.518735 0.012500 0.053864
2 0.571875 0.462529 0.021875 0.067916
2 0.592969 0.455504 0.017188 0.067916
2 0.571094 0.551522 0.017188 0.044496
2 0.522656 0.594848 0.010937 0.037471
2 0.793750 0.632319 0.012500 0.042155
2 0.807813 0.622951 0.009375 0.032787
1 0.941406 0.709602 0.095312 0.051522
0 0.533594 0.744731 0.032813 0.103044
0 0.560937 0.747073 0.028125 0.074941
0 0.381250 0.717799 0.028125 0.119438
0 0.297656 0.738876 0.035937 0.119438
1 0.167187 0.735363 0.146875 0.084309
1 0.235937 0.706089 0.081250 0.072600
1 0.017188 0.744731 0.025000 0.065574
1 0.021094 0.685012 0.029687 0.049180
