1 0.370833 0.728906 0.037500 0.026562
1 0.341667 0.728906 0.025000 0.020313
1 0.515625 0.733594 0.043750 0.035937
1 0.571875 0.733594 0.047917 0.039062
1 0.776042 0.739062 0.131250 0.065625
1 0.673958 0.744531 0.089583 0.051562
1 0.185417 0.729688 0.050000 0.034375
1 0.127083 0.725781 0.033333 0.014063
1 0.080208 0.725000 0.031250 0.015625
1 0.021875 0.725000 0.027083 0.018750
2 0.134375 0.654687 0.022917 0.018750
2 0.185417 0.661719 0.012500 0.017188
2 0.072917 0.648438 0.008333 0.018750
1 0.964583 0.743750 0.070833 0.084375
