0 0.35859375000000004 0.8120805369127516 0.0671875 0.22371364653243847
0 0.3296875 0.6297539149888143 0.05 0.19463087248322147
0 0.43359375 0.6722595078299776 0.045312500000000006 0.07829977628635347
0 0.6062500000000001 0.7058165548098434 0.059375000000000004 0.24384787472035793
0 0.62265625 0.4507829977628635 0.0578125 0.10514541387024608
0 0.546875 0.5514541387024608 0.065625 0.203579418344519
0 0.45625000000000004 0.529082774049217 0.05 0.18120805369127516
0 0.36875 0.5044742729306487 0.065625 0.1588366890380313
0 0.43125 0.31431767337807603 0.037500000000000006 0.0738255033557047
0 0.50546875 0.3713646532438479 0.060937500000000006 0.10738255033557047
0 0.5476562500000001 0.32662192393736017 0.029687500000000002 0.040268456375838924
0 0.5421875 0.2953020134228188 0.03125 0.03131991051454139
0 0.5554687500000001 0.2080536912751678 0.045312500000000006 0.116331096196868
0 0.61875 0.1935123042505593 0.043750000000000004 0.1319910514541387
0 0.6390625000000001 0.31655480984340045 0.040625 0.09619686800894854
0 0.69453125 0.38366890380313196 0.051562500000000004 0.18568232662192394
0 0.7250000000000001 0.23601789709172258 0.043750000000000004 0.10067114093959731
0 0.74609375 0.17337807606263983 0.0328125 0.05592841163310962
0 0.71796875 0.11409395973154363 0.0421875 0.08948545861297538
0 0.7625000000000001 0.12527964205816555 0.025 0.049217002237136466
0 0.6101562500000001 0.07494407158836688 0.026562500000000003 0.0738255033557047
0 0.546875 0.07718120805369127 0.040625 0.07829977628635347
