0 0.606250 0.401639 0.100000 0.161593
0 0.334375 0.533958 0.059375 0.107728
0 0.389062 0.591335 0.059375 0.091335
0 0.213281 0.543326 0.057813 0.088993
0 0.172656 0.624122 0.082812 0.091335
0 0.103125 0.578454 0.053125 0.088993
0 0.071875 0.521077 0.034375 0.039813
0 0.025000 0.564403 0.046875 0.121780
0 0.057031 0.775176 0.089063 0.295082
0 0.163281 0.820843 0.139063 0.255269
0 0.281250 0.766979 0.112500 0.278689
0 0.438281 0.813817 0.135937 0.339578
0 0.560937 0.750585 0.100000 0.269321
0 0.650781 0.861827 0.135937 0.271663
0 0.790625 0.872365 0.109375 0.255269
0 0.886719 0.854801 0.085938 0.281030
0 0.960938 0.765808 0.078125 0.262295
0 0.831250 0.631148 0.068750 0.170960
0 0.757812 0.655738 0.075000 0.159251
0 0.678125 0.659251 0.084375 0.138173
0 0.714063 0.539813 0.046875 0.081967
0 0.627344 0.555035 0.054688 0.046838
0 0.610156 0.598361 0.054688 0.067916
0 0.895312 0.557377 0.056250 0.084309
0 0.882031 0.641686 0.035937 0.070258
