2 0.507031 0.369718 0.023438 0.063380
2 0.390625 0.368545 0.025000 0.093897
0 0.230469 0.663146 0.020313 0.110329
0 0.025000 0.654930 0.018750 0.103286
1 0.387500 0.678404 0.253125 0.131455
2 0.385156 0.555164 0.007812 0.021127
2 0.353906 0.553991 0.007812 0.023474
2 0.414844 0.575117 0.007812 0.023474
2 0.433594 0.576291 0.007812 0.016432
0 0.547656 0.634977 0.014063 0.063380
0 0.602344 0.685446 0.092188 0.488263
0 0.739062 0.684272 0.018750 0.124413
0 0.770312 0.685446 0.031250 0.131455
2 0.900781 0.566901 0.035937 0.035211
