0 0.201042 0.765625 0.343750 0.384375
0 0.518750 0.534375 0.141667 0.209375
0 0.584375 0.466406 0.047917 0.076563
0 0.600000 0.416406 0.045833 0.048438
0 0.639583 0.405469 0.033333 0.057813
0 0.671875 0.428906 0.047917 0.101562
0 0.735417 0.439844 0.079167 0.123438
0 0.843750 0.564063 0.120833 0.506250
0 0.967708 0.458594 0.064583 0.398438
0 0.759375 0.347656 0.022917 0.089063
0 0.804167 0.359375 0.033333 0.040625
0 0.839583 0.332031 0.033333 0.060937
0 0.815625 0.330469 0.031250 0.051562
0 0.733333 0.336719 0.037500 0.076563
0 0.682292 0.320312 0.027083 0.056250
0 0.653125 0.324219 0.031250 0.048438
0 0.586458 0.321875 0.031250 0.040625
1 0.189583 0.303906 0.125000 0.051562
