0 0.640625 0.410480 0.087500 0.393013
0 0.576562 0.484716 0.075000 0.275109
0 0.943750 0.611354 0.090625 0.358079
1 0.856250 0.443231 0.287500 0.423581
1 0.577344 0.350437 0.282813 0.312227
0 0.349219 0.288210 0.057813 0.165939
0 0.289062 0.413755 0.103125 0.342795
0 0.225000 0.304585 0.037500 0.093886
0 0.180469 0.265284 0.023438 0.067686
0 0.116406 0.315502 0.048438 0.124454
0 0.085156 0.348253 0.029687 0.102620
0 0.051562 0.376638 0.021875 0.050218
0 0.032031 0.479258 0.042188 0.106987
0 0.015625 0.319869 0.028125 0.133188
1 0.092969 0.305677 0.139063 0.135371
