2 0.085938 0.287500 0.043750 0.125000
2 0.128125 0.355208 0.012500 0.047917
1 0.044531 0.453125 0.054688 0.043750
1 0.010156 0.434375 0.017188 0.052083
1 0.130469 0.418750 0.079687 0.054167
1 0.176563 0.432292 0.084375 0.035417
2 0.229687 0.366667 0.021875 0.033333
1 0.345313 0.425000 0.065625 0.037500
2 0.357031 0.350000 0.023438 0.058333
1 0.482812 0.427083 0.087500 0.037500
2 0.588281 0.346875 0.020313 0.060417
2 0.688281 0.300000 0.039062 0.087500
2 0.712500 0.294792 0.015625 0.081250
1 0.528906 0.566667 0.195312 0.237500
1 0.824219 0.705208 0.335938 0.368750
1 0.944531 0.496875 0.110937 0.072917
1 0.813281 0.422917 0.054688 0.033333
