0 0.437113 0.575495 0.251546 0.745050
1 0.814433 0.690594 0.371134 0.618812
1 0.820619 0.325495 0.243299 0.111386
1 0.657732 0.339109 0.094845 0.079208
1 0.590722 0.323020 0.043299 0.061881
1 0.538144 0.330446 0.065979 0.066832
1 0.491753 0.313119 0.035052 0.047030
1 0.260825 0.394802 0.158763 0.155941
1 0.376289 0.327970 0.047423 0.071782
1 0.360825 0.280941 0.070103 0.047030
1 0.311340 0.273515 0.049485 0.042079
1 0.156701 0.329208 0.049485 0.079208
1 0.125773 0.303218 0.041237 0.061881
0 0.060825 0.313119 0.030928 0.116337
0 0.021649 0.314356 0.035052 0.113861
1 0.104124 0.271040 0.043299 0.037129
1 0.189691 0.248762 0.032990 0.032178
1 0.280412 0.268564 0.037113 0.037129
