0 0.402344 0.621780 0.195312 0.737705
0 0.614844 0.425059 0.042188 0.208431
0 0.705469 0.480094 0.045312 0.327869
0 0.768750 0.435597 0.043750 0.234192
0 0.799219 0.361827 0.020313 0.091335
0 0.812500 0.361827 0.018750 0.096019
0 0.835156 0.358314 0.023438 0.103044
0 0.857812 0.354801 0.021875 0.119438
0 0.875000 0.346604 0.018750 0.126464
0 0.917188 0.343091 0.040625 0.133489
0 0.980469 0.354801 0.039062 0.142857
1 0.691406 0.354801 0.089063 0.081967
0 0.222656 0.489461 0.057813 0.285714
0 0.268750 0.457845 0.056250 0.227166
0 0.062500 0.489461 0.084375 0.341920
2 0.055469 0.284543 0.029687 0.081967
0 0.154688 0.391101 0.018750 0.084309
