0 0.107813 0.469555 0.062500 0.203747
0 0.189062 0.450820 0.075000 0.170960
0 0.243750 0.427400 0.037500 0.081967
0 0.300000 0.488290 0.071875 0.138173
0 0.332031 0.416862 0.039062 0.084309
0 0.410156 0.491803 0.060937 0.159251
0 0.440625 0.407494 0.040625 0.098361
0 0.514844 0.455504 0.057813 0.152225
0 0.611719 0.448478 0.048438 0.175644
0 0.640625 0.409836 0.031250 0.070258
0 0.719531 0.464871 0.045312 0.138173
0 0.719531 0.366511 0.042188 0.039813
0 0.811719 0.448478 0.070312 0.180328
0 0.903125 0.464871 0.053125 0.152225
0 0.985156 0.428571 0.029687 0.126464
