2 0.614844 0.175644 0.145313 0.346604
2 0.536719 0.186183 0.114062 0.367681
2 0.294531 0.482436 0.010937 0.037471
2 0.714844 0.807963 0.157812 0.238876
2 0.475000 0.745902 0.018750 0.086651
2 0.483594 0.843091 0.045312 0.088993
1 0.031250 0.847775 0.050000 0.201405
1 0.096875 0.854801 0.053125 0.107728
1 0.151562 0.865340 0.062500 0.081967
1 0.196094 0.957845 0.157812 0.084309
0 0.239844 0.852459 0.017188 0.103044
0 0.256250 0.855972 0.009375 0.105386
0 0.289062 0.862998 0.021875 0.091335
0 0.309375 0.901639 0.034375 0.135831
1 0.186719 0.416862 0.026562 0.037471
1 0.140625 0.601874 0.046875 0.056206
0 0.569531 0.898126 0.026562 0.161593
1 0.196094 0.380562 0.029687 0.035129
