0 0.889062 0.308786 0.121875 0.354005
0 0.977344 0.170543 0.045312 0.315245
0 0.918750 0.073643 0.050000 0.131783
0 0.875000 0.068475 0.034375 0.131783
0 0.835156 0.091731 0.023438 0.157623
0 0.761719 0.273902 0.076563 0.532300
0 0.717969 0.067183 0.017188 0.098191
0 0.689844 0.082687 0.020313 0.134367
0 0.666406 0.182171 0.023438 0.224806
0 0.625000 0.183463 0.028125 0.248062
0 0.578125 0.135659 0.037500 0.266150
0 0.671094 0.037468 0.010937 0.033592
0 0.537500 0.086563 0.025000 0.105943
0 0.516406 0.076227 0.020313 0.121447
0 0.474219 0.186047 0.048438 0.366925
0 0.451562 0.025840 0.018750 0.046512
0 0.410156 0.099483 0.029687 0.188630
0 0.240625 0.038760 0.025000 0.056848
0 0.236719 0.182171 0.039062 0.229974
0 0.215625 0.059432 0.018750 0.062016
0 0.196875 0.131783 0.037500 0.232558
0 0.171094 0.155039 0.064062 0.289406
0 0.139063 0.192506 0.059375 0.235142
0 0.059375 0.193798 0.096875 0.382429
0 0.042188 0.324289 0.081250 0.472868
0 0.098437 0.133075 0.021875 0.157623
