0 0.032813 0.551255 0.046875 0.119247
0 0.010156 0.480126 0.017188 0.064854
0 0.075000 0.484310 0.037500 0.098326
0 0.128906 0.459205 0.020313 0.077406
0 0.154688 0.515690 0.040625 0.182008
0 0.190625 0.507322 0.034375 0.119247
0 0.207031 0.446653 0.026562 0.056485
0 0.225000 0.441423 0.012500 0.025105
0 0.257812 0.470711 0.040625 0.075314
0 0.260156 0.542887 0.042188 0.081590
0 0.316406 0.543933 0.035937 0.079498
0 0.350781 0.508368 0.039062 0.121339
0 0.485156 0.521967 0.042188 0.140167
0 0.517969 0.520921 0.020313 0.075314
0 0.539062 0.504184 0.025000 0.058577
0 0.541406 0.548117 0.026562 0.041841
0 0.567187 0.579498 0.065625 0.037657
0 0.550781 0.788703 0.164062 0.376569
0 0.633594 0.592050 0.039062 0.066946
0 0.680469 0.668410 0.057813 0.261506
0 0.657031 0.479079 0.042188 0.117155
0 0.716406 0.509414 0.032813 0.056485
0 0.778125 0.548117 0.062500 0.146444
0 0.870313 0.547071 0.065625 0.148536
0 0.812500 0.619247 0.021875 0.071130
0 0.833594 0.697699 0.082812 0.177824
0 0.901563 0.812762 0.178125 0.320084
