1 0.492188 0.857292 0.337500 0.185417
1 0.680469 0.764583 0.039062 0.025000
1 0.714844 0.766667 0.035937 0.016667
1 0.790625 0.762500 0.056250 0.020833
1 0.877344 0.759375 0.048438 0.018750
1 0.975781 0.816667 0.048438 0.075000
0 0.969531 0.752083 0.014063 0.050000
1 0.967969 0.762500 0.051562 0.029167
1 0.196094 0.825000 0.104688 0.091667
1 0.086719 0.838542 0.120313 0.097917
1 0.012500 0.777083 0.021875 0.029167
1 0.040625 0.777083 0.034375 0.025000
0 0.210938 0.768750 0.015625 0.033333
0 0.228906 0.768750 0.014063 0.041667
2 0.212500 0.691667 0.018750 0.041667
1 0.299219 0.769792 0.039062 0.027083
