2 0.563281 0.556250 0.017188 0.041667
2 0.453125 0.559375 0.012500 0.039583
2 0.307812 0.176042 0.031250 0.097917
2 0.025781 0.198958 0.045312 0.110417
2 0.182031 0.689583 0.017188 0.033333
0 0.005469 0.781250 0.007812 0.108333
0 0.026562 0.786458 0.018750 0.097917
0 0.239063 0.777083 0.021875 0.079167
0 0.264844 0.784375 0.020313 0.085417
0 0.178906 0.775000 0.010937 0.062500
0 0.200000 0.786458 0.015625 0.056250
0 0.157812 0.770833 0.012500 0.058333
0 0.314844 0.780208 0.017188 0.072917
1 0.410156 0.777083 0.045312 0.050000
1 0.299219 0.786458 0.067187 0.039583
1 0.347656 0.777083 0.020313 0.054167
1 0.371094 0.780208 0.023438 0.056250
1 0.462500 0.780208 0.012500 0.022917
1 0.503125 0.775000 0.025000 0.020833
1 0.603125 0.784375 0.096875 0.064583
1 0.543750 0.771875 0.021875 0.035417
2 0.748437 0.682292 0.021875 0.035417
2 0.767969 0.677083 0.017188 0.045833
2 0.977344 0.544792 0.045312 0.081250
2 0.973437 0.451042 0.028125 0.077083
