0 0.085938 0.539583 0.059375 0.204167
0 0.045312 0.490625 0.028125 0.064583
0 0.124219 0.481250 0.020313 0.041667
0 0.148438 0.470833 0.012500 0.016667
0 0.237500 0.475000 0.018750 0.037500
0 0.291406 0.480208 0.020313 0.039583
0 0.355469 0.468750 0.014063 0.033333
0 0.383594 0.472917 0.014063 0.029167
0 0.415625 0.478125 0.015625 0.031250
0 0.441406 0.477083 0.017188 0.037500
1 0.400781 0.472917 0.020313 0.016667
1 0.504687 0.518750 0.103125 0.087500
0 0.566406 0.469792 0.017188 0.035417
0 0.596094 0.512500 0.029687 0.062500
1 0.628906 0.505208 0.057813 0.060417
0 0.717969 0.482292 0.014063 0.027083
0 0.697656 0.477083 0.010937 0.025000
0 0.775000 0.485417 0.012500 0.037500
0 0.893750 0.490625 0.018750 0.043750
