2 0.403125 0.318501 0.040625 0.117096
2 0.475781 0.451991 0.026562 0.070258
2 0.151562 0.542155 0.021875 0.077283
2 0.188281 0.521077 0.035937 0.128806
2 0.289844 0.584309 0.007812 0.030445
2 0.234375 0.564403 0.015625 0.032787
2 0.935937 0.569087 0.021875 0.084309
2 0.895312 0.565574 0.018750 0.077283
2 0.906250 0.439110 0.025000 0.077283
2 0.717969 0.628806 0.020313 0.044496
1 0.700781 0.860656 0.267188 0.278689
1 0.943750 0.882904 0.112500 0.224824
0 0.865625 0.709602 0.018750 0.051522
0 0.128906 0.744731 0.023438 0.117096
0 0.100781 0.750585 0.026562 0.114754
0 0.065625 0.743560 0.025000 0.110070
0 0.040625 0.747073 0.018750 0.103044
0 0.022656 0.747073 0.017188 0.121780
2 0.250781 0.603044 0.010937 0.021077
