0 0.129688 0.237150 0.140625 0.408879
0 0.130469 0.560748 0.139063 0.457944
0 0.247656 0.434579 0.089063 0.285047
0 0.375000 0.292056 0.106250 0.341121
0 0.473438 0.515187 0.128125 0.310748
0 0.538281 0.327103 0.054688 0.126168
0 0.593750 0.309579 0.031250 0.086449
0 0.625781 0.328271 0.039062 0.133178
0 0.726562 0.522196 0.103125 0.334112
0 0.673438 0.372664 0.043750 0.119159
0 0.721875 0.336449 0.034375 0.037383
0 0.843750 0.478972 0.087500 0.275701
0 0.921875 0.348131 0.053125 0.126168
0 0.825000 0.269860 0.050000 0.128505
0 0.745313 0.301402 0.025000 0.051402
0 0.703906 0.292056 0.026562 0.051402
