2 0.295312 0.193208 0.056250 0.030445
1 0.144531 0.733021 0.160938 0.220141
1 0.338281 0.721311 0.142187 0.177986
1 0.417187 0.895785 0.212500 0.208431
1 0.524219 0.701405 0.110937 0.185012
1 0.575781 0.548009 0.082812 0.135831
1 0.602344 0.423888 0.067187 0.131148
1 0.484375 0.450820 0.075000 0.105386
1 0.436719 0.549180 0.085938 0.114754
1 0.304688 0.565574 0.134375 0.110070
1 0.342187 0.469555 0.078125 0.077283
1 0.527344 0.317330 0.101562 0.081967
1 0.754687 0.488290 0.071875 0.105386
1 0.899219 0.346604 0.064062 0.084309
1 0.975781 0.427400 0.048438 0.077283
1 0.593750 0.217799 0.056250 0.037471
1 0.477344 0.231850 0.064062 0.046838
1 0.410156 0.235363 0.054688 0.044496
1 0.885938 0.129977 0.034375 0.025761
1 0.818750 0.161593 0.025000 0.023419
1 0.940625 0.209602 0.046875 0.053864
