0 0.623437 0.395833 0.150000 0.408333
0 0.259375 0.641667 0.196875 0.429167
0 0.064062 0.751042 0.112500 0.222917
0 0.186719 0.341667 0.117188 0.200000
0 0.285156 0.320833 0.082812 0.170833
0 0.363281 0.291667 0.092188 0.137500
0 0.125000 0.242708 0.062500 0.089583
0 0.212500 0.219792 0.062500 0.093750
0 0.210938 0.158333 0.056250 0.083333
0 0.141406 0.141667 0.057813 0.087500
0 0.034375 0.175000 0.056250 0.104167
0 0.024219 0.265625 0.042188 0.139583
0 0.064062 0.082292 0.050000 0.102083
0 0.018750 0.072917 0.031250 0.070833
0 0.022656 0.022917 0.029687 0.033333
0 0.098437 0.080208 0.031250 0.052083
0 0.134375 0.052083 0.031250 0.075000
0 0.177344 0.081250 0.035937 0.062500
0 0.228906 0.056250 0.039062 0.058333
0 0.316406 0.157292 0.054688 0.102083
0 0.365625 0.162500 0.062500 0.104167
0 0.617969 0.817708 0.154688 0.277083
0 0.822656 0.797917 0.264062 0.366667
0 0.932813 0.583333 0.134375 0.191667
0 0.796094 0.472917 0.104688 0.150000
0 0.957812 0.267708 0.084375 0.231250
0 0.825781 0.158333 0.085938 0.133333
0 0.763281 0.244792 0.079687 0.081250
0 0.765625 0.343750 0.081250 0.137500
0 0.968750 0.101042 0.062500 0.106250
0 0.923438 0.113542 0.053125 0.089583
0 0.907813 0.065625 0.053125 0.089583
0 0.809375 0.045833 0.053125 0.075000
0 0.720313 0.117708 0.053125 0.097917
0 0.773438 0.140625 0.043750 0.110417
0 0.616406 0.067708 0.054688 0.089583
0 0.624219 0.143750 0.070312 0.070833
0 0.533594 0.160417 0.057813 0.066667
0 0.483594 0.048958 0.051562 0.072917
0 0.553125 0.081250 0.056250 0.091667
