1 0.036719 0.943750 0.064062 0.083333
1 0.097656 0.942708 0.060937 0.060417
1 0.018750 0.860417 0.034375 0.037500
2 0.022656 0.793750 0.017188 0.037500
2 0.075000 0.750000 0.015625 0.045833
2 0.164844 0.748958 0.017188 0.027083
2 0.252344 0.738542 0.007812 0.043750
2 0.264062 0.665625 0.021875 0.056250
0 0.416406 0.844792 0.020313 0.064583
1 0.392969 0.911458 0.070312 0.077083
1 0.449219 0.916667 0.067187 0.045833
1 0.448437 0.960417 0.181250 0.079167
1 0.581250 0.969792 0.062500 0.060417
1 0.611719 0.941667 0.042188 0.054167
