2 0.346604 0.221094 0.070258 0.095312
2 0.248244 0.386719 0.042155 0.051562
2 0.059719 0.385156 0.044496 0.042188
2 0.576112 0.360938 0.042155 0.056250
2 0.757611 0.374219 0.044496 0.057813
1 0.546838 0.589063 0.348946 0.206250
1 0.259953 0.576562 0.154567 0.118750
0 0.029274 0.579688 0.025761 0.043750
0 0.067916 0.582812 0.018735 0.034375
1 0.122951 0.567187 0.077283 0.081250
0 0.792740 0.620313 0.035129 0.068750
0 0.832553 0.617188 0.039813 0.084375
0 0.959016 0.615625 0.039813 0.081250
0 0.925059 0.612500 0.028103 0.068750
