0 0.509375 0.183841 0.025000 0.100703
0 0.536719 0.187354 0.017188 0.098361
0 0.444531 0.182670 0.023438 0.103044
0 0.416406 0.186183 0.023438 0.100703
0 0.044531 0.235363 0.042188 0.142857
0 0.096094 0.868852 0.132812 0.243560
0 0.153125 0.703747 0.071875 0.156909
0 0.229687 0.658080 0.059375 0.168618
0 0.310156 0.694379 0.095312 0.138173
0 0.277344 0.862998 0.057813 0.119438
0 0.199219 0.914520 0.079687 0.142857
0 0.402344 0.731850 0.092188 0.330211
0 0.480469 0.615925 0.076563 0.149883
0 0.566406 0.489461 0.082812 0.103044
0 0.582812 0.660422 0.115625 0.182670
0 0.546094 0.820843 0.060937 0.086651
0 0.535937 0.927400 0.090625 0.131148
0 0.629687 0.908665 0.090625 0.121780
0 0.831250 0.622951 0.081250 0.234192
0 0.777344 0.796253 0.095312 0.107728
0 0.796875 0.909836 0.078125 0.138173
0 0.943750 0.833724 0.106250 0.318501
0 0.951562 0.451991 0.050000 0.210773
0 0.893750 0.461358 0.065625 0.215457
0 0.827344 0.168618 0.017188 0.060890
0 0.854688 0.167447 0.015625 0.044496
0 0.880469 0.175644 0.017188 0.051522
0 0.908594 0.172131 0.017188 0.035129
0 0.971875 0.196721 0.015625 0.032787
0 0.057031 0.025761 0.020313 0.042155
0 0.034375 0.029274 0.018750 0.049180
0 0.012500 0.036300 0.018750 0.058548
0 0.216406 0.029274 0.014063 0.053864
0 0.258594 0.025761 0.014063 0.042155
0 0.189062 0.035129 0.025000 0.032787
0 0.442188 0.024590 0.012500 0.039813
0 0.931250 0.062061 0.018750 0.044496
