0 0.139063 0.433962 0.106250 0.250000
0 0.232813 0.698113 0.046875 0.240566
0 0.273438 0.637972 0.034375 0.214623
0 0.295312 0.566038 0.031250 0.080189
0 0.327344 0.549528 0.029687 0.047170
0 0.385156 0.437500 0.085938 0.238208
0 0.557813 0.412736 0.093750 0.245283
0 0.480469 0.580189 0.026562 0.089623
0 0.664062 0.603774 0.021875 0.146226
0 0.706250 0.579009 0.028125 0.049528
0 0.744531 0.560142 0.029687 0.063679
0 0.788281 0.487028 0.070312 0.304245
0 0.865625 0.540094 0.025000 0.047170
0 0.970313 0.675708 0.028125 0.327830
0 0.991406 0.772406 0.017188 0.426887
