0 0.821094 0.762972 0.057813 0.426887
0 0.903906 0.609670 0.057813 0.134434
0 0.789844 0.515330 0.026562 0.068396
0 0.400000 0.637972 0.062500 0.224057
0 0.242188 0.628538 0.084375 0.516509
0 0.161719 0.516509 0.039062 0.250000
0 0.013281 0.497642 0.020313 0.080189
0 0.008594 0.416274 0.007812 0.077830
1 0.038281 0.412736 0.045312 0.056604
0 0.072656 0.410377 0.014063 0.056604
0 0.104688 0.415094 0.015625 0.084906
1 0.069531 0.396226 0.035937 0.042453
1 0.110156 0.404481 0.032813 0.049528
0 0.320312 0.389151 0.015625 0.047170
0 0.302344 0.391509 0.010937 0.047170
0 0.289844 0.391509 0.014063 0.051887
0 0.307031 0.488208 0.020313 0.051887
0 0.335156 0.481132 0.023438 0.061321
0 0.378125 0.379717 0.012500 0.033019
0 0.357031 0.390330 0.010937 0.044811
0 0.383594 0.417453 0.010937 0.028302
0 0.412500 0.387972 0.012500 0.025943
0 0.435156 0.386792 0.017188 0.037736
0 0.451562 0.461085 0.028125 0.077830
0 0.484375 0.475236 0.028125 0.091981
0 0.487500 0.399764 0.018750 0.049528
1 0.548438 0.380896 0.075000 0.049528
0 0.558594 0.384434 0.010937 0.023585
0 0.584375 0.392689 0.018750 0.054245
1 0.623437 0.392689 0.034375 0.058962
0 0.610938 0.406840 0.015625 0.035377
0 0.665625 0.411557 0.009375 0.106132
0 0.682813 0.385613 0.009375 0.058962
0 0.692969 0.386792 0.010937 0.028302
0 0.710156 0.422170 0.023438 0.084906
0 0.726562 0.430425 0.009375 0.054245
0 0.732812 0.387972 0.012500 0.025943
0 0.752344 0.425708 0.014063 0.110849
0 0.775781 0.429245 0.023438 0.146226
0 0.807813 0.373821 0.015625 0.040094
0 0.848437 0.379717 0.015625 0.037736
0 0.874219 0.399764 0.026562 0.049528
1 0.863281 0.404481 0.082812 0.049528
0 0.967187 0.408019 0.025000 0.099057
1 0.966406 0.400943 0.067187 0.075472
