2 0.532031 0.181159 0.023438 0.096618
2 0.549219 0.192029 0.014063 0.089372
2 0.508594 0.181159 0.023438 0.082126
1 0.150781 0.591787 0.289062 0.222222
2 0.209375 0.396135 0.012500 0.057971
2 0.222656 0.398551 0.010937 0.062802
2 0.238281 0.402174 0.017188 0.050725
0 0.460938 0.716184 0.056250 0.268116
0 0.785937 0.760870 0.062500 0.270531
1 0.938281 0.641304 0.117188 0.084541
2 0.784375 0.542271 0.018750 0.031401
0 0.710938 0.632850 0.021875 0.086957
0 0.741406 0.635266 0.017188 0.077295
1 0.589844 0.642512 0.089063 0.062802
1 0.531250 0.605072 0.025000 0.036232
1 0.500781 0.603865 0.020313 0.038647
1 0.617969 0.600242 0.029687 0.036232
0 0.654687 0.625604 0.015625 0.057971
