0 0.253906 0.622353 0.032813 0.082353
1 0.014844 0.684706 0.026562 0.112941
1 0.023438 0.618824 0.025000 0.084706
1 0.068750 0.648235 0.059375 0.143529
1 0.135156 0.631765 0.054688 0.091765
1 0.177344 0.589412 0.070312 0.077647
1 0.287500 0.620000 0.050000 0.087059
0 0.342187 0.610588 0.021875 0.068235
1 0.389062 0.655294 0.078125 0.110588
1 0.427344 0.576471 0.026562 0.056471
0 0.379688 0.576471 0.009375 0.037647
0 0.535937 0.605882 0.025000 0.035294
0 0.561719 0.623529 0.029687 0.084706
1 0.503125 0.554118 0.021875 0.030588
1 0.657031 0.648235 0.107813 0.124706
0 0.732812 0.651765 0.025000 0.108235
0 0.759375 0.648235 0.021875 0.115294
0 0.850781 0.711765 0.039062 0.242353
0 0.890625 0.735294 0.031250 0.190588
1 0.959375 0.730588 0.081250 0.195294
1 0.935937 0.630588 0.096875 0.061176
