0 0.261719 0.482311 0.189062 0.959906
0 0.362500 0.503538 0.050000 0.261792
0 0.415625 0.533019 0.021875 0.122642
0 0.400781 0.457547 0.023438 0.066038
0 0.471094 0.472877 0.014063 0.054245
0 0.477344 0.423349 0.017188 0.044811
0 0.537500 0.481132 0.037500 0.268868
0 0.583594 0.476415 0.067187 0.415094
0 0.805469 0.468160 0.242188 0.917453
0 0.694531 0.451651 0.020313 0.054245
0 0.667188 0.444575 0.021875 0.054245
0 0.663281 0.489387 0.023438 0.077830
0 0.875781 0.437500 0.017188 0.058962
0 0.898438 0.444575 0.021875 0.063679
0 0.931250 0.375000 0.018750 0.061321
0 0.960156 0.345519 0.014063 0.021226
0 0.955469 0.375000 0.014063 0.033019
0 0.978125 0.375000 0.018750 0.042453
0 0.992969 0.386792 0.007812 0.033019
0 0.867188 0.365566 0.018750 0.037736
0 0.885156 0.363208 0.026562 0.037736
0 0.909375 0.362028 0.018750 0.035377
0 0.491406 0.346698 0.023438 0.056604
0 0.428125 0.356132 0.021875 0.061321
0 0.383594 0.357311 0.026562 0.054245
