0 0.615654 0.542969 0.497664 0.648438
0 0.774533 0.543750 0.147196 0.140625
0 0.337617 0.543750 0.119159 0.059375
0 0.210280 0.587500 0.172897 0.112500
0 0.078271 0.375000 0.086449 0.065625
0 0.033879 0.335938 0.053738 0.031250
0 0.096963 0.318750 0.053738 0.040625
0 0.073598 0.284375 0.035047 0.031250
0 0.015187 0.296875 0.025701 0.028125
0 0.101636 0.267188 0.035047 0.021875
0 0.140187 0.292969 0.037383 0.039062
0 0.178738 0.296875 0.035047 0.034375
0 0.252336 0.357812 0.051402 0.056250
0 0.245327 0.300781 0.046729 0.048438
0 0.315421 0.327344 0.065421 0.067187
0 0.345794 0.298438 0.037383 0.046875
0 0.385514 0.314063 0.042056 0.028125
0 0.290888 0.284375 0.049065 0.034375
0 0.246495 0.257812 0.035047 0.028125
0 0.203271 0.228125 0.042056 0.034375
0 0.169393 0.252344 0.039720 0.032813
0 0.147196 0.220312 0.056075 0.031250
0 0.189252 0.196094 0.056075 0.020313
0 0.092290 0.232031 0.053738 0.032813
0 0.045561 0.249219 0.039720 0.026562
0 0.015187 0.230469 0.025701 0.032813
0 0.033879 0.199219 0.035047 0.026562
0 0.087617 0.202344 0.030374 0.020313
0 0.025701 0.173437 0.037383 0.028125
0 0.065421 0.167187 0.046729 0.031250
0 0.121495 0.161719 0.046729 0.042188
0 0.174065 0.164844 0.049065 0.035937
0 0.151869 0.124219 0.037383 0.029687
0 0.168224 0.097656 0.042056 0.032813
0 0.091121 0.121875 0.032710 0.025000
0 0.046729 0.132031 0.037383 0.026562
0 0.014019 0.123438 0.023364 0.034375
0 0.019860 0.089844 0.030374 0.026562
0 0.021028 0.039062 0.028037 0.028125
0 0.079439 0.086719 0.037383 0.032813
0 0.110981 0.074219 0.030374 0.026562
0 0.156542 0.059375 0.032710 0.031250
0 0.174065 0.024219 0.053738 0.035937
0 0.297897 0.092188 0.039720 0.040625
0 0.247664 0.023438 0.042056 0.034375
0 0.322430 0.026562 0.042056 0.037500
0 0.373832 0.021875 0.032710 0.034375
0 0.434579 0.024219 0.051402 0.035937
0 0.421729 0.053906 0.044393 0.035937
0 0.392523 0.068750 0.046729 0.040625
0 0.379673 0.094531 0.039720 0.017188
0 0.332944 0.128906 0.035047 0.060937
0 0.379673 0.119531 0.035047 0.020313
0 0.406542 0.136719 0.037383 0.029687
0 0.411215 0.175000 0.042056 0.037500
0 0.365654 0.154688 0.039720 0.037500
0 0.360981 0.196875 0.039720 0.031250
0 0.318925 0.192969 0.035047 0.039062
0 0.302570 0.229687 0.030374 0.031250
0 0.510514 0.209375 0.067757 0.040625
0 0.543224 0.265625 0.044393 0.040625
0 0.595794 0.298438 0.046729 0.031250
0 0.635514 0.327344 0.056075 0.085938
0 0.678738 0.296094 0.039720 0.048438
0 0.721963 0.308594 0.037383 0.057813
0 0.778037 0.321094 0.037383 0.060937
0 0.815421 0.303125 0.042056 0.040625
0 0.837617 0.346875 0.049065 0.059375
0 0.891355 0.360938 0.058411 0.062500
0 0.961449 0.396094 0.072430 0.073438
0 0.988318 0.328906 0.023364 0.042188
0 0.955607 0.301563 0.046729 0.037500
0 0.906542 0.311719 0.051402 0.051562
0 0.921729 0.236719 0.049065 0.039062
0 0.884346 0.253906 0.039720 0.048438
0 0.872664 0.214844 0.053738 0.032813
0 0.969626 0.217969 0.051402 0.035937
0 0.977804 0.175781 0.044393 0.029687
0 0.913551 0.191406 0.032710 0.032813
0 0.856308 0.175000 0.044393 0.025000
0 0.932243 0.167969 0.042056 0.032813
0 0.735981 0.202344 0.042056 0.048438
0 0.794393 0.205469 0.042056 0.045312
0 0.759346 0.162500 0.037383 0.034375
0 0.671729 0.261719 0.035047 0.020313
0 0.671729 0.240625 0.044393 0.040625
0 0.695093 0.215625 0.053738 0.037500
0 0.612150 0.194531 0.056075 0.039062
0 0.561916 0.207031 0.044393 0.026562
0 0.628505 0.156250 0.037383 0.031250
0 0.601636 0.139063 0.035047 0.037500
0 0.703271 0.145313 0.037383 0.040625
0 0.695093 0.092969 0.039720 0.048438
0 0.656542 0.042188 0.042056 0.040625
0 0.711449 0.036719 0.049065 0.039062
0 0.773364 0.037500 0.042056 0.037500
0 0.809579 0.029687 0.030374 0.025000
0 0.860981 0.064844 0.049065 0.045312
0 0.917056 0.081250 0.044393 0.037500
0 0.900701 0.106250 0.035047 0.031250
0 0.900701 0.131250 0.053738 0.037500
0 0.956776 0.132812 0.044393 0.043750
