0 0.703906 0.683807 0.060937 0.352298
0 0.772656 0.568928 0.070312 0.284464
0 0.675781 0.538293 0.029687 0.126915
0 0.637500 0.470460 0.015625 0.052516
0 0.623437 0.497812 0.021875 0.120350
0 0.600000 0.486871 0.009375 0.067834
0 0.581250 0.507659 0.018750 0.113786
0 0.563281 0.513129 0.017188 0.129103
0 0.540625 0.510941 0.021875 0.115974
0 0.503906 0.474836 0.020313 0.074398
0 0.521875 0.507659 0.015625 0.113786
0 0.480469 0.568928 0.035937 0.231947
0 0.453906 0.557987 0.026562 0.258206
0 0.416406 0.485777 0.017188 0.043764
0 0.403906 0.459519 0.007812 0.030635
0 0.382812 0.457330 0.015625 0.026258
0 0.346094 0.457330 0.020313 0.030635
0 0.376563 0.659737 0.109375 0.396061
