0 0.110937 0.457845 0.068750 0.330211
0 0.184375 0.464871 0.065625 0.325527
0 0.046094 0.482436 0.045312 0.276347
0 0.252344 0.447307 0.026562 0.149883
0 0.290625 0.451991 0.031250 0.121780
0 0.331250 0.462529 0.018750 0.086651
0 0.353125 0.447307 0.018750 0.070258
0 0.653906 0.450820 0.039062 0.133489
0 0.709375 0.469555 0.037500 0.180328
0 0.778125 0.453162 0.015625 0.072600
0 0.800000 0.447307 0.021875 0.084309
0 0.871094 0.459016 0.023438 0.093677
1 0.487500 0.436768 0.046875 0.030445
2 0.584375 0.373536 0.006250 0.021077
