2 0.802083 0.442188 0.070833 0.131250
2 0.815625 0.617969 0.060417 0.107813
1 0.489583 0.907031 0.058333 0.029687
1 0.422917 0.945312 0.058333 0.050000
1 0.331250 0.926562 0.087500 0.075000
1 0.176042 0.899219 0.118750 0.089063
1 0.106250 0.916406 0.075000 0.073438
1 0.032292 0.896875 0.056250 0.103125
0 0.556250 0.938281 0.020833 0.045312
0 0.535417 0.940625 0.025000 0.053125
0 0.517708 0.943750 0.014583 0.046875
1 0.600000 0.851562 0.037500 0.028125
1 0.630208 0.827344 0.031250 0.026562
1 0.538542 0.852344 0.077083 0.057813
0 0.969792 0.887500 0.060417 0.225000
