0 0.476562 0.603125 0.434375 0.781250
0 0.737500 0.095833 0.009375 0.095833
0 0.757031 0.098958 0.023438 0.085417
0 0.804688 0.091667 0.028125 0.087500
0 0.858594 0.100000 0.026562 0.108333
0 0.893750 0.110417 0.021875 0.125000
0 0.992969 0.156250 0.014063 0.183333
1 0.400000 0.100000 0.065625 0.037500
0 0.242969 0.132292 0.023438 0.056250
0 0.228125 0.100000 0.015625 0.054167
0 0.166406 0.100000 0.017188 0.045833
0 0.068750 0.113542 0.015625 0.064583
0 0.059375 0.122917 0.018750 0.058333
0 0.038281 0.120833 0.023438 0.066667
0 0.017969 0.119792 0.020313 0.072917
