0 0.064062 0.480094 0.043750 0.210773
0 0.097656 0.470726 0.023438 0.187354
0 0.119531 0.395785 0.023438 0.060890
0 0.135156 0.483607 0.020313 0.166276
0 0.167187 0.471897 0.037500 0.203747
0 0.184375 0.412178 0.031250 0.098361
0 0.114844 0.316159 0.029687 0.088993
0 0.071094 0.307963 0.026562 0.067916
0 0.293750 0.558548 0.156250 0.629977
0 0.387500 0.414520 0.025000 0.060890
0 0.406250 0.406323 0.015625 0.049180
0 0.445312 0.464871 0.031250 0.166276
0 0.423438 0.469555 0.025000 0.166276
0 0.405469 0.323185 0.032813 0.103044
0 0.487500 0.454333 0.028125 0.210773
0 0.513281 0.463700 0.029687 0.173302
0 0.539062 0.435597 0.028125 0.163934
0 0.563281 0.436768 0.035937 0.147541
0 0.632031 0.535129 0.139063 0.658080
0 0.735938 0.530445 0.115625 0.470726
0 0.784375 0.395785 0.025000 0.074941
0 0.823438 0.400468 0.021875 0.084309
0 0.846094 0.440281 0.023438 0.154567
0 0.883594 0.437939 0.026562 0.149883
0 0.913281 0.427400 0.023438 0.138173
0 0.934375 0.407494 0.018750 0.084309
0 0.964844 0.466042 0.026562 0.285714
0 0.990625 0.463700 0.018750 0.271663
