2 0.344531 0.555921 0.023438 0.055921
2 0.542188 0.561678 0.015625 0.041118
2 0.585156 0.585526 0.014063 0.036184
2 0.603125 0.578947 0.018750 0.042763
1 0.085156 0.777961 0.167187 0.243421
1 0.204687 0.709704 0.150000 0.185855
1 0.300781 0.687500 0.045312 0.108553
1 0.338281 0.670230 0.051562 0.080592
1 0.386719 0.629934 0.048438 0.072368
0 0.441406 0.734375 0.085938 0.228618
0 0.474219 0.628289 0.026562 0.072368
0 0.507812 0.651316 0.031250 0.098684
1 0.017188 0.625822 0.025000 0.027961
1 0.078906 0.627467 0.095312 0.060855
