0 0.142857 0.239063 0.053269 0.037500
0 0.342615 0.626563 0.036320 0.065625
0 0.300242 0.628125 0.029056 0.068750
0 0.204600 0.901563 0.050847 0.087500
0 0.550847 0.680469 0.041162 0.070312
0 0.504843 0.668750 0.026634 0.021875
0 0.508475 0.694531 0.038741 0.032813
0 0.457627 0.696094 0.033898 0.060937
0 0.587167 0.717969 0.031477 0.029687
0 0.646489 0.729688 0.048426 0.043750
0 0.696126 0.685156 0.026634 0.054688
0 0.733656 0.682813 0.038741 0.062500
0 0.805085 0.772656 0.036320 0.098437
0 0.714286 0.600781 0.024213 0.057813
0 0.676755 0.591406 0.036320 0.064062
0 0.645278 0.579688 0.026634 0.053125
0 0.613801 0.556250 0.026634 0.034375
0 0.392252 0.538281 0.014528 0.045312
0 0.364407 0.538281 0.026634 0.042188
0 0.450363 0.539062 0.033898 0.031250
0 0.904358 0.557813 0.036320 0.034375
0 0.904358 0.600000 0.055690 0.053125
0 0.809927 0.471094 0.041162 0.070312
0 0.768765 0.468750 0.036320 0.046875
0 0.854722 0.242969 0.038741 0.039062
0 0.911622 0.244531 0.036320 0.035937
0 0.975787 0.239063 0.038741 0.059375
0 0.711864 0.244531 0.029056 0.023438
