0 0.960938 0.670991 0.028125 0.129717
0 0.988281 0.642689 0.020313 0.091981
0 0.853906 0.660377 0.035937 0.094340
0 0.823438 0.656840 0.028125 0.082547
0 0.796094 0.623821 0.026562 0.073113
0 0.675000 0.854953 0.034375 0.176887
0 0.626563 0.807783 0.025000 0.115566
0 0.603906 0.800708 0.023438 0.096698
0 0.579688 0.799528 0.025000 0.080189
0 0.521875 0.746462 0.018750 0.044811
0 0.557813 0.762972 0.018750 0.040094
0 0.502344 0.716981 0.017188 0.042453
0 0.475781 0.715802 0.017188 0.049528
0 0.485156 0.817217 0.020313 0.040094
0 0.443750 0.817217 0.015625 0.035377
0 0.442188 0.790094 0.018750 0.033019
0 0.473438 0.757075 0.009375 0.023585
0 0.430469 0.764151 0.017188 0.033019
