0 0.24765625000000002 0.73125 0.49531250000000004 0.2708333333333333
0 0.6062500000000001 0.853125 0.26875 0.11875
0 0.06796875000000001 0.3875 0.0921875 0.041666666666666664
0 0.3046875 0.26979166666666665 0.109375 0.035416666666666666
0 0.42109375000000004 0.25104166666666666 0.09843750000000001 0.035416666666666666
0 0.52734375 0.234375 0.0859375 0.022916666666666665
0 0.6265625 0.21770833333333334 0.08750000000000001 0.04375
0 0.7453125 0.20104166666666667 0.065625 0.05625
0 0.8484375000000001 0.19166666666666665 0.07187500000000001 0.04583333333333333
0 0.9281250000000001 0.17083333333333334 0.06875 0.029166666666666667
