0 0.025000 0.351765 0.046875 0.614118
1 0.311719 0.181176 0.473438 0.301176
1 0.453125 0.575294 0.559375 0.680000
0 0.828906 0.363529 0.060937 0.585882
1 0.954688 0.192941 0.090625 0.249412
0 0.886719 0.081176 0.026562 0.077647
0 0.867969 0.067059 0.014063 0.025882
0 0.849219 0.060000 0.020313 0.030588
0 0.787500 0.083529 0.031250 0.077647
0 0.757812 0.085882 0.025000 0.063529
0 0.739844 0.075294 0.020313 0.047059
0 0.705469 0.108235 0.017188 0.075294
0 0.720313 0.077647 0.012500 0.042353
0 0.692969 0.069412 0.020313 0.040000
0 0.565625 0.065882 0.028125 0.070588
0 0.497656 0.056471 0.017188 0.042353
0 0.618750 0.055294 0.015625 0.035294
0 0.610156 0.091765 0.026562 0.042353
1 0.478125 0.060000 0.053125 0.082353
