0 0.708594 0.618267 0.029687 0.182670
0 0.682813 0.600703 0.018750 0.152225
1 0.771875 0.586651 0.100000 0.077283
0 0.609375 0.598361 0.028125 0.100703
0 0.480469 0.625293 0.029687 0.206089
0 0.338281 0.626464 0.035937 0.180328
0 0.414062 0.621780 0.025000 0.175644
0 0.542188 0.572600 0.015625 0.039813
0 0.309375 0.607728 0.021875 0.170960
0 0.271094 0.615925 0.029687 0.177986
0 0.239063 0.606557 0.028125 0.173302
0 0.186719 0.573770 0.020313 0.060890
0 0.156250 0.579625 0.025000 0.067916
0 0.060937 0.607728 0.043750 0.208431
0 0.031250 0.578454 0.018750 0.103044
0 0.009375 0.580796 0.015625 0.117096
1 0.109375 0.620609 0.065625 0.126464
