0 0.041406250000000006 0.4614583333333333 0.045312500000000006 0.04791666666666666
0 0.1 0.4583333333333333 0.028125 0.041666666666666664
0 0.13359375 0.46041666666666664 0.0421875 0.04583333333333333
0 0.17500000000000002 0.45208333333333334 0.034375 0.041666666666666664
0 0.21328125 0.45208333333333334 0.035937500000000004 0.05
0 0.171875 0.4197916666666667 0.040625 0.07708333333333334
0 0.3328125 0.43333333333333335 0.08125 0.1125
0 0.41796875 0.465625 0.026562500000000003 0.06041666666666667
0 0.49296875 0.4427083333333333 0.0671875 0.03125
0 0.7742187500000001 0.5125 0.17343750000000002 0.15833333333333333
0 0.42734375 0.721875 0.8203125 0.32708333333333334
