1 0.755469 0.935417 0.023438 0.033333
1 0.760938 0.903125 0.025000 0.022917
1 0.767188 0.885417 0.021875 0.016667
1 0.759375 0.863542 0.025000 0.022917
1 0.762500 0.844792 0.021875 0.022917
1 0.761719 0.826042 0.023438 0.018750
1 0.754687 0.803125 0.025000 0.018750
1 0.756250 0.783333 0.021875 0.020833
1 0.753125 0.763542 0.031250 0.018750
1 0.742969 0.741667 0.026562 0.016667
1 0.725000 0.734375 0.018750 0.022917
1 0.720313 0.712500 0.025000 0.033333
1 0.707031 0.695833 0.017188 0.029167
1 0.725781 0.672917 0.023438 0.029167
1 0.690625 0.687500 0.031250 0.029167
1 0.670312 0.711458 0.018750 0.035417
1 0.687500 0.751042 0.025000 0.018750
1 0.700781 0.782292 0.026562 0.022917
1 0.704688 0.808333 0.028125 0.025000
1 0.709375 0.838542 0.021875 0.022917
1 0.708594 0.875000 0.023438 0.033333
1 0.696094 0.914583 0.026562 0.029167
1 0.679688 0.975000 0.034375 0.025000
1 0.735156 0.954167 0.023438 0.016667
1 0.739062 0.980208 0.021875 0.014583
1 0.622656 0.971875 0.032813 0.031250
1 0.637500 0.938542 0.025000 0.031250
1 0.658594 0.889583 0.032813 0.029167
1 0.658594 0.852083 0.032813 0.025000
1 0.657031 0.819792 0.017188 0.022917
1 0.646094 0.796875 0.020313 0.027083
1 0.646094 0.764583 0.020313 0.020833
1 0.634375 0.748958 0.015625 0.022917
1 0.628125 0.732292 0.021875 0.022917
0 0.651563 0.714583 0.012500 0.016667
0 0.684375 0.814583 0.009375 0.016667
1 0.607031 0.679167 0.048438 0.054167
1 0.567969 0.652083 0.026562 0.037500
1 0.626563 0.630208 0.043750 0.060417
1 0.671094 0.641667 0.026562 0.033333
1 0.673438 0.661458 0.015625 0.027083
1 0.770312 0.639583 0.034375 0.033333
1 0.747656 0.629167 0.017188 0.033333
1 0.778125 0.575000 0.043750 0.025000
1 0.827344 0.621875 0.032813 0.027083
1 0.861719 0.603125 0.035937 0.018750
1 0.880469 0.642708 0.042188 0.018750
1 0.909375 0.664583 0.059375 0.025000
1 0.727344 0.590625 0.026562 0.031250
1 0.700000 0.577083 0.028125 0.029167
1 0.684375 0.572917 0.018750 0.025000
1 0.669531 0.550000 0.020313 0.020833
1 0.548438 0.590625 0.040625 0.064583
1 0.571094 0.563542 0.014063 0.022917
1 0.598437 0.566667 0.018750 0.033333
1 0.510156 0.576042 0.017188 0.027083
1 0.494531 0.540625 0.023438 0.022917
1 0.530469 0.527083 0.023438 0.025000
1 0.580469 0.530208 0.020313 0.018750
1 0.558594 0.515625 0.017188 0.022917
1 0.575781 0.502083 0.014063 0.016667
1 0.541406 0.497917 0.017188 0.025000
1 0.499219 0.495833 0.014063 0.016667
1 0.461719 0.509375 0.014063 0.018750
1 0.457031 0.489583 0.023438 0.029167
1 0.489063 0.473958 0.006250 0.010417
1 0.525781 0.478125 0.023438 0.022917
1 0.508594 0.461458 0.017188 0.022917
1 0.434375 0.464583 0.021875 0.029167
1 0.460938 0.444792 0.021875 0.014583
1 0.485156 0.435417 0.014063 0.016667
1 0.512500 0.428125 0.021875 0.027083
1 0.496094 0.407292 0.023438 0.018750
1 0.459375 0.407292 0.021875 0.027083
1 0.461719 0.376042 0.023438 0.027083
1 0.443750 0.396875 0.015625 0.027083
1 0.420312 0.406250 0.015625 0.016667
1 0.398438 0.432292 0.018750 0.027083
1 0.383594 0.417708 0.017188 0.018750
1 0.372656 0.392708 0.010937 0.018750
1 0.394531 0.389583 0.023438 0.012500
1 0.421875 0.371875 0.012500 0.018750
1 0.434375 0.351042 0.015625 0.014583
1 0.427344 0.338542 0.023438 0.018750
1 0.403125 0.350000 0.025000 0.029167
1 0.379688 0.351042 0.015625 0.018750
1 0.350781 0.378125 0.014063 0.014583
1 0.337500 0.375000 0.025000 0.029167
1 0.339844 0.323958 0.014063 0.022917
1 0.348438 0.338542 0.009375 0.010417
1 0.407813 0.326042 0.021875 0.022917
1 0.378125 0.291667 0.018750 0.025000
1 0.347656 0.297917 0.017188 0.020833
1 0.329688 0.312500 0.012500 0.025000
1 0.307031 0.330208 0.020313 0.027083
1 0.293750 0.310417 0.021875 0.020833
1 0.276562 0.290625 0.018750 0.022917
1 0.310937 0.287500 0.015625 0.012500
1 0.800781 0.378125 0.042188 0.022917
1 0.859375 0.376042 0.018750 0.027083
1 0.832031 0.372917 0.017188 0.025000
1 0.883594 0.376042 0.017188 0.018750
1 0.876563 0.351042 0.018750 0.014583
1 0.629687 0.381250 0.043750 0.025000
1 0.686719 0.376042 0.039062 0.031250
1 0.577344 0.347917 0.035937 0.012500
1 0.618750 0.340625 0.015625 0.018750
1 0.720313 0.336458 0.018750 0.022917
1 0.696875 0.334375 0.018750 0.018750
1 0.666406 0.338542 0.017188 0.022917
1 0.643750 0.345833 0.018750 0.016667
1 0.426563 0.759375 0.025000 0.027083
1 0.319531 0.984375 0.035937 0.022917
1 0.451562 0.651042 0.028125 0.031250
1 0.406250 0.631250 0.028125 0.033333
0 0.393750 0.545833 0.006250 0.016667
0 0.363281 0.563542 0.004687 0.010417
1 0.342187 0.543750 0.021875 0.025000
1 0.364063 0.491667 0.018750 0.020833
1 0.321094 0.458333 0.020313 0.029167
1 0.353125 0.437500 0.025000 0.025000
1 0.300000 0.420833 0.018750 0.025000
1 0.274219 0.395833 0.017188 0.025000
1 0.205469 0.401042 0.054688 0.068750
1 0.197656 0.320833 0.032813 0.029167
1 0.210938 0.284375 0.021875 0.027083
1 0.111719 0.192708 0.020313 0.027083
1 0.077344 0.122917 0.014063 0.020833
1 0.152344 0.161458 0.017188 0.027083
0 0.146875 0.179167 0.009375 0.020833
1 0.234375 0.204167 0.015625 0.016667
1 0.264844 0.203125 0.017188 0.014583
1 0.309375 0.195833 0.028125 0.037500
1 0.266406 0.175000 0.014063 0.016667
1 0.261719 0.150000 0.014063 0.016667
1 0.295312 0.137500 0.015625 0.020833
1 0.319531 0.146875 0.014063 0.022917
1 0.333594 0.131250 0.020313 0.029167
1 0.235937 0.129167 0.015625 0.025000
1 0.241406 0.101042 0.014063 0.027083
1 0.297656 0.108333 0.020313 0.020833
1 0.360938 0.094792 0.018750 0.027083
1 0.392969 0.062500 0.017188 0.020833
1 0.324219 0.079167 0.023438 0.016667
1 0.426563 0.043750 0.015625 0.029167
1 0.401562 0.040625 0.021875 0.027083
1 0.382031 0.045833 0.020313 0.025000
1 0.280469 0.031250 0.048438 0.041667
1 0.792188 0.732292 0.025000 0.031250
