1 0.968750 0.873437 0.062500 0.078125
1 0.617708 0.897656 0.506250 0.117188
1 0.769792 0.843750 0.356250 0.078125
1 0.115625 0.885156 0.210417 0.120313
1 0.193750 0.806250 0.316667 0.215625
2 0.464583 0.665625 0.079167 0.137500
2 0.550000 0.596094 0.062500 0.142187
2 0.619792 0.639844 0.072917 0.132812
2 0.684375 0.621094 0.047917 0.089063
2 0.714583 0.646875 0.079167 0.146875
2 0.390625 0.663281 0.072917 0.145313
2 0.206250 0.630469 0.079167 0.132812
2 0.276042 0.617188 0.064583 0.131250
2 0.302083 0.546094 0.075000 0.135937
2 0.390625 0.515625 0.077083 0.131250
2 0.217708 0.382812 0.072917 0.118750
2 0.158333 0.464844 0.070833 0.123438
2 0.309375 0.252344 0.089583 0.139063
2 0.233333 0.269531 0.054167 0.082812
2 0.369792 0.362500 0.064583 0.150000
2 0.455208 0.375000 0.093750 0.140625
2 0.386458 0.158594 0.060417 0.151562
2 0.419792 0.182031 0.081250 0.145313
2 0.485417 0.199219 0.066667 0.132812
2 0.553125 0.127344 0.093750 0.145313
2 0.554167 0.278906 0.066667 0.132812
2 0.622917 0.263281 0.070833 0.145313
2 0.620833 0.390625 0.083333 0.093750
2 0.704167 0.450781 0.070833 0.160938
2 0.755208 0.328906 0.060417 0.123438
2 0.825000 0.339062 0.070833 0.118750
2 0.787500 0.485938 0.083333 0.131250
