2 0.223438 0.240625 0.015625 0.043750
2 0.121094 0.289844 0.017188 0.042188
2 0.746875 0.268750 0.028125 0.056250
2 0.322656 0.321875 0.035937 0.046875
0 0.323437 0.539062 0.106250 0.393750
0 0.481250 0.452344 0.068750 0.239063
0 0.550781 0.514062 0.089063 0.284375
0 0.596875 0.400000 0.028125 0.068750
0 0.623437 0.417187 0.050000 0.143750
0 0.682031 0.439063 0.035937 0.146875
0 0.728125 0.432812 0.056250 0.175000
1 0.851562 0.417187 0.056250 0.046875
1 0.776563 0.389844 0.012500 0.010937
1 0.760156 0.388281 0.014063 0.014063
1 0.928125 0.400781 0.143750 0.526563
