2 0.184375 0.347917 0.037500 0.100000
2 0.047656 0.350000 0.042188 0.108333
2 0.016406 0.531250 0.029687 0.087500
2 0.286719 0.428125 0.029687 0.064583
2 0.480469 0.395833 0.051562 0.108333
2 0.524219 0.398958 0.032813 0.106250
2 0.385156 0.511458 0.026562 0.052083
2 0.282813 0.503125 0.028125 0.060417
2 0.782813 0.338542 0.040625 0.102083
2 0.735938 0.430208 0.031250 0.068750
2 0.820312 0.431250 0.028125 0.058333
2 0.916406 0.329167 0.035937 0.104167
2 0.879687 0.531250 0.018750 0.037500
2 0.777344 0.519792 0.017188 0.035417
1 0.302344 0.776042 0.145313 0.168750
1 0.069531 0.827083 0.135937 0.187500
1 0.070312 0.709375 0.093750 0.064583
1 0.141406 0.727083 0.070312 0.104167
1 0.158594 0.685417 0.114062 0.116667
1 0.216406 0.639583 0.064062 0.075000
0 0.257812 0.623958 0.059375 0.093750
1 0.309375 0.635417 0.053125 0.058333
1 0.021875 0.619792 0.040625 0.031250
1 0.402344 0.616667 0.079687 0.058333
1 0.533594 0.654167 0.051562 0.075000
1 0.491406 0.754167 0.176563 0.166667
1 0.610156 0.753125 0.064062 0.139583
1 0.683594 0.721875 0.082812 0.127083
1 0.761719 0.768750 0.092188 0.120833
1 0.867969 0.671875 0.120313 0.060417
1 0.964844 0.681250 0.060937 0.070833
1 0.915625 0.626042 0.090625 0.039583
1 0.772656 0.618750 0.067187 0.054167
1 0.667969 0.607292 0.085938 0.039583
1 0.603125 0.652083 0.078125 0.058333
