1 0.443750 0.771930 0.200000 0.144250
1 0.510156 0.637427 0.173437 0.105263
1 0.857812 0.552632 0.159375 0.157895
1 0.903125 0.361598 0.075000 0.099415
2 0.887500 0.289474 0.009375 0.017544
2 0.960156 0.213450 0.032813 0.064327
1 0.964063 0.316764 0.071875 0.076023
1 0.860156 0.295322 0.079687 0.064327
1 0.791406 0.291423 0.057813 0.064327
2 0.763281 0.218324 0.029687 0.066277
2 0.712500 0.220273 0.028125 0.081871
1 0.705469 0.289474 0.085938 0.072125
2 0.660937 0.203704 0.031250 0.060429
2 0.616406 0.211501 0.042188 0.076023
1 0.621094 0.265107 0.064062 0.085770
1 0.497656 0.269981 0.101562 0.072125
2 0.421875 0.218324 0.028125 0.081871
0 0.224219 0.197856 0.017188 0.040936
0 0.200781 0.196881 0.017188 0.027290
1 0.753906 0.429825 0.095312 0.126706
1 0.687500 0.368421 0.062500 0.085770
