1 0.264062 0.885417 0.112500 0.208333
1 0.326562 0.508333 0.053125 0.058333
1 0.378906 0.486458 0.045312 0.043750
1 0.435156 0.457292 0.048438 0.039583
1 0.524219 0.428125 0.045312 0.035417
1 0.480469 0.409375 0.051562 0.035417
0 0.492969 0.432292 0.014063 0.022917
1 0.517969 0.527083 0.098437 0.050000
1 0.557813 0.578125 0.093750 0.077083
1 0.647656 0.544792 0.060937 0.060417
2 0.403125 0.560417 0.021875 0.079167
2 0.387500 0.446875 0.015625 0.056250
2 0.608594 0.380208 0.007812 0.031250
2 0.767188 0.367708 0.009375 0.027083
2 0.660156 0.352083 0.010937 0.020833
1 0.984375 0.438542 0.031250 0.035417
1 0.986719 0.393750 0.026562 0.033333
2 0.510156 0.351042 0.007812 0.018750
