2 0.071875 0.189252 0.050000 0.182243
2 0.031250 0.314252 0.037500 0.119159
2 0.009375 0.415888 0.015625 0.098131
0 0.056250 0.824766 0.021875 0.121495
0 0.009375 0.828271 0.015625 0.133178
0 0.089063 0.806075 0.015625 0.074766
0 0.112500 0.801402 0.015625 0.074766
2 0.328125 0.538551 0.021875 0.067757
0 0.332031 0.800234 0.020313 0.081776
0 0.414844 0.799065 0.014063 0.084112
0 0.432812 0.794393 0.012500 0.070093
2 0.439844 0.564252 0.020313 0.067757
2 0.553125 0.674065 0.021875 0.067757
0 0.588281 0.793224 0.010937 0.081776
0 0.601562 0.796729 0.012500 0.079439
0 0.610156 0.757009 0.007812 0.028037
0 0.625000 0.802570 0.018750 0.095794
0 0.641406 0.762850 0.010937 0.035047
0 0.658594 0.804907 0.014063 0.081776
0 0.645312 0.814252 0.012500 0.063084
0 0.676562 0.807243 0.018750 0.105140
0 0.702344 0.820093 0.014063 0.074766
0 0.718750 0.783879 0.018750 0.086449
1 0.811719 0.818925 0.157812 0.109813
0 0.885156 0.765187 0.010937 0.035047
0 0.899219 0.776869 0.007812 0.058411
0 0.912500 0.796729 0.015625 0.046729
0 0.928906 0.800234 0.010937 0.053738
0 0.942969 0.800234 0.010937 0.039720
