0 0.505469 0.814394 0.098437 0.285354
0 0.631250 0.818182 0.096875 0.242424
0 0.760938 0.816919 0.090625 0.219697
0 0.862500 0.824495 0.071875 0.229798
0 0.891406 0.664141 0.073438 0.131313
0 0.791406 0.606061 0.070312 0.151515
0 0.693750 0.612374 0.068750 0.143939
0 0.610156 0.597222 0.070312 0.138889
0 0.535937 0.599747 0.065625 0.108586
0 0.434375 0.608586 0.065625 0.106061
0 0.369531 0.780303 0.092188 0.186869
0 0.278125 0.784091 0.071875 0.209596
0 0.192969 0.789141 0.076563 0.224747
0 0.235156 0.613636 0.057813 0.131313
0 0.070312 0.791667 0.093750 0.219697
0 0.075781 0.606061 0.070312 0.126263
0 0.153906 0.601010 0.060937 0.156566
0 0.349219 0.594697 0.085938 0.128788
0 0.940625 0.483586 0.062500 0.234848
0 0.853906 0.464646 0.070312 0.186869
0 0.894531 0.335859 0.067187 0.121212
0 0.914844 0.220960 0.057813 0.128788
0 0.764062 0.443182 0.065625 0.128788
0 0.684375 0.425505 0.053125 0.098485
0 0.612500 0.430556 0.062500 0.098485
0 0.542188 0.439394 0.068750 0.141414
0 0.458594 0.434343 0.070312 0.146465
0 0.384375 0.448232 0.068750 0.128788
0 0.306250 0.438131 0.078125 0.123737
0 0.236719 0.445707 0.079687 0.138889
0 0.157031 0.439394 0.054688 0.111111
0 0.071875 0.448232 0.056250 0.118687
0 0.084375 0.339646 0.059375 0.108586
0 0.121094 0.227273 0.064062 0.126263
0 0.186719 0.262626 0.064062 0.136364
0 0.268750 0.270202 0.065625 0.151515
0 0.327344 0.256313 0.054688 0.138889
0 0.391406 0.260101 0.070312 0.151515
0 0.465625 0.272727 0.068750 0.171717
0 0.534375 0.270202 0.068750 0.161616
0 0.607031 0.281566 0.060937 0.143939
0 0.671875 0.260101 0.065625 0.156566
0 0.742188 0.252525 0.071875 0.166667
0 0.825000 0.275253 0.071875 0.146465
0 0.559375 0.094697 0.106250 0.184343
0 0.448437 0.101010 0.084375 0.176768
0 0.359375 0.078283 0.075000 0.131313
0 0.271094 0.097222 0.085938 0.133838
