2 0.096875 0.087500 0.125000 0.145833
2 0.135156 0.206250 0.026562 0.054167
2 0.283594 0.205208 0.023438 0.060417
2 0.280469 0.272917 0.020313 0.025000
1 0.522656 0.469792 0.492188 0.193750
1 0.582812 0.353125 0.143750 0.089583
2 0.627344 0.263542 0.010937 0.027083
2 0.718750 0.317708 0.012500 0.022917
2 0.753906 0.281250 0.010937 0.020833
2 0.814844 0.319792 0.007812 0.018750
2 0.825000 0.314583 0.009375 0.025000
1 0.647656 0.344792 0.035937 0.035417
1 0.739844 0.345833 0.020313 0.012500
1 0.787500 0.350000 0.012500 0.012500
