1 0.814063 0.727166 0.040625 0.058548
1 0.714844 0.805621 0.054688 0.084309
1 0.680469 0.921546 0.070312 0.114754
1 0.642188 0.727166 0.040625 0.058548
1 0.731250 0.654567 0.028125 0.044496
1 0.761719 0.632319 0.023438 0.042155
1 0.789062 0.612412 0.021875 0.030445
1 0.689063 0.637002 0.021875 0.028103
1 0.696094 0.605386 0.023438 0.025761
1 0.713281 0.585480 0.017188 0.018735
1 0.746094 0.586651 0.017188 0.021077
1 0.783594 0.565574 0.020313 0.021077
1 0.770312 0.552693 0.009375 0.018735
1 0.723437 0.559719 0.015625 0.023419
2 0.800781 0.529274 0.035937 0.051522
2 0.736719 0.526932 0.032813 0.037471
2 0.682031 0.525761 0.029687 0.039813
1 0.039844 0.933255 0.076563 0.114754
1 0.160156 0.964871 0.114062 0.070258
1 0.195312 0.827869 0.081250 0.091335
1 0.309375 0.713115 0.137500 0.185012
1 0.420312 0.763466 0.046875 0.065574
1 0.463281 0.722482 0.035937 0.058548
1 0.427344 0.693208 0.023438 0.056206
1 0.428125 0.648712 0.021875 0.042155
1 0.453125 0.668618 0.018750 0.035129
1 0.482031 0.651054 0.023438 0.042155
1 0.510938 0.686183 0.034375 0.051522
1 0.546094 0.662763 0.026562 0.046838
1 0.537500 0.617096 0.021875 0.035129
1 0.500781 0.608899 0.020313 0.032787
1 0.521094 0.628806 0.020313 0.035129
1 0.585938 0.624122 0.021875 0.039813
1 0.607812 0.605386 0.021875 0.025761
1 0.596875 0.563232 0.009375 0.021077
1 0.625781 0.553864 0.014063 0.016393
1 0.574219 0.565574 0.017188 0.021077
1 0.341406 0.423888 0.470313 0.065574
