2 0.256250 0.344340 0.025000 0.037736
2 0.131250 0.341981 0.018750 0.042453
2 0.038281 0.416274 0.017188 0.054245
2 0.059375 0.286557 0.018750 0.040094
2 0.184375 0.257075 0.018750 0.042453
2 0.350000 0.416274 0.015625 0.040094
2 0.457813 0.504717 0.018750 0.037736
2 0.580469 0.505896 0.014063 0.040094
2 0.571094 0.503538 0.004687 0.040094
1 0.706250 0.621462 0.068750 0.073113
2 0.743750 0.295991 0.028125 0.035377
2 0.809375 0.155660 0.015625 0.037736
2 0.573438 0.165094 0.018750 0.037736
1 0.303125 0.096698 0.031250 0.037736
1 0.336719 0.107311 0.026562 0.044811
1 0.369531 0.127358 0.039062 0.047170
1 0.236719 0.053066 0.039062 0.040094
1 0.208594 0.027123 0.026562 0.035377
1 0.760156 0.041274 0.029687 0.049528
