0 0.257812 0.604167 0.096875 0.483333
0 0.070312 0.635417 0.100000 0.470833
0 0.160938 0.488542 0.053125 0.193750
0 0.395313 0.471875 0.040625 0.160417
0 0.454688 0.523958 0.059375 0.243750
0 0.604688 0.586458 0.106250 0.347917
0 0.851562 0.473958 0.040625 0.156250
0 0.892969 0.457292 0.023438 0.172917
0 0.979688 0.553125 0.040625 0.327083
0 0.540625 0.458333 0.012500 0.054167
0 0.560156 0.469792 0.007812 0.047917
0 0.521094 0.457292 0.014063 0.060417
0 0.504687 0.451042 0.009375 0.047917
0 0.492969 0.442708 0.010937 0.035417
0 0.357031 0.389583 0.010937 0.033333
