1 0.469112 0.183594 0.254826 0.167187
1 0.897683 0.187500 0.204633 0.071875
1 0.717181 0.183594 0.094595 0.020313
1 0.683398 0.181250 0.131274 0.046875
2 0.832046 0.098437 0.019305 0.028125
2 0.795367 0.100781 0.019305 0.029687
2 0.751931 0.105469 0.017375 0.029687
1 0.249035 0.185938 0.081081 0.050000
1 0.309846 0.171875 0.048263 0.028125
1 0.194015 0.181250 0.052124 0.034375
1 0.152510 0.177344 0.038610 0.029687
1 0.115830 0.171875 0.023166 0.028125
2 0.159266 0.050781 0.017375 0.035937
2 0.278958 0.054688 0.017375 0.031250
2 0.387066 0.052344 0.025097 0.032813
2 0.257722 0.109375 0.017375 0.021875
2 0.314672 0.110156 0.015444 0.014063
0 0.025097 0.214062 0.046332 0.175000
0 0.079151 0.220312 0.046332 0.156250
2 0.313707 0.368750 0.025097 0.034375
2 0.197876 0.371094 0.013514 0.029687
2 0.073359 0.365625 0.015444 0.021875
1 0.114865 0.484375 0.067568 0.056250
1 0.067568 0.486719 0.034749 0.035937
1 0.251931 0.490625 0.125483 0.084375
2 0.236486 0.428906 0.013514 0.023438
2 0.294402 0.427344 0.017375 0.020313
2 0.178571 0.424219 0.017375 0.020313
1 0.681467 0.483594 0.583012 0.251563
1 0.798263 0.874219 0.364865 0.126562
1 0.319498 0.864062 0.183398 0.109375
1 0.424710 0.828906 0.100386 0.057813
1 0.615830 0.818750 0.081081 0.046875
1 0.569498 0.811719 0.050193 0.042188
2 0.721042 0.744531 0.013514 0.020313
2 0.757722 0.742188 0.013514 0.018750
2 0.681467 0.748437 0.023166 0.025000
2 0.344595 0.701562 0.017375 0.037500
2 0.333977 0.757812 0.011583 0.018750
2 0.275097 0.750000 0.009653 0.015625
2 0.241313 0.701562 0.011583 0.018750
2 0.222008 0.748437 0.011583 0.018750
2 0.129344 0.696875 0.011583 0.021875
1 0.213320 0.817969 0.025097 0.032813
1 0.189189 0.819531 0.030888 0.026562
1 0.150579 0.814844 0.027027 0.017188
1 0.130309 0.814844 0.017375 0.017188
1 0.113900 0.810156 0.011583 0.014063
0 0.062741 0.845313 0.040541 0.137500
0 0.020270 0.843750 0.032819 0.137500
