0 0.222917 0.569531 0.050000 0.101562
0 0.167708 0.550781 0.027083 0.064062
0 0.130208 0.541406 0.027083 0.048438
0 0.035417 0.533594 0.020833 0.029687
0 0.303125 0.557031 0.035417 0.107813
0 0.325000 0.514844 0.020833 0.023438
0 0.348958 0.553906 0.022917 0.098437
0 0.377083 0.552344 0.033333 0.107813
0 0.584375 0.703125 0.222917 0.509375
2 0.648958 0.407813 0.031250 0.053125
2 0.813542 0.236719 0.035417 0.082812
2 0.865625 0.350781 0.031250 0.045312
0 0.738542 0.531250 0.043750 0.087500
0 0.765625 0.529687 0.022917 0.087500
0 0.795833 0.530469 0.020833 0.079687
0 0.821875 0.519531 0.027083 0.073438
2 0.778125 0.438281 0.035417 0.035937
0 0.865625 0.535937 0.035417 0.103125
0 0.890625 0.535937 0.031250 0.106250
0 0.923958 0.528125 0.035417 0.100000
0 0.970833 0.524219 0.025000 0.079687
0 0.990625 0.517188 0.018750 0.075000
