1 0.710938 0.458333 0.346875 0.325000
1 0.496875 0.612500 0.609375 0.454167
1 0.123438 0.621875 0.103125 0.239583
0 0.081250 0.518750 0.021875 0.120833
0 0.119531 0.502083 0.020313 0.079167
0 0.142969 0.486458 0.020313 0.047917
1 0.113281 0.429167 0.192188 0.145833
2 0.045312 0.393750 0.028125 0.054167
2 0.169531 0.391667 0.017188 0.041667
2 0.225000 0.370833 0.018750 0.054167
2 0.989062 0.394792 0.021875 0.056250
0 0.990625 0.509375 0.018750 0.081250
0 0.956250 0.486458 0.012500 0.072917
0 0.894531 0.472917 0.014063 0.058333
0 0.909375 0.467708 0.015625 0.060417
0 0.932813 0.485417 0.015625 0.070833
