2 0.771094 0.389583 0.082812 0.229167
2 0.770312 0.622917 0.056250 0.083333
2 0.583594 0.690625 0.010937 0.022917
2 0.642188 0.729167 0.009375 0.025000
2 0.608594 0.712500 0.007812 0.016667
2 0.455469 0.729167 0.007812 0.025000
2 0.451562 0.755208 0.009375 0.014583
1 0.341406 0.814583 0.067187 0.095833
1 0.393750 0.805208 0.021875 0.064583
1 0.467187 0.791667 0.028125 0.037500
1 0.496094 0.782292 0.020313 0.031250
1 0.508594 0.779167 0.014063 0.020833
1 0.530469 0.800000 0.035937 0.041667
1 0.594531 0.777083 0.067187 0.100000
0 0.667188 0.812500 0.021875 0.108333
0 0.825000 0.812500 0.021875 0.120833
0 0.862500 0.839583 0.046875 0.195833
0 0.909375 0.823958 0.040625 0.143750
