2 0.599219 0.532787 0.039062 0.091335
2 0.563281 0.532787 0.026562 0.086651
2 0.856250 0.344262 0.028125 0.074941
2 0.951562 0.516393 0.021875 0.039813
1 0.826562 0.840749 0.234375 0.154567
1 0.897656 0.695550 0.204687 0.266979
0 0.710938 0.632319 0.018750 0.074941
0 0.539844 0.690867 0.026562 0.112412
0 0.348438 0.724824 0.025000 0.128806
0 0.371875 0.844262 0.046875 0.152225
0 0.291406 0.793911 0.023438 0.117096
2 0.142187 0.533958 0.018750 0.032787
0 0.145313 0.683841 0.018750 0.060890
0 0.167187 0.681499 0.012500 0.079625
0 0.251563 0.672131 0.025000 0.065574
0 0.225781 0.679157 0.017188 0.065574
0 0.289844 0.680328 0.020313 0.072600
0 0.764062 0.610070 0.015625 0.067916
1 0.272656 0.604215 0.042188 0.032787
1 0.132031 0.579625 0.085938 0.067916
0 0.510938 0.748244 0.034375 0.138173
0 0.429688 0.729508 0.025000 0.114754
0 0.465625 0.717799 0.031250 0.128806
1 0.050000 0.576112 0.065625 0.056206
