0 0.182031 0.289583 0.048438 0.087500
0 0.559375 0.575000 0.046875 0.212500
0 0.619531 0.639583 0.057813 0.133333
0 0.688281 0.625000 0.064062 0.170833
0 0.704688 0.937500 0.231250 0.125000
0 0.465625 0.969792 0.125000 0.060417
0 0.322656 0.967708 0.085938 0.064583
0 0.906250 0.218750 0.012500 0.029167
0 0.895312 0.232292 0.012500 0.022917
0 0.894531 0.264583 0.014063 0.025000
0 0.889062 0.287500 0.018750 0.033333
0 0.917969 0.281250 0.010937 0.016667
0 0.935156 0.289583 0.017188 0.025000
0 0.976562 0.308333 0.015625 0.025000
0 0.979688 0.285417 0.015625 0.016667
0 0.982031 0.235417 0.014063 0.020833
0 0.878125 0.239583 0.015625 0.025000
0 0.866406 0.276042 0.010937 0.035417
0 0.839063 0.251042 0.012500 0.022917
0 0.780469 0.262500 0.014063 0.029167
0 0.799219 0.256250 0.010937 0.025000
0 0.772656 0.227083 0.010937 0.029167
0 0.769531 0.202083 0.014063 0.020833
0 0.731250 0.222917 0.015625 0.029167
0 0.725000 0.248958 0.021875 0.035417
0 0.745313 0.141667 0.012500 0.020833
0 0.696094 0.211458 0.010937 0.018750
0 0.683594 0.241667 0.017188 0.033333
0 0.664844 0.241667 0.026562 0.033333
0 0.476562 0.328125 0.031250 0.122917
0 0.314063 0.217708 0.021875 0.060417
0 0.085938 0.112500 0.012500 0.033333
0 0.110156 0.107292 0.014063 0.027083
0 0.100781 0.145833 0.014063 0.045833
0 0.125000 0.051042 0.012500 0.014583
0 0.139063 0.121875 0.012500 0.027083
0 0.162500 0.129167 0.015625 0.020833
0 0.178906 0.106250 0.020313 0.029167
0 0.185938 0.150000 0.012500 0.025000
0 0.203906 0.142708 0.010937 0.018750
0 0.221094 0.163542 0.014063 0.022917
0 0.241406 0.094792 0.010937 0.027083
0 0.291406 0.053125 0.010937 0.018750
0 0.354687 0.130208 0.018750 0.022917
0 0.358594 0.178125 0.010937 0.027083
0 0.375000 0.188542 0.009375 0.022917
0 0.396094 0.200000 0.020313 0.037500
0 0.434375 0.042708 0.009375 0.027083
0 0.427344 0.126042 0.014063 0.027083
0 0.490625 0.092708 0.012500 0.027083
0 0.536719 0.213542 0.017188 0.031250
0 0.497656 0.212500 0.014063 0.033333
0 0.542969 0.176042 0.017188 0.031250
0 0.775781 0.168750 0.020313 0.029167
0 0.803125 0.111458 0.012500 0.027083
0 0.848437 0.040625 0.009375 0.027083
0 0.860938 0.051042 0.012500 0.027083
0 0.890625 0.105208 0.012500 0.022917
0 0.954688 0.095833 0.009375 0.020833
0 0.925000 0.138542 0.009375 0.018750
0 0.903906 0.150000 0.010937 0.016667
0 0.868750 0.163542 0.015625 0.027083
0 0.838281 0.195833 0.010937 0.025000
0 0.856250 0.190625 0.012500 0.022917
0 0.770312 0.081250 0.015625 0.025000
0 0.788281 0.071875 0.014063 0.031250
0 0.796094 0.046875 0.017188 0.027083
0 0.722656 0.103125 0.007812 0.014583
0 0.711719 0.109375 0.014063 0.018750
0 0.703906 0.165625 0.014063 0.027083
0 0.720313 0.164583 0.015625 0.020833
0 0.691406 0.109375 0.017188 0.031250
0 0.685937 0.087500 0.015625 0.025000
0 0.694531 0.063542 0.014063 0.022917
0 0.710938 0.015625 0.012500 0.014583
0 0.637500 0.126042 0.015625 0.022917
0 0.653125 0.114583 0.012500 0.025000
0 0.639062 0.045833 0.015625 0.020833
0 0.622656 0.213542 0.014063 0.022917
0 0.609375 0.214583 0.012500 0.025000
0 0.602344 0.227083 0.020313 0.033333
0 0.614062 0.113542 0.015625 0.035417
0 0.566406 0.146875 0.017188 0.027083
0 0.663281 0.072917 0.010937 0.020833
0 0.562500 0.104167 0.009375 0.025000
0 0.535937 0.122917 0.015625 0.025000
0 0.515625 0.144792 0.018750 0.031250
0 0.484375 0.164583 0.018750 0.025000
0 0.482812 0.138542 0.012500 0.022917
0 0.517969 0.077083 0.017188 0.025000
0 0.549219 0.047917 0.010937 0.020833
0 0.461719 0.143750 0.017188 0.033333
0 0.392969 0.126042 0.020313 0.027083
0 0.399219 0.070833 0.014063 0.020833
0 0.360156 0.079167 0.010937 0.016667
0 0.246875 0.195833 0.018750 0.037500
0 0.271094 0.180208 0.017188 0.031250
0 0.958594 0.019792 0.017188 0.027083
0 0.462500 0.022917 0.018750 0.025000
0 0.264844 0.062500 0.014063 0.016667
0 0.212500 0.058333 0.012500 0.025000
0 0.126562 0.019792 0.018750 0.027083
