0 0.723437 0.703747 0.034375 0.133489
0 0.744531 0.661593 0.017188 0.058548
0 0.732031 0.660422 0.014063 0.060890
1 0.905469 0.640515 0.070312 0.039813
0 0.601562 0.676815 0.028125 0.098361
0 0.340625 0.658080 0.018750 0.079625
0 0.323437 0.656909 0.015625 0.086651
0 0.310156 0.659251 0.010937 0.086651
0 0.297656 0.662763 0.014063 0.070258
0 0.284375 0.646370 0.009375 0.065574
0 0.272656 0.635831 0.007812 0.044496
0 0.264844 0.601874 0.014063 0.037471
0 0.252344 0.565574 0.010937 0.016393
0 0.250000 0.546838 0.012500 0.030445
0 0.242969 0.526932 0.017188 0.023419
0 0.232813 0.502342 0.009375 0.021077
0 0.228125 0.484778 0.012500 0.018735
0 0.215625 0.466042 0.015625 0.032787
0 0.196094 0.469555 0.014063 0.025761
0 0.181250 0.466042 0.012500 0.023419
0 0.143750 0.652225 0.021875 0.081967
