0 0.418000 0.492492 0.024000 0.120120
0 0.443000 0.480480 0.018000 0.048048
1 0.354000 0.492492 0.040000 0.054054
1 0.390000 0.478979 0.016000 0.021021
1 0.322000 0.492492 0.020000 0.030030
1 0.291000 0.487988 0.022000 0.033033
1 0.263000 0.493994 0.034000 0.051051
1 0.208000 0.498498 0.080000 0.072072
1 0.074000 0.436937 0.144000 0.207207
1 0.045000 0.521021 0.086000 0.147147
0 0.620000 0.528529 0.072000 0.408408
0 0.544000 0.524024 0.040000 0.285285
0 0.574000 0.417417 0.028000 0.078078
0 0.683000 0.552553 0.054000 0.468468
0 0.731000 0.441441 0.038000 0.216216
0 0.769000 0.539039 0.082000 0.543544
0 0.840000 0.560060 0.064000 0.429429
0 0.936000 0.627628 0.112000 0.630631
