2 0.516406 0.093677 0.057813 0.145199
2 0.587500 0.074941 0.043750 0.140515
1 0.242188 0.389930 0.396875 0.395785
1 0.021094 0.345433 0.039062 0.100703
0 0.657813 0.264637 0.103125 0.285714
0 0.582031 0.262295 0.054688 0.201405
1 0.910937 0.514052 0.178125 0.227166
0 0.910156 0.380562 0.020313 0.035129
0 0.933594 0.385246 0.020313 0.030445
0 0.942969 0.360656 0.017188 0.023419
0 0.962500 0.384075 0.015625 0.028103
0 0.980469 0.385246 0.017188 0.021077
2 0.887500 0.284543 0.037500 0.081967
2 0.853125 0.290398 0.040625 0.107728
