0 0.788863 0.720313 0.060325 0.050000
0 0.832947 0.585156 0.041763 0.048438
0 0.730858 0.561719 0.051044 0.026562
0 0.742459 0.531250 0.041763 0.031250
0 0.632251 0.550000 0.034803 0.034375
0 0.489559 0.830469 0.069606 0.054688
0 0.551044 0.893750 0.067285 0.053125
0 0.328306 0.875781 0.067285 0.054688
0 0.385151 0.762500 0.046404 0.046875
0 0.315545 0.713281 0.051044 0.039062
0 0.481439 0.686719 0.044084 0.039062
0 0.428074 0.648438 0.048724 0.043750
0 0.381671 0.614844 0.030162 0.026562
0 0.344548 0.589063 0.034803 0.031250
0 0.450116 0.557031 0.032483 0.032813
0 0.407193 0.535156 0.034803 0.032813
0 0.481439 0.470313 0.025522 0.018750
0 0.587007 0.439844 0.027842 0.029687
0 0.653132 0.417187 0.034803 0.021875
0 0.687935 0.482812 0.034803 0.025000
0 0.629930 0.469531 0.030162 0.020313
0 0.395592 0.450000 0.030162 0.025000
0 0.380510 0.478125 0.032483 0.021875
0 0.338747 0.467969 0.027842 0.023438
0 0.354988 0.422656 0.027842 0.026562
0 0.379350 0.396094 0.025522 0.020313
0 0.444316 0.372656 0.020882 0.017188
0 0.344548 0.368750 0.025522 0.025000
0 0.409513 0.346094 0.025522 0.026562
0 0.431555 0.325000 0.013921 0.012500
0 0.404872 0.297656 0.016241 0.014063
0 0.361949 0.294531 0.018561 0.017188
0 0.429234 0.253906 0.013921 0.010937
0 0.464037 0.250000 0.023202 0.015625
0 0.467517 0.274219 0.020882 0.014063
0 0.491879 0.292969 0.018561 0.017188
0 0.512761 0.288281 0.013921 0.014063
0 0.563805 0.300781 0.018561 0.014063
0 0.545244 0.318750 0.018561 0.015625
0 0.566125 0.360156 0.023202 0.017188
1 0.278422 0.326562 0.060325 0.034375
1 0.276102 0.299219 0.051044 0.029687
1 0.295824 0.266406 0.062645 0.026562
1 0.301624 0.231250 0.037123 0.021875
1 0.126450 0.247656 0.048724 0.017188
1 0.082367 0.264844 0.034803 0.020313
1 0.049884 0.284375 0.048724 0.028125
1 0.039443 0.245312 0.046404 0.025000
1 0.077726 0.229687 0.030162 0.015625
1 0.151972 0.228125 0.030162 0.021875
1 0.106729 0.222656 0.023202 0.014063
1 0.054524 0.150781 0.025522 0.017188
1 0.119490 0.152344 0.030162 0.017188
