1 0.500781 0.877049 0.035937 0.053864
1 0.510156 0.819672 0.035937 0.060890
1 0.560937 0.859485 0.046875 0.098361
2 0.628125 0.761124 0.040625 0.121780
0 0.625000 0.873536 0.012500 0.046838
0 0.663281 0.881733 0.014063 0.058548
0 0.675781 0.879391 0.014063 0.053864
0 0.742969 0.886417 0.014063 0.063232
0 0.720313 0.887588 0.018750 0.070258
0 0.816406 0.867681 0.010937 0.053864
0 0.833594 0.874707 0.010937 0.053864
2 0.911719 0.783372 0.029687 0.096019
2 0.950000 0.793911 0.037500 0.088993
2 0.450000 0.770492 0.028125 0.103044
1 0.442969 0.878220 0.032813 0.046838
0 0.391406 0.872365 0.020313 0.058548
1 0.298438 0.832553 0.118750 0.133489
1 0.169531 0.888759 0.064062 0.058548
0 0.124219 0.871194 0.017188 0.065574
0 0.214844 0.859485 0.014063 0.051522
