0 0.078125 0.244531 0.049632 0.085938
0 0.033088 0.248438 0.036765 0.093750
0 0.204044 0.279687 0.044118 0.084375
0 0.257353 0.285938 0.051471 0.084375
0 0.107537 0.099219 0.042279 0.067187
0 0.051471 0.118750 0.047794 0.118750
0 0.193934 0.113281 0.034926 0.057813
0 0.235294 0.113281 0.040441 0.064062
0 0.279412 0.174219 0.047794 0.067187
0 0.395221 0.182812 0.051471 0.065625
0 0.448529 0.182031 0.036765 0.073438
0 0.504596 0.181250 0.031250 0.078125
0 0.550551 0.182812 0.042279 0.096875
0 0.461397 0.100000 0.036765 0.053125
0 0.585478 0.109375 0.034926 0.081250
0 0.650735 0.086719 0.033088 0.054688
0 0.679228 0.078125 0.020221 0.037500
0 0.766544 0.059375 0.025735 0.034375
0 0.835478 0.111719 0.038603 0.079687
0 0.886949 0.082031 0.049632 0.057813
0 0.964154 0.091406 0.056985 0.064062
0 0.966912 0.233594 0.066176 0.107813
0 0.896140 0.294531 0.049632 0.076563
0 0.852022 0.283594 0.034926 0.067187
0 0.738051 0.196094 0.185662 0.270313
0 0.799632 0.642969 0.180147 0.598437
0 0.375919 0.610156 0.170956 0.567187
0 0.200368 0.618750 0.187500 0.575000
