0 0.327000 0.510776 0.142000 0.495690
0 0.583000 0.601293 0.110000 0.357759
0 0.743000 0.528017 0.226000 0.469828
0 0.902000 0.209052 0.060000 0.245690
0 0.977000 0.178879 0.046000 0.288793
0 0.842000 0.168103 0.044000 0.275862
0 0.727000 0.144397 0.050000 0.271552
0 0.661000 0.155172 0.070000 0.258621
0 0.582000 0.159483 0.060000 0.267241
0 0.474000 0.170259 0.052000 0.237069
0 0.418000 0.193966 0.060000 0.215517
0 0.351000 0.131466 0.050000 0.237069
0 0.289000 0.146552 0.046000 0.250000
0 0.247000 0.144397 0.042000 0.262931
0 0.199000 0.165948 0.046000 0.237069
0 0.147000 0.159483 0.046000 0.224138
0 0.101000 0.144397 0.042000 0.245690
0 0.028000 0.153017 0.044000 0.228448
0 0.062000 0.066810 0.028000 0.116379
