0 0.492969 0.604167 0.082812 0.237745
0 0.594531 0.625000 0.079687 0.166667
0 0.702344 0.595588 0.120313 0.289216
0 0.777344 0.325980 0.042188 0.147059
0 0.958594 0.280637 0.051562 0.159314
0 0.897656 0.080882 0.035937 0.063725
0 0.965625 0.067402 0.028125 0.051471
0 0.991406 0.058824 0.017188 0.063725
0 0.980469 0.020833 0.026562 0.036765
0 0.935156 0.034314 0.023438 0.039216
0 0.894531 0.028186 0.023438 0.031863
0 0.853906 0.072304 0.029687 0.075980
0 0.846875 0.030637 0.028125 0.041667
0 0.794531 0.084559 0.029687 0.061275
0 0.756250 0.089461 0.028125 0.056373
0 0.779687 0.041667 0.025000 0.039216
0 0.739844 0.040441 0.026562 0.051471
0 0.699219 0.040441 0.026562 0.046569
0 0.712500 0.093137 0.028125 0.053922
0 0.671094 0.095588 0.032813 0.058824
0 0.639062 0.056373 0.025000 0.053922
0 0.624219 0.018382 0.026562 0.031863
0 0.599219 0.051471 0.026562 0.053922
0 0.577344 0.105392 0.042188 0.053922
0 0.563281 0.055147 0.032813 0.061275
0 0.528906 0.025735 0.023438 0.031863
0 0.531250 0.104167 0.028125 0.066176
0 0.492188 0.120098 0.028125 0.044118
0 0.501563 0.063725 0.025000 0.053922
0 0.465625 0.069853 0.028125 0.056373
0 0.487500 0.030637 0.028125 0.046569
0 0.452344 0.025735 0.026562 0.041667
0 0.433594 0.196078 0.020313 0.049020
0 0.477344 0.180147 0.026562 0.061275
0 0.514062 0.248775 0.028125 0.056373
0 0.466406 0.258578 0.032813 0.066176
0 0.382031 0.197304 0.026562 0.046569
0 0.335938 0.207108 0.031250 0.056373
0 0.349219 0.156863 0.029687 0.049020
0 0.338281 0.113971 0.029687 0.046569
0 0.314063 0.145833 0.028125 0.071078
0 0.285938 0.116422 0.031250 0.061275
0 0.261719 0.166667 0.029687 0.058824
0 0.278906 0.267157 0.032813 0.058824
0 0.332031 0.270833 0.039062 0.046569
0 0.212500 0.085784 0.031250 0.063725
0 0.246094 0.052696 0.029687 0.041667
0 0.237500 0.113971 0.025000 0.051471
0 0.207031 0.174020 0.035937 0.063725
0 0.189062 0.126225 0.031250 0.046569
0 0.157031 0.053922 0.029687 0.102941
0 0.149219 0.227941 0.067187 0.156863
0 0.093750 0.219363 0.053125 0.174020
0 0.052344 0.208333 0.039062 0.088235
0 0.021094 0.276961 0.039062 0.107843
