0 0.830000 0.794000 0.100000 0.268000
1 0.981000 0.637000 0.034000 0.034000
1 0.841000 0.636000 0.070000 0.032000
1 0.782000 0.634000 0.048000 0.028000
1 0.738000 0.636000 0.060000 0.028000
1 0.924000 0.629000 0.060000 0.034000
0 0.521000 0.637000 0.026000 0.054000
0 0.471000 0.632000 0.030000 0.060000
0 0.385000 0.629000 0.026000 0.070000
1 0.433000 0.627000 0.050000 0.038000
0 0.581000 0.629000 0.010000 0.018000
0 0.607000 0.635000 0.010000 0.018000
0 0.094000 0.626000 0.012000 0.020000
0 0.138000 0.632000 0.016000 0.020000
