1 0.846875 0.597711 0.134375 0.082746
1 0.964844 0.599472 0.070312 0.072183
0 0.882031 0.695423 0.035937 0.098592
0 0.753906 0.683099 0.026562 0.073944
0 0.735938 0.649648 0.015625 0.045775
0 0.714844 0.697183 0.026562 0.073944
0 0.681250 0.639965 0.021875 0.036972
0 0.700781 0.634683 0.014063 0.033451
0 0.664062 0.674296 0.025000 0.042254
0 0.650781 0.717430 0.026562 0.082746
0 0.603125 0.695423 0.021875 0.077465
0 0.567969 0.682218 0.023438 0.068662
0 0.575781 0.639085 0.017188 0.035211
1 0.435937 0.656690 0.178125 0.172535
0 0.440625 0.680458 0.025000 0.082746
0 0.340625 0.640845 0.015625 0.052817
0 0.268750 0.646127 0.028125 0.077465
0 0.155469 0.659331 0.017188 0.054577
0 0.121875 0.654049 0.028125 0.061620
1 0.149219 0.625880 0.110937 0.110915
