0 0.509375 0.647132 0.056250 0.321696
0 0.932813 0.504988 0.025000 0.107232
0 0.945312 0.582294 0.021875 0.067332
0 0.945312 0.397756 0.015625 0.052369
0 0.660937 0.288030 0.021875 0.022444
0 0.630469 0.286783 0.014063 0.019950
0 0.342187 0.553616 0.021875 0.029925
0 0.361719 0.514963 0.017188 0.037406
0 0.021094 0.562344 0.026562 0.167082
0 0.061719 0.568579 0.026562 0.099751
0 0.091406 0.559850 0.035937 0.082294
0 0.613281 0.076060 0.020313 0.037406
0 0.739062 0.067332 0.018750 0.029925
0 0.806250 0.102244 0.015625 0.034913
0 0.647656 0.188279 0.020313 0.047382
0 0.618750 0.226933 0.021875 0.034913
