0 0.018750 0.471875 0.028125 0.156250
0 0.042969 0.477083 0.026562 0.150000
0 0.069531 0.468750 0.020313 0.154167
0 0.092969 0.484375 0.032813 0.143750
2 0.098437 0.329167 0.034375 0.091667
0 0.147656 0.457292 0.029687 0.156250
0 0.177344 0.451042 0.017188 0.127083
0 0.196094 0.468750 0.032813 0.133333
0 0.225000 0.463542 0.021875 0.156250
0 0.281250 0.435417 0.018750 0.091667
0 0.303906 0.431250 0.020313 0.095833
0 0.921094 0.467708 0.010937 0.143750
0 0.938281 0.464583 0.029687 0.170833
0 0.975000 0.457292 0.037500 0.202083
0 0.961719 0.785417 0.070312 0.225000
