2 0.021875 0.262500 0.040625 0.158333
2 0.326562 0.745833 0.015625 0.041667
2 0.167187 0.731250 0.015625 0.041667
2 0.201563 0.737500 0.015625 0.041667
0 0.040625 0.906250 0.015625 0.066667
2 0.250000 0.831250 0.015625 0.016667
1 0.295312 0.931250 0.075000 0.062500
1 0.357812 0.915625 0.046875 0.047917
1 0.403125 0.911458 0.043750 0.039583
1 0.456250 0.925000 0.062500 0.062500
1 0.521094 0.900000 0.042188 0.041667
1 0.578125 0.906250 0.021875 0.037500
1 0.613281 0.907292 0.029687 0.035417
1 0.642188 0.889583 0.028125 0.037500
1 0.670312 0.877083 0.034375 0.029167
1 0.724219 0.871875 0.029687 0.027083
2 0.713281 0.755208 0.017188 0.039583
2 0.614062 0.762500 0.059375 0.041667
1 0.726562 0.916667 0.043750 0.058333
1 0.786719 0.880208 0.023438 0.035417
1 0.821094 0.869792 0.017188 0.027083
1 0.805469 0.865625 0.014063 0.022917
0 0.920312 0.920833 0.015625 0.062500
0 0.676562 0.943750 0.043750 0.083333
0 0.600000 0.961458 0.053125 0.077083
2 0.789844 0.086458 0.073438 0.164583
