0 0.218750 0.566667 0.012500 0.016667
0 0.198437 0.579167 0.009375 0.020833
0 0.210156 0.570833 0.014063 0.016667
0 0.186719 0.566667 0.010937 0.016667
0 0.175781 0.563542 0.014063 0.014583
0 0.153906 0.563542 0.010937 0.014583
0 0.879687 0.481250 0.009375 0.025000
0 0.864062 0.478125 0.012500 0.022917
0 0.848437 0.481250 0.012500 0.016667
0 0.838281 0.473958 0.010937 0.022917
0 0.810937 0.475000 0.012500 0.025000
0 0.788281 0.473958 0.010937 0.022917
0 0.654687 0.475000 0.006250 0.016667
0 0.646875 0.473958 0.009375 0.018750
0 0.667188 0.469792 0.006250 0.018750
0 0.684375 0.470833 0.006250 0.016667
0 0.705469 0.472917 0.010937 0.016667
0 0.719531 0.478125 0.007812 0.018750
0 0.737500 0.481250 0.015625 0.025000
0 0.635938 0.485417 0.009375 0.012500
0 0.620313 0.470833 0.012500 0.016667
0 0.545312 0.476042 0.009375 0.027083
0 0.388281 0.482292 0.007812 0.014583
0 0.425000 0.488542 0.009375 0.018750
0 0.411719 0.487500 0.007812 0.012500
0 0.452344 0.486458 0.007812 0.014583
0 0.468750 0.486458 0.009375 0.014583
0 0.496094 0.479167 0.014063 0.016667
