0 0.11406250000000001 0.6716417910447761 0.1 0.06467661691542288
0 0.035937500000000004 0.695273631840796 0.07187500000000001 0.04228855721393035
0 0.0171875 0.6380597014925373 0.034375 0.03731343283582089
0 0.05078125 0.6293532338308457 0.0328125 0.03980099502487562
0 0.1 0.6181592039800995 0.05 0.03233830845771144
0 0.359375 0.6057213930348259 0.046875 0.0572139303482587
0 0.47265625 0.6169154228855721 0.026562500000000003 0.05472636815920398
0 0.6859375000000001 0.5845771144278606 0.16875 0.09950248756218905
0 0.8148437500000001 0.5808457711442786 0.035937500000000004 0.03233830845771144
0 0.8671875 0.5746268656716418 0.021875000000000002 0.03980099502487562
0 0.98046875 0.5659203980099502 0.0328125 0.04228855721393035
