2 0.428125 0.470250 0.031250 0.092131
2 0.299219 0.545106 0.032813 0.065259
2 0.242188 0.699616 0.012500 0.040307
2 0.257031 0.708253 0.017188 0.057582
1 0.163281 0.874280 0.110937 0.128599
1 0.282813 0.817658 0.087500 0.076775
1 0.375000 0.897313 0.187500 0.140115
0 0.490625 0.838772 0.034375 0.134357
0 0.533594 0.801344 0.023438 0.067179
0 0.559375 0.824376 0.031250 0.105566
2 0.624219 0.695777 0.026562 0.078695
2 0.546875 0.682342 0.031250 0.047985
1 0.781250 0.887716 0.371875 0.209213
0 0.464844 0.765835 0.017188 0.053743
1 0.744531 0.716891 0.510938 0.082534
