0 0.985156 0.417840 0.023438 0.183099
0 0.906250 0.366197 0.025000 0.150235
0 0.880469 0.367371 0.023438 0.176056
0 0.929688 0.383803 0.018750 0.119718
0 0.952344 0.400235 0.017188 0.082160
0 0.757812 0.318075 0.025000 0.068075
1 0.817187 0.322770 0.078125 0.124413
1 0.700781 0.330986 0.057813 0.122066
1 0.626563 0.356808 0.053125 0.079812
1 0.560156 0.355634 0.054688 0.077465
1 0.493750 0.361502 0.053125 0.079812
1 0.441406 0.342723 0.042188 0.084507
0 0.151562 0.348592 0.031250 0.086854
0 0.210156 0.328638 0.023438 0.070423
