0 0.094531 0.764583 0.185938 0.450000
0 0.100781 0.545833 0.157812 0.287500
0 0.139063 0.483333 0.090625 0.145833
0 0.238281 0.411458 0.057813 0.281250
0 0.290625 0.466667 0.031250 0.112500
0 0.312500 0.395833 0.037500 0.045833
0 0.361719 0.417708 0.020313 0.056250
0 0.464844 0.480208 0.182812 0.547917
0 0.503125 0.904167 0.237500 0.191667
0 0.725000 0.778125 0.212500 0.372917
0 0.661719 0.448958 0.070312 0.143750
0 0.735156 0.530208 0.089063 0.122917
0 0.796094 0.454167 0.085938 0.116667
0 0.918750 0.572917 0.162500 0.295833
