0 0.089844 0.161458 0.167187 0.318750
0 0.235937 0.138542 0.106250 0.272917
0 0.349219 0.114583 0.098437 0.212500
0 0.454688 0.136458 0.075000 0.243750
0 0.570312 0.092708 0.087500 0.160417
0 0.716406 0.100000 0.095312 0.187500
0 0.790625 0.103125 0.090625 0.193750
0 0.877344 0.081250 0.057813 0.141667
0 0.968750 0.082292 0.059375 0.131250
1 0.923438 0.413542 0.146875 0.393750
1 0.785156 0.442708 0.185938 0.406250
1 0.627344 0.543750 0.248438 0.525000
1 0.392969 0.606250 0.429688 0.579167
1 0.110937 0.698958 0.203125 0.581250
