0 0.881250 0.607059 0.096875 0.296471
0 0.982031 0.503529 0.035937 0.207059
0 0.847656 0.381176 0.057813 0.131765
0 0.782813 0.355294 0.040625 0.112941
0 0.714063 0.407059 0.059375 0.169412
0 0.671875 0.567059 0.096875 0.254118
0 0.551562 0.504706 0.068750 0.275294
0 0.607031 0.407059 0.048438 0.145882
0 0.589844 0.301176 0.048438 0.108235
0 0.525000 0.285882 0.040625 0.082353
0 0.485156 0.324706 0.045312 0.122353
0 0.486719 0.225882 0.026562 0.051765
0 0.591406 0.209412 0.023438 0.047059
0 0.684375 0.276471 0.028125 0.068235
0 0.711719 0.250588 0.032813 0.072941
0 0.747656 0.282353 0.026562 0.042353
0 0.788281 0.241176 0.035937 0.068235
0 0.821094 0.247059 0.026562 0.051765
0 0.871094 0.232941 0.029687 0.065882
0 0.908594 0.260000 0.029687 0.058824
0 0.923438 0.317647 0.053125 0.112941
0 0.412500 0.214118 0.021875 0.042353
0 0.372656 0.205882 0.023438 0.040000
0 0.392188 0.229412 0.018750 0.054118
0 0.334375 0.265882 0.037500 0.084706
0 0.343750 0.194118 0.021875 0.040000
0 0.309375 0.187059 0.021875 0.040000
0 0.278125 0.194118 0.018750 0.030588
0 0.271875 0.222353 0.031250 0.054118
0 0.195312 0.224706 0.025000 0.040000
0 0.187500 0.294118 0.040625 0.108235
0 0.270313 0.292941 0.062500 0.110588
0 0.087500 0.282353 0.046875 0.103529
0 0.036719 0.329412 0.060937 0.141176
0 0.012500 0.225882 0.021875 0.080000
0 0.038281 0.210588 0.035937 0.058824
0 0.028906 0.468235 0.054688 0.178824
0 0.139063 0.574118 0.115625 0.305882
