0 0.092969 0.261458 0.082812 0.177083
0 0.050000 0.391667 0.090625 0.370833
0 0.189062 0.400000 0.096875 0.291667
0 0.267969 0.392708 0.067187 0.252083
0 0.334375 0.434375 0.084375 0.210417
0 0.406250 0.352083 0.056250 0.083333
0 0.408594 0.454167 0.045312 0.133333
0 0.510156 0.532292 0.154688 0.360417
0 0.436719 0.177083 0.057813 0.100000
0 0.551562 0.319792 0.156250 0.210417
0 0.675000 0.219792 0.096875 0.260417
0 0.760156 0.442708 0.164062 0.314583
0 0.889062 0.653125 0.150000 0.264583
0 0.953906 0.855208 0.092188 0.210417
