0 0.057031 0.462500 0.060937 0.366667
0 0.257031 0.604167 0.092188 0.295833
0 0.336719 0.086458 0.032813 0.056250
0 0.354687 0.218750 0.046875 0.183333
0 0.335156 0.432292 0.045312 0.097917
0 0.393750 0.451042 0.028125 0.052083
0 0.439844 0.409375 0.026562 0.047917
0 0.448437 0.453125 0.028125 0.052083
0 0.465625 0.339583 0.031250 0.066667
0 0.507812 0.332292 0.034375 0.060417
0 0.563281 0.329167 0.035937 0.062500
0 0.564063 0.260417 0.034375 0.045833
0 0.639844 0.264583 0.035937 0.062500
0 0.603125 0.315625 0.028125 0.031250
0 0.603125 0.352083 0.028125 0.045833
0 0.593750 0.480208 0.037500 0.060417
0 0.630469 0.418750 0.042188 0.054167
0 0.678125 0.427083 0.034375 0.058333
0 0.785937 0.284375 0.025000 0.047917
0 0.881250 0.276042 0.031250 0.060417
0 0.804688 0.410417 0.028125 0.054167
0 0.835156 0.445833 0.045312 0.054167
0 0.889062 0.450000 0.037500 0.062500
0 0.922656 0.445833 0.020313 0.033333
0 0.939063 0.418750 0.031250 0.066667
0 0.967969 0.381250 0.039062 0.066667
