0 0.527344 0.555556 0.151562 0.843537
0 0.688281 0.502268 0.054688 0.324263
0 0.642188 0.534014 0.031250 0.260771
0 0.368750 0.502268 0.075000 0.319728
0 0.205469 0.490930 0.035937 0.147392
0 0.247656 0.463719 0.032813 0.138322
0 0.190625 0.633787 0.062500 0.111111
0 0.153125 0.556689 0.078125 0.070295
0 0.246094 0.580499 0.051562 0.122449
0 0.046094 0.496599 0.045312 0.222222
0 0.019531 0.502268 0.035937 0.238095
1 0.110156 0.424036 0.192188 0.195011
0 0.159375 0.477324 0.037500 0.092971
0 0.014844 0.264172 0.026562 0.142857
0 0.053125 0.266440 0.040625 0.129252
1 0.442969 0.188209 0.098437 0.126984
1 0.430469 0.281179 0.114062 0.145125
1 0.717187 0.260771 0.203125 0.199546
