0 0.389062 0.524804 0.025000 0.099217
0 0.420312 0.530026 0.021875 0.099217
0 0.360156 0.526110 0.020313 0.096606
1 0.092188 0.528721 0.075000 0.054830
0 0.138281 0.522193 0.017188 0.067885
0 0.154688 0.526110 0.018750 0.054830
1 0.524219 0.558747 0.067187 0.088773
1 0.610938 0.535248 0.056250 0.062663
2 0.647656 0.578329 0.035937 0.018277
2 0.678125 0.575718 0.028125 0.018277
1 0.712500 0.541775 0.040625 0.039164
1 0.786719 0.539164 0.023438 0.049608
1 0.850781 0.526110 0.020313 0.060052
1 0.916406 0.617493 0.167187 0.221932
2 0.944531 0.395561 0.017188 0.049608
2 0.823438 0.441253 0.009375 0.041775
