2 0.133333 0.150000 0.066667 0.115625
2 0.016667 0.300000 0.025000 0.062500
2 0.140625 0.400000 0.027083 0.028125
2 0.542708 0.378906 0.022917 0.029687
2 0.317708 0.371875 0.022917 0.034375
2 0.925000 0.364063 0.029167 0.025000
1 0.866667 0.482031 0.241667 0.082812
1 0.657292 0.492969 0.172917 0.057813
0 0.651042 0.517969 0.072917 0.114062
0 0.608333 0.467969 0.033333 0.060937
0 0.529167 0.723437 0.312500 0.518750
0 0.367708 0.543750 0.060417 0.159375
0 0.426042 0.488281 0.035417 0.079687
0 0.197917 0.641406 0.116667 0.354687
0 0.083333 0.555469 0.083333 0.220312
1 0.303125 0.522656 0.106250 0.095312
