0 0.275781 0.427230 0.026562 0.140845
0 0.308594 0.441315 0.039062 0.154930
0 0.435156 0.438967 0.035937 0.225352
0 0.475000 0.588028 0.121875 0.603286
0 0.526563 0.354460 0.018750 0.065728
0 0.568750 0.374413 0.021875 0.058685
0 0.596875 0.440141 0.037500 0.218310
0 0.628125 0.381455 0.028125 0.129108
0 0.703125 0.353286 0.015625 0.068075
0 0.681250 0.338028 0.015625 0.070423
0 0.764062 0.335681 0.012500 0.061033
0 0.794531 0.399061 0.026562 0.103286
0 0.834375 0.397887 0.025000 0.068075
0 0.876563 0.402582 0.043750 0.100939
