0 0.104688 0.520312 0.134375 0.715625
0 0.095312 0.173437 0.140625 0.340625
0 0.357031 0.420312 0.085938 0.815625
0 0.586719 0.531250 0.157812 0.712500
0 0.846875 0.509375 0.178125 0.768750
0 0.910937 0.573438 0.025000 0.084375
0 0.929688 0.579688 0.025000 0.121875
0 0.952344 0.582812 0.023438 0.090625
0 0.775000 0.582812 0.018750 0.078125
0 0.707812 0.559375 0.021875 0.131250
0 0.450781 0.575000 0.017188 0.118750
0 0.421094 0.615625 0.023438 0.087500
0 0.398438 0.590625 0.018750 0.075000
0 0.215625 0.550000 0.025000 0.112500
0 0.238281 0.578125 0.023438 0.081250
0 0.265625 0.596875 0.021875 0.068750
0 0.290625 0.600000 0.025000 0.087500
0 0.010156 0.598437 0.017188 0.090625
