2 0.309375 0.310263 0.050000 0.143198
2 0.056250 0.307876 0.046875 0.133652
2 0.157812 0.742243 0.009375 0.028640
2 0.138281 0.737470 0.007812 0.033413
2 0.146094 0.743437 0.007812 0.021480
2 0.341406 0.751790 0.014063 0.033413
2 0.389062 0.745823 0.012500 0.026253
2 0.229687 0.804296 0.006250 0.019093
2 0.265625 0.798329 0.009375 0.021480
2 0.296875 0.801909 0.009375 0.023866
2 0.327344 0.799523 0.007812 0.019093
2 0.360156 0.795943 0.007812 0.016706
1 0.412500 0.831742 0.062500 0.097852
1 0.457031 0.819809 0.020313 0.054893
2 0.561719 0.732697 0.010937 0.033413
2 0.552344 0.731504 0.010937 0.035800
2 0.960938 0.631265 0.031250 0.054893
