0 0.520312 0.405152 0.106250 0.262295
0 0.750000 0.407494 0.121875 0.220141
1 0.764844 0.676815 0.220312 0.285714
1 0.923438 0.663934 0.153125 0.334895
1 0.498437 0.679157 0.271875 0.299766
1 0.250781 0.634660 0.204687 0.257611
1 0.072656 0.607728 0.129688 0.325527
0 0.338281 0.284543 0.070312 0.283372
0 0.022656 0.313817 0.032813 0.234192
0 0.572656 0.256440 0.042188 0.259953
0 0.639062 0.270492 0.053125 0.269321
0 0.732031 0.181499 0.042188 0.175644
0 0.951562 0.224824 0.046875 0.266979
0 0.986719 0.213115 0.026562 0.318501
