0 0.557031 0.767708 0.042188 0.147917
0 0.442969 0.847917 0.060937 0.187500
0 0.232813 0.961458 0.046875 0.077083
0 0.102344 0.841667 0.054688 0.216667
0 0.328125 0.770833 0.053125 0.112500
0 0.828906 0.962500 0.048438 0.075000
0 0.984375 0.947917 0.031250 0.104167
0 0.986719 0.795833 0.026562 0.133333
0 0.827344 0.740625 0.029687 0.035417
0 0.691406 0.710417 0.045312 0.079167
0 0.635156 0.632292 0.039062 0.056250
0 0.591406 0.634375 0.032813 0.052083
0 0.800000 0.641667 0.040625 0.095833
0 0.880469 0.611458 0.026562 0.060417
0 0.761719 0.605208 0.026562 0.068750
0 0.737500 0.605208 0.031250 0.068750
0 0.328906 0.330208 0.014063 0.027083
0 0.306250 0.322917 0.012500 0.016667
0 0.362500 0.367708 0.015625 0.035417
0 0.508594 0.395833 0.020313 0.033333
0 0.820312 0.333333 0.015625 0.037500
0 0.189844 0.359375 0.020313 0.035417
0 0.167969 0.366667 0.017188 0.033333
0 0.139844 0.361458 0.023438 0.043750
0 0.453125 0.294792 0.018750 0.052083
