0 0.542188 0.718458 0.068750 0.198598
0 0.560156 0.570093 0.023438 0.065421
0 0.632031 0.639019 0.029687 0.212617
0 0.670312 0.642523 0.043750 0.200935
0 0.763281 0.706776 0.073438 0.268692
1 0.911719 0.581776 0.160938 0.079439
1 0.873437 0.533879 0.253125 0.142523
1 0.639062 0.560748 0.150000 0.093458
0 0.483594 0.629673 0.045312 0.165888
0 0.422656 0.606308 0.035937 0.142523
0 0.353125 0.592290 0.031250 0.109813
0 0.317188 0.595794 0.028125 0.107477
0 0.267969 0.582944 0.029687 0.128505
0 0.242969 0.563084 0.020313 0.084112
0 0.175000 0.642523 0.046875 0.219626
0 0.149219 0.553738 0.020313 0.056075
0 0.125781 0.577103 0.029687 0.098131
0 0.041406 0.723131 0.070312 0.432243
1 0.441406 0.523364 0.185938 0.088785
