0 0.111000 0.475976 0.038000 0.105105
0 0.263000 0.582583 0.114000 0.510511
0 0.371000 0.421922 0.014000 0.057057
0 0.395000 0.405405 0.010000 0.024024
0 0.405000 0.468468 0.018000 0.114114
0 0.431000 0.450450 0.022000 0.036036
0 0.513000 0.438438 0.014000 0.024024
0 0.616000 0.441441 0.036000 0.072072
0 0.726000 0.656156 0.120000 0.243243
0 0.826000 0.399399 0.036000 0.108108
0 0.888000 0.468468 0.084000 0.336336
0 0.323000 0.423423 0.010000 0.036036
0 0.335000 0.424925 0.010000 0.039039
0 0.349000 0.430931 0.018000 0.039039
