0 0.147541 0.213281 0.154567 0.323437
0 0.277518 0.205469 0.161593 0.339062
0 0.378220 0.237500 0.110070 0.228125
0 0.415691 0.183594 0.110070 0.232813
0 0.552693 0.173437 0.084309 0.184375
0 0.635831 0.078125 0.030445 0.040625
0 0.663934 0.145313 0.063232 0.125000
0 0.742389 0.095312 0.046838 0.087500
0 0.704918 0.092969 0.023419 0.073438
0 0.769321 0.093750 0.011710 0.062500
0 0.901639 0.245312 0.117096 0.403125
0 0.944965 0.500781 0.110070 0.323437
0 0.957845 0.826562 0.084309 0.331250
0 0.619438 0.609375 0.377049 0.528125
0 0.298595 0.675000 0.531616 0.481250
1 0.839578 0.224219 0.320843 0.223438
