0 0.559375 0.700234 0.040625 0.234192
0 0.622656 0.699063 0.042188 0.245902
0 0.653906 0.694379 0.020313 0.100703
0 0.676562 0.689696 0.021875 0.067916
0 0.711719 0.689696 0.026562 0.081967
0 0.757812 0.778689 0.131250 0.189696
0 0.396875 0.619438 0.018750 0.081967
0 0.419531 0.606557 0.014063 0.079625
0 0.358594 0.627635 0.023438 0.060890
0 0.436719 0.612412 0.023438 0.077283
0 0.457813 0.605386 0.012500 0.077283
0 0.487500 0.621780 0.015625 0.081967
0 0.514062 0.649883 0.018750 0.096019
0 0.530469 0.574941 0.010937 0.030445
0 0.513281 0.587822 0.010937 0.014052
0 0.586719 0.587822 0.014063 0.028103
0 0.586719 0.638173 0.020313 0.081967
0 0.660156 0.603044 0.014063 0.058548
0 0.675781 0.593677 0.014063 0.058548
0 0.688281 0.610070 0.007812 0.053864
0 0.707031 0.600703 0.007812 0.049180
0 0.726562 0.607728 0.009375 0.039813
0 0.742969 0.596019 0.010937 0.035129
0 0.758594 0.597190 0.014063 0.042155
0 0.751563 0.655738 0.006250 0.084309
0 0.769531 0.662763 0.023438 0.065574
0 0.676562 0.688525 0.015625 0.056206
0 0.826562 0.615925 0.025000 0.107728
0 0.842969 0.592506 0.007812 0.037471
0 0.856250 0.622951 0.015625 0.093677
0 0.896094 0.622951 0.017188 0.103044
0 0.911719 0.629977 0.014063 0.065574
0 0.976562 0.626464 0.015625 0.067916
0 0.994531 0.626464 0.010937 0.077283
