2 0.359375 0.241667 0.021875 0.054167
1 0.089063 0.597917 0.171875 0.237500
0 0.223438 0.793750 0.215625 0.412500
1 0.399219 0.685417 0.182812 0.262500
0 0.550781 0.772917 0.220312 0.441667
1 0.434375 0.517708 0.434375 0.322917
0 0.693750 0.578125 0.021875 0.064583
0 0.710156 0.597917 0.017188 0.104167
0 0.724219 0.610417 0.023438 0.087500
0 0.746875 0.602083 0.025000 0.091667
0 0.771094 0.595833 0.023438 0.079167
0 0.865625 0.610417 0.034375 0.125000
0 0.883594 0.550000 0.020313 0.033333
0 0.960156 0.569792 0.026562 0.068750
0 0.993750 0.605208 0.012500 0.122917
1 0.885156 0.619792 0.173437 0.106250
2 0.892188 0.475000 0.015625 0.045833
2 0.976562 0.428125 0.034375 0.077083
