2 0.377344 0.558685 0.010937 0.037559
2 0.430469 0.562207 0.010937 0.035211
2 0.516406 0.572770 0.010937 0.028169
2 0.573438 0.585681 0.009375 0.039906
2 0.634375 0.592723 0.009375 0.035211
2 0.127344 0.610329 0.020313 0.065728
2 0.100781 0.605634 0.020313 0.065728
2 0.187500 0.604460 0.015625 0.063380
0 0.175781 0.900235 0.023438 0.053991
1 0.128906 0.954225 0.085938 0.091549
1 0.049219 0.944836 0.076563 0.110329
1 0.046094 0.848592 0.089063 0.091549
1 0.285938 0.806338 0.143750 0.077465
1 0.293750 0.944836 0.081250 0.053991
1 0.253906 0.980047 0.104688 0.039906
1 0.453906 0.879108 0.057813 0.077465
1 0.571875 0.930751 0.068750 0.096244
1 0.561719 0.852113 0.051562 0.065728
1 0.609375 0.795775 0.093750 0.056338
1 0.553906 0.765258 0.073438 0.042254
1 0.600000 0.720657 0.034375 0.042254
1 0.683594 0.747653 0.085938 0.044601
1 0.759375 0.738263 0.059375 0.049296
1 0.823438 0.737089 0.050000 0.037559
1 0.849219 0.786385 0.092188 0.056338
1 0.936719 0.801643 0.095312 0.068075
2 0.854688 0.752347 0.034375 0.072770
2 0.808594 0.644366 0.010937 0.049296
2 0.791406 0.630282 0.010937 0.044601
2 0.782813 0.619718 0.009375 0.042254
2 0.764844 0.609155 0.010937 0.039906
2 0.752344 0.606808 0.010937 0.039906
1 0.727344 0.977700 0.082812 0.044601
1 0.701562 0.911972 0.078125 0.077465
1 0.674219 0.868545 0.057813 0.051643
1 0.546094 0.693662 0.029687 0.039906
1 0.593750 0.661972 0.018750 0.023474
1 0.559375 0.644366 0.021875 0.025822
1 0.557031 0.623239 0.020313 0.016432
1 0.521094 0.606808 0.020313 0.021127
1 0.416406 0.694836 0.032813 0.032864
1 0.371875 0.772300 0.068750 0.046948
1 0.398438 0.744131 0.075000 0.037559
1 0.268750 0.737089 0.134375 0.051643
1 0.360156 0.696009 0.032813 0.039906
1 0.382031 0.659624 0.020313 0.037559
1 0.430469 0.609155 0.017188 0.025822
1 0.413281 0.596244 0.017188 0.018779
1 0.360156 0.606808 0.023438 0.030516
1 0.353125 0.640845 0.018750 0.023474
1 0.331250 0.673709 0.018750 0.018779
1 0.298438 0.686620 0.040625 0.039906
1 0.279687 0.658451 0.018750 0.025822
1 0.300000 0.645540 0.018750 0.023474
1 0.339844 0.619718 0.023438 0.018779
1 0.282813 0.604460 0.015625 0.021127
1 0.321094 0.586854 0.010937 0.018779
1 0.227344 0.616197 0.023438 0.030516
1 0.250781 0.630282 0.023438 0.021127
1 0.232031 0.692488 0.039062 0.037559
1 0.239063 0.658451 0.015625 0.025822
1 0.196875 0.683099 0.025000 0.042254
1 0.178125 0.650235 0.021875 0.032864
1 0.169531 0.696009 0.045312 0.044601
1 0.107031 0.700704 0.045312 0.044601
1 0.135937 0.681925 0.015625 0.030516
1 0.062500 0.691315 0.040625 0.039906
1 0.100781 0.671362 0.032813 0.028169
