1 0.146094 0.639583 0.082812 0.066667
2 0.278125 0.494792 0.021875 0.056250
2 0.342969 0.429167 0.020313 0.045833
2 0.596875 0.123958 0.028125 0.106250
2 0.865625 0.275000 0.031250 0.083333
1 0.735938 0.535417 0.050000 0.137500
1 0.787500 0.586458 0.062500 0.072917
1 0.867969 0.593750 0.045312 0.058333
1 0.939844 0.745833 0.120313 0.420833
1 0.326562 0.634375 0.134375 0.081250
1 0.421875 0.622917 0.053125 0.079167
1 0.469531 0.618750 0.032813 0.062500
1 0.498437 0.605208 0.040625 0.072917
1 0.533594 0.605208 0.032813 0.064583
1 0.564844 0.566667 0.054688 0.058333
