2 0.320312 0.213542 0.100000 0.227083
2 0.313281 0.413542 0.101562 0.202083
2 0.025781 0.214583 0.045312 0.112500
0 0.095312 0.898958 0.071875 0.202083
0 0.105469 0.769792 0.026562 0.077083
0 0.071875 0.756250 0.018750 0.066667
0 0.207031 0.805208 0.023438 0.135417
0 0.227344 0.764583 0.017188 0.054167
0 0.244531 0.764583 0.014063 0.037500
0 0.289844 0.816667 0.017188 0.079167
0 0.308594 0.793750 0.023438 0.104167
0 0.326562 0.797917 0.015625 0.091667
0 0.367188 0.806250 0.034375 0.137500
0 0.424219 0.800000 0.026562 0.154167
0 0.520312 0.793750 0.025000 0.133333
0 0.593750 0.795833 0.034375 0.116667
0 0.621094 0.793750 0.026562 0.120833
2 0.712500 0.627083 0.065625 0.058333
0 0.786719 0.884375 0.079687 0.231250
