0 0.587500 0.942683 0.037500 0.114634
0 0.509375 0.941463 0.028125 0.117073
0 0.139844 0.898780 0.035937 0.100000
1 0.171094 0.820732 0.170313 0.119512
1 0.018750 0.764634 0.031250 0.080488
1 0.187500 0.679268 0.115625 0.100000
1 0.264062 0.664634 0.065625 0.100000
1 0.343750 0.657317 0.081250 0.095122
1 0.535937 0.698780 0.268750 0.270732
0 0.610938 0.910976 0.018750 0.109756
1 0.778906 0.752439 0.123438 0.153659
0 0.839063 0.775610 0.012500 0.048780
0 0.861719 0.751220 0.020313 0.043902
1 0.900781 0.676829 0.070312 0.114634
0 0.856250 0.660976 0.018750 0.043902
0 0.825781 0.660976 0.032813 0.043902
1 0.770312 0.610976 0.100000 0.095122
0 0.744531 0.510976 0.014063 0.051220
0 0.873437 0.512195 0.012500 0.058537
0 0.837500 0.528049 0.018750 0.056098
0 0.935937 0.548780 0.015625 0.048780
1 0.095312 0.596341 0.140625 0.153659
0 0.989062 0.625610 0.012500 0.080488
1 0.978125 0.602439 0.043750 0.097561
