0 0.049000 0.421277 0.058000 0.238298
0 0.121000 0.453191 0.074000 0.259574
0 0.183000 0.425532 0.066000 0.306383
0 0.269000 0.380851 0.066000 0.182979
0 0.352000 0.406383 0.052000 0.157447
0 0.391000 0.387234 0.050000 0.161702
0 0.473000 0.434043 0.054000 0.212766
0 0.545000 0.414894 0.066000 0.225532
0 0.645000 0.444681 0.066000 0.217021
0 0.793000 0.400000 0.058000 0.195745
0 0.861000 0.431915 0.042000 0.225532
0 0.945000 0.465957 0.078000 0.293617
1 0.836000 0.289362 0.260000 0.340426
1 0.551000 0.338298 0.278000 0.174468
1 0.112000 0.212766 0.220000 0.272340
