1 0.606250 0.455469 0.066667 0.067187
0 0.631250 0.394531 0.016667 0.035937
0 0.143750 0.559375 0.025000 0.037500
2 0.201042 0.528906 0.022917 0.026562
2 0.223958 0.523438 0.018750 0.028125
2 0.462500 0.552344 0.016667 0.035937
2 0.378125 0.588281 0.022917 0.032813
2 0.500000 0.525000 0.020833 0.025000
1 0.311458 0.720313 0.218750 0.096875
1 0.818750 0.704688 0.137500 0.046875
1 0.951042 0.687500 0.093750 0.040625
1 0.939583 0.738281 0.058333 0.054688
1 0.894792 0.838281 0.147917 0.057813
1 0.585417 0.875781 0.395833 0.198437
0 0.203125 0.962500 0.014583 0.037500
0 0.233333 0.978906 0.025000 0.039062
0 0.692708 0.982031 0.022917 0.029687
