0 0.078906 0.464953 0.120313 0.401869
0 0.236719 0.619159 0.182812 0.630841
0 0.377344 0.753505 0.126562 0.310748
0 0.292969 0.283879 0.045312 0.053738
0 0.384375 0.379673 0.046875 0.170561
0 0.429688 0.257009 0.046875 0.144860
0 0.497656 0.281542 0.035937 0.133178
0 0.527344 0.302570 0.020313 0.049065
0 0.580469 0.398364 0.104688 0.432243
0 0.668750 0.299065 0.046875 0.112150
0 0.728125 0.350467 0.053125 0.163551
0 0.785937 0.471963 0.084375 0.364486
0 0.898438 0.613318 0.184375 0.474299
0 0.950000 0.421729 0.043750 0.119159
0 0.988281 0.308411 0.023438 0.102804
