2 0.095000 0.127005 0.066000 0.200535
2 0.655000 0.505348 0.054000 0.149733
2 0.665000 0.711230 0.050000 0.064171
0 0.648000 0.905080 0.044000 0.157754
0 0.602000 0.905080 0.044000 0.157754
0 0.520000 0.901070 0.028000 0.096257
0 0.492000 0.909091 0.024000 0.090909
0 0.547000 0.899733 0.018000 0.093583
1 0.373000 0.942513 0.118000 0.093583
1 0.287000 0.906417 0.034000 0.037433
1 0.227000 0.889037 0.026000 0.034759
1 0.180000 0.899733 0.036000 0.045455
1 0.093000 0.883690 0.054000 0.061497
1 0.049000 0.937166 0.090000 0.098930
2 0.024000 0.839572 0.016000 0.021390
2 0.239000 0.776738 0.010000 0.024064
2 0.240000 0.802139 0.012000 0.021390
2 0.305000 0.835561 0.018000 0.024064
