2 0.142187 0.445833 0.018750 0.079167
2 0.167969 0.466667 0.014063 0.037500
2 0.126562 0.470833 0.009375 0.054167
2 0.037500 0.439583 0.028125 0.091667
2 0.028906 0.487500 0.023438 0.050000
2 0.082812 0.460417 0.021875 0.054167
0 0.075781 0.601042 0.023438 0.135417
0 0.052344 0.598958 0.026562 0.127083
1 0.026562 0.617708 0.050000 0.072917
2 0.230469 0.461458 0.020313 0.047917
0 0.241406 0.566667 0.020313 0.087500
1 0.571094 0.486458 0.651563 0.772917
1 0.912500 0.668750 0.056250 0.212500
1 0.970313 0.636458 0.059375 0.156250
1 0.943750 0.540625 0.112500 0.072917
