1 0.493750 0.838902 0.096875 0.097852
1 0.393750 0.857995 0.096875 0.088305
1 0.295312 0.836516 0.031250 0.031026
1 0.247656 0.836516 0.020313 0.026253
1 0.222656 0.843675 0.026562 0.026253
0 0.178125 0.893795 0.037500 0.193317
1 0.141406 0.861575 0.039062 0.052506
1 0.079687 0.926014 0.112500 0.124105
0 0.013281 0.863962 0.017188 0.081146
0 0.049219 0.836516 0.017188 0.040573
0 0.063281 0.829356 0.010937 0.040573
1 0.618750 0.843675 0.071875 0.050119
0 0.664844 0.826969 0.017188 0.064439
0 0.731250 0.826969 0.015625 0.064439
0 0.775781 0.822196 0.014063 0.078759
0 0.791406 0.829356 0.014063 0.083532
1 0.928125 0.818616 0.106250 0.076372
1 0.992969 0.813842 0.014063 0.081146
2 0.335938 0.472554 0.021875 0.076372
2 0.209375 0.760143 0.009375 0.026253
