1 0.349219 0.473896 0.045312 0.060241
1 0.028125 0.495984 0.050000 0.096386
1 0.075000 0.489960 0.040625 0.068273
2 0.278906 0.251004 0.026562 0.056225
2 0.264844 0.290161 0.020313 0.058233
1 0.591406 0.445783 0.045312 0.056225
1 0.566406 0.441767 0.020313 0.044177
0 0.640625 0.447791 0.009375 0.056225
0 0.650000 0.448795 0.009375 0.054217
2 0.568750 0.242972 0.018750 0.060241
1 0.514844 0.402610 0.020313 0.022088
1 0.482031 0.411647 0.023438 0.028112
1 0.463281 0.394578 0.023438 0.030120
1 0.423438 0.396586 0.018750 0.026104
1 0.387500 0.412651 0.021875 0.026104
1 0.368750 0.442771 0.028125 0.034137
2 0.846094 0.094378 0.026562 0.076305
