0 0.206250 0.212629 0.028125 0.043814
0 0.216406 0.271907 0.035937 0.079897
0 0.139063 0.332474 0.053125 0.118557
0 0.211719 0.342784 0.023438 0.036082
0 0.200000 0.378866 0.025000 0.072165
0 0.180469 0.387887 0.017188 0.090206
0 0.077344 0.466495 0.095312 0.216495
0 0.228125 0.494845 0.056250 0.144330
0 0.274219 0.423969 0.032813 0.074742
0 0.282031 0.368557 0.035937 0.082474
0 0.349219 0.427835 0.101562 0.237113
0 0.365625 0.759021 0.196875 0.394330
0 0.214844 0.742268 0.101562 0.201031
0 0.089063 0.865979 0.131250 0.262887
0 0.304688 0.265464 0.021875 0.046392
0 0.332813 0.251289 0.021875 0.048969
0 0.365625 0.265464 0.028125 0.067010
0 0.392188 0.237113 0.031250 0.097938
0 0.428125 0.253866 0.021875 0.054124
0 0.425781 0.301546 0.026562 0.067010
0 0.458594 0.341495 0.029687 0.085052
0 0.470313 0.283505 0.012500 0.041237
0 0.488281 0.271907 0.026562 0.085052
0 0.542188 0.351804 0.028125 0.090206
0 0.579688 0.372423 0.037500 0.069588
0 0.508594 0.449742 0.039062 0.064433
0 0.417187 0.445876 0.025000 0.056701
0 0.396094 0.382732 0.020313 0.043814
0 0.604688 0.445876 0.028125 0.061856
0 0.653906 0.478093 0.039062 0.069588
0 0.578906 0.559278 0.045312 0.097938
0 0.492969 0.560567 0.060937 0.141753
0 0.705469 0.576031 0.064062 0.079897
0 0.730469 0.820876 0.085938 0.244845
0 0.882031 0.826031 0.110937 0.260309
0 0.610156 0.820876 0.120313 0.250000
