0 0.805 0.3963963963963964 0.258 0.3483483483483483
0 0.616 0.7222222222222222 0.136 0.2552552552552553
0 0.468 0.6336336336336337 0.176 0.3483483483483483
0 0.233 0.6891891891891891 0.294 0.35735735735735735
0 0.035 0.515015015015015 0.07 0.5255255255255256
0 0.201 0.4294294294294294 0.082 0.0960960960960961
0 0.135 0.4294294294294294 0.05 0.11411411411411411
0 0.106 0.33933933933933935 0.044 0.07207207207207207
0 0.377 0.4024024024024024 0.066 0.07807807807807808
0 0.23800000000000002 0.3948948948948949 0.024 0.057057057057057055
