0 0.309375 0.8729411764705881 0.021875000000000002 0.03294117647058823
0 0.26640625 0.9352941176470587 0.0203125 0.03529411764705882
0 0.27421875 0.8717647058823529 0.0171875 0.025882352941176467
0 0.34765625 0.8305882352941176 0.0140625 0.03294117647058823
0 0.34609375000000003 0.7835294117647058 0.0140625 0.023529411764705882
0 0.19453125000000002 0.8658823529411764 0.0171875 0.023529411764705882
0 0.20859375000000002 0.8823529411764706 0.010937500000000001 0.023529411764705882
0 0.1546875 0.9329411764705882 0.021875000000000002 0.030588235294117645
0 0.1234375 0.9576470588235293 0.018750000000000003 0.028235294117647056
0 0.15156250000000002 0.8717647058823529 0.03125 0.0588235294117647
0 0.084375 0.4552941176470588 0.015625 0.021176470588235293
0 0.10078125 0.4411764705882353 0.0171875 0.016470588235294115
0 0.057031250000000006 0.4541176470588235 0.010937500000000001 0.014117647058823528
0 0.045312500000000006 0.4541176470588235 0.0125 0.018823529411764704
0 0.032031250000000004 0.4541176470588235 0.0140625 0.018823529411764704
0 0.51875 0.46470588235294114 0.021875000000000002 0.03529411764705882
0 0.534375 0.40117647058823525 0.018750000000000003 0.030588235294117645
0 0.553125 0.3988235294117647 0.015625 0.030588235294117645
0 0.446875 0.44705882352941173 0.0125 0.023529411764705882
0 0.45859375 0.4270588235294117 0.0140625 0.025882352941176467
0 0.5015625 0.34352941176470586 0.018750000000000003 0.028235294117647056
0 0.5945312500000001 0.24 0.0140625 0.023529411764705882
0 0.5632812500000001 0.24823529411764703 0.0140625 0.025882352941176467
0 0.9593750000000001 0.7376470588235293 0.018750000000000003 0.039999999999999994
0 0.71875 0.9317647058823528 0.034375 0.05647058823529411
