0 0.050000 0.107728 0.068750 0.168618
0 0.128906 0.259953 0.070312 0.505855
0 0.278125 0.088993 0.046875 0.135831
0 0.341406 0.080796 0.048438 0.156909
0 0.401562 0.114754 0.053125 0.140515
0 0.464844 0.165105 0.045312 0.124122
0 0.478906 0.071429 0.029687 0.077283
0 0.524219 0.101874 0.029687 0.156909
0 0.596094 0.188525 0.042188 0.166276
0 0.628906 0.092506 0.026562 0.067916
0 0.668750 0.189696 0.053125 0.182670
0 0.684375 0.080796 0.025000 0.072600
0 0.741406 0.344262 0.032813 0.379391
0 0.773438 0.142857 0.031250 0.074941
0 0.834375 0.179157 0.034375 0.091335
0 0.804688 0.215457 0.025000 0.149883
0 0.861719 0.398126 0.026562 0.454333
0 0.921094 0.220141 0.045312 0.168618
0 0.972656 0.237705 0.051562 0.161593
0 0.344531 0.538642 0.304688 0.880562
