2 0.233000 0.077333 0.062000 0.149333
2 0.256000 0.265333 0.092000 0.264000
2 0.365000 0.344000 0.082000 0.378667
2 0.442000 0.356000 0.084000 0.349333
2 0.613000 0.637333 0.038000 0.122667
2 0.663000 0.649333 0.050000 0.162667
0 0.855000 0.921333 0.074000 0.146667
0 0.791000 0.924000 0.054000 0.125333
0 0.764000 0.860000 0.020000 0.072000
0 0.716000 0.904000 0.056000 0.165333
0 0.667000 0.913333 0.034000 0.120000
0 0.532000 0.925333 0.044000 0.106667
0 0.449000 0.928000 0.042000 0.117333
0 0.458000 0.858667 0.028000 0.037333
1 0.514000 0.940000 0.236000 0.114667
1 0.939000 0.806667 0.114000 0.114667
1 0.122000 0.874667 0.116000 0.069333
1 0.494000 0.853333 0.056000 0.037333
