0 0.093750 0.035129 0.018750 0.032787
0 0.096875 0.072600 0.028125 0.032787
0 0.050000 0.086651 0.018750 0.032787
0 0.029687 0.088993 0.018750 0.037471
0 0.046094 0.133489 0.026562 0.046838
0 0.085156 0.128806 0.017188 0.032787
0 0.122656 0.155738 0.023438 0.030445
0 0.128906 0.104215 0.017188 0.039813
0 0.141406 0.119438 0.017188 0.032787
0 0.108594 0.016393 0.017188 0.028103
0 0.147656 0.018735 0.017188 0.023419
0 0.191406 0.032787 0.020313 0.032787
0 0.277344 0.024590 0.035937 0.035129
0 0.327344 0.049180 0.023438 0.028103
0 0.379688 0.071429 0.025000 0.039813
0 0.421094 0.049180 0.023438 0.037471
0 0.417969 0.021077 0.039062 0.023419
0 0.465625 0.021077 0.021875 0.028103
0 0.520312 0.017564 0.018750 0.025761
0 0.521875 0.065574 0.031250 0.042155
0 0.467187 0.072600 0.018750 0.028103
0 0.511719 0.112412 0.020313 0.037471
0 0.457031 0.111241 0.020313 0.025761
0 0.504687 0.140515 0.021875 0.042155
0 0.470313 0.153396 0.028125 0.049180
0 0.412500 0.138173 0.028125 0.046838
0 0.417187 0.107728 0.046875 0.037471
0 0.380469 0.121780 0.023438 0.032787
0 0.355469 0.141686 0.023438 0.035129
0 0.313281 0.144028 0.026562 0.030445
0 0.273438 0.100703 0.018750 0.028103
0 0.255469 0.146370 0.026562 0.030445
0 0.236719 0.173302 0.023438 0.037471
0 0.175000 0.154567 0.021875 0.032787
0 0.198437 0.133489 0.021875 0.037471
0 0.013281 0.213115 0.020313 0.051522
0 0.067969 0.215457 0.032813 0.042155
0 0.103906 0.200234 0.026562 0.039813
0 0.117969 0.236534 0.026562 0.037471
0 0.167187 0.209602 0.021875 0.035129
0 0.211719 0.206089 0.020313 0.032787
0 0.274219 0.177986 0.032813 0.037471
0 0.332813 0.174473 0.025000 0.039813
0 0.381250 0.169789 0.031250 0.030445
0 0.576562 0.194379 0.025000 0.032787
0 0.535156 0.202576 0.029687 0.035129
0 0.496094 0.209602 0.020313 0.044496
0 0.448437 0.200234 0.018750 0.035129
0 0.400781 0.202576 0.026562 0.035129
0 0.428125 0.236534 0.025000 0.046838
0 0.398438 0.242389 0.021875 0.035129
0 0.332813 0.234192 0.018750 0.042155
0 0.283594 0.229508 0.014063 0.028103
0 0.301563 0.269321 0.025000 0.037471
0 0.259375 0.265808 0.025000 0.044496
0 0.207031 0.264637 0.023438 0.051522
0 0.155469 0.256440 0.026562 0.039813
0 0.080469 0.322014 0.026562 0.039813
0 0.125781 0.317330 0.029687 0.030445
0 0.120313 0.372365 0.025000 0.042155
0 0.157031 0.385246 0.020313 0.044496
0 0.177344 0.373536 0.020313 0.039813
0 0.172656 0.329040 0.023438 0.039813
0 0.207031 0.344262 0.026562 0.037471
0 0.196875 0.385246 0.025000 0.035129
0 0.226562 0.388759 0.018750 0.028103
0 0.197656 0.432084 0.023438 0.049180
0 0.218750 0.435597 0.021875 0.032787
0 0.243750 0.449649 0.018750 0.042155
0 0.303906 0.317330 0.017188 0.035129
0 0.332031 0.291569 0.023438 0.039813
0 0.351562 0.336066 0.025000 0.035129
0 0.369531 0.355972 0.023438 0.037471
0 0.371094 0.283372 0.017188 0.023419
0 0.403906 0.325527 0.020313 0.032787
0 0.428125 0.341920 0.021875 0.042155
0 0.414062 0.375878 0.025000 0.039813
0 0.451562 0.318501 0.018750 0.028103
0 0.468750 0.337237 0.018750 0.032787
0 0.507031 0.367681 0.026562 0.046838
0 0.442188 0.420375 0.021875 0.044496
0 0.396875 0.435597 0.018750 0.028103
0 0.380469 0.466042 0.026562 0.032787
0 0.337500 0.474239 0.021875 0.030445
0 0.302344 0.470726 0.020313 0.028103
0 0.447656 0.461358 0.026562 0.046838
0 0.503125 0.456674 0.025000 0.032787
0 0.540625 0.450820 0.025000 0.039813
0 0.553906 0.409836 0.017188 0.042155
0 0.586719 0.454333 0.032813 0.042155
0 0.600000 0.352459 0.021875 0.044496
0 0.625781 0.435597 0.026562 0.056206
0 0.650000 0.414520 0.025000 0.042155
0 0.653125 0.365340 0.018750 0.046838
0 0.670312 0.338407 0.028125 0.044496
0 0.703906 0.299766 0.017188 0.042155
0 0.732031 0.297424 0.023438 0.032787
0 0.768750 0.297424 0.025000 0.037471
0 0.782031 0.324356 0.020313 0.035129
0 0.796094 0.353630 0.023438 0.032787
0 0.789844 0.402810 0.020313 0.046838
0 0.767969 0.389930 0.017188 0.049180
0 0.742969 0.408665 0.026562 0.025761
0 0.745313 0.462529 0.037500 0.044496
0 0.812500 0.437939 0.034375 0.046838
0 0.861719 0.446136 0.020313 0.044496
0 0.893750 0.407494 0.018750 0.051522
0 0.921875 0.394614 0.021875 0.058548
0 0.962500 0.385246 0.018750 0.049180
0 0.992188 0.361827 0.015625 0.049180
0 0.978906 0.288056 0.020313 0.042155
0 0.904687 0.311475 0.028125 0.042155
0 0.889844 0.284543 0.017188 0.035129
0 0.965625 0.189696 0.025000 0.028103
0 0.989062 0.224824 0.018750 0.037471
0 0.917188 0.189696 0.015625 0.037471
0 0.947656 0.148712 0.017188 0.021077
0 0.870313 0.202576 0.018750 0.035129
0 0.826562 0.207260 0.025000 0.044496
0 0.862500 0.140515 0.018750 0.028103
0 0.955469 0.112412 0.026562 0.037471
0 0.918750 0.087822 0.028125 0.044496
0 0.921875 0.026932 0.028125 0.025761
0 0.883594 0.056206 0.026562 0.042155
0 0.854688 0.091335 0.021875 0.028103
0 0.786719 0.070258 0.023438 0.042155
0 0.729688 0.064403 0.034375 0.044496
0 0.687500 0.063232 0.018750 0.037471
0 0.699219 0.112412 0.023438 0.042155
0 0.704688 0.158080 0.031250 0.035129
0 0.734375 0.149883 0.028125 0.042155
0 0.783594 0.179157 0.020313 0.044496
0 0.792188 0.148712 0.028125 0.035129
0 0.726562 0.218970 0.028125 0.039813
0 0.670312 0.213115 0.028125 0.046838
0 0.592969 0.242389 0.029687 0.044496
0 0.642188 0.462529 0.053125 0.086651
0 0.717969 0.553864 0.073438 0.142857
