0 0.0890625 0.7811501597444089 0.10625000000000001 0.18849840255591055
0 0.225 0.7779552715654952 0.09062500000000001 0.16293929712460065
0 0.24296875 0.646964856230032 0.1171875 0.07348242811501597
0 0.31875000000000003 0.7651757188498403 0.05625 0.1182108626198083
0 0.4765625 0.829073482428115 0.153125 0.1693290734824281
0 0.37578125 0.7284345047923322 0.045312500000000006 0.09584664536741214
0 0.49062500000000003 0.6837060702875399 0.053125000000000006 0.10223642172523961
0 0.56640625 0.7188498402555911 0.0546875 0.10223642172523961
0 0.6781250000000001 0.7092651757188498 0.059375000000000004 0.12779552715654952
0 0.9812500000000001 0.7699680511182109 0.034375 0.2108626198083067
