0 0.113475 0.417969 0.108747 0.270313
0 0.206856 0.339062 0.078014 0.081250
0 0.312057 0.317188 0.085106 0.103125
0 0.387707 0.367188 0.174941 0.356250
0 0.548463 0.319531 0.099291 0.095312
0 0.673759 0.314844 0.052009 0.117188
0 0.756501 0.421094 0.104019 0.285938
0 0.723404 0.220312 0.085106 0.068750
0 0.840426 0.216406 0.087470 0.082812
0 0.858156 0.289844 0.066194 0.032813
0 0.820331 0.362500 0.052009 0.043750
0 0.875887 0.348438 0.078014 0.075000
0 0.938534 0.346875 0.033097 0.068750
0 0.983452 0.321875 0.033097 0.100000
