2 0.061000 0.356000 0.098000 0.301333
0 0.110000 0.864000 0.056000 0.234667
0 0.170000 0.869333 0.060000 0.256000
0 0.054000 0.857333 0.052000 0.216000
0 0.292000 0.884000 0.084000 0.210667
0 0.326000 0.830667 0.024000 0.050667
0 0.386000 0.904000 0.040000 0.149333
1 0.424000 0.902667 0.056000 0.114667
1 0.384000 0.782667 0.064000 0.066667
0 0.512000 0.874667 0.024000 0.122667
0 0.480000 0.880000 0.024000 0.117333
1 0.640000 0.877333 0.068000 0.085333
1 0.571000 0.857333 0.046000 0.056000
1 0.819000 0.885333 0.074000 0.074667
1 0.924000 0.902667 0.132000 0.125333
1 0.759000 0.882667 0.034000 0.069333
1 0.722000 0.873333 0.036000 0.061333
