2 0.947000 0.408000 0.014000 0.085333
2 0.871000 0.404000 0.026000 0.093333
1 0.951000 0.677333 0.098000 0.261333
0 0.912000 0.544000 0.024000 0.058667
0 0.972000 0.500000 0.028000 0.104000
2 0.688000 0.398667 0.024000 0.093333
1 0.785000 0.461333 0.154000 0.133333
1 0.849000 0.598667 0.102000 0.109333
1 0.676000 0.605333 0.272000 0.266667
1 0.781000 0.796000 0.238000 0.194667
1 0.697000 0.926667 0.326000 0.120000
1 0.495000 0.436000 0.126000 0.253333
2 0.420000 0.357333 0.032000 0.042667
0 0.157000 0.858667 0.074000 0.277333
0 0.058000 0.884000 0.068000 0.205333
0 0.030000 0.753333 0.036000 0.130667
0 0.070000 0.745333 0.028000 0.093333
0 0.114000 0.684000 0.036000 0.082667
0 0.153000 0.664000 0.038000 0.080000
0 0.019000 0.656000 0.026000 0.069333
0 0.045000 0.645333 0.034000 0.074667
0 0.083000 0.604000 0.026000 0.061333
0 0.124000 0.598667 0.028000 0.077333
0 0.157000 0.590667 0.034000 0.072000
0 0.211000 0.600000 0.022000 0.090667
0 0.103000 0.545333 0.030000 0.072000
0 0.186000 0.536000 0.016000 0.048000
0 0.163000 0.536000 0.034000 0.037333
0 0.269000 0.836000 0.066000 0.285333
0 0.292000 0.674667 0.052000 0.090667
0 0.429000 0.760000 0.038000 0.277333
0 0.368000 0.812000 0.048000 0.226667
0 0.339000 0.596000 0.038000 0.136000
0 0.422000 0.582667 0.032000 0.045333
0 0.211000 0.462667 0.018000 0.045333
0 0.307000 0.446667 0.014000 0.029333
0 0.261000 0.453333 0.018000 0.026667
0 0.251000 0.413333 0.014000 0.032000
0 0.292000 0.441333 0.012000 0.029333
