2 0.387500 0.461111 0.015625 0.055556
2 0.303906 0.426389 0.014063 0.052778
1 0.246875 0.654167 0.040625 0.069444
1 0.073438 0.809722 0.143750 0.380556
1 0.144531 0.693056 0.051562 0.125000
1 0.319531 0.666667 0.039062 0.055556
1 0.417187 0.662500 0.031250 0.091667
1 0.475000 0.688889 0.068750 0.083333
1 0.590625 0.711111 0.103125 0.133333
1 0.666406 0.681944 0.051562 0.108333
1 0.714063 0.681944 0.043750 0.119444
1 0.800000 0.719444 0.134375 0.177778
0 0.978906 0.679167 0.023438 0.108333
2 0.611719 0.559722 0.023438 0.058333
1 0.288281 0.650000 0.020313 0.061111
1 0.376563 0.631944 0.025000 0.041667
