1 0.467187 0.197430 0.325000 0.170561
1 0.877344 0.342290 0.245312 0.315421
1 0.950781 0.140187 0.092188 0.093458
1 0.845313 0.110981 0.100000 0.114486
1 0.774219 0.109813 0.035937 0.065421
0 0.720313 0.142523 0.025000 0.168224
0 0.697656 0.141355 0.023438 0.128505
1 0.659375 0.115654 0.143750 0.142523
1 0.523438 0.065421 0.081250 0.065421
1 0.364844 0.086449 0.126562 0.037383
1 0.456250 0.074766 0.037500 0.060748
1 0.410156 0.052570 0.035937 0.035047
1 0.347656 0.049065 0.104688 0.037383
1 0.158594 0.318925 0.214062 0.535047
1 0.091406 0.033879 0.067187 0.039720
1 0.244531 0.032710 0.035937 0.046729
