2 0.325000 0.388158 0.012500 0.055263
2 0.382031 0.275000 0.020313 0.086842
2 0.102344 0.417105 0.014063 0.071053
2 0.048438 0.303947 0.046875 0.071053
2 0.114062 0.303947 0.034375 0.076316
2 0.512500 0.492105 0.015625 0.052632
1 0.778906 0.653947 0.226562 0.218421
1 0.649219 0.634211 0.035937 0.094737
1 0.610156 0.630263 0.045312 0.076316
1 0.493750 0.605263 0.103125 0.152632
1 0.393750 0.614474 0.090625 0.097368
1 0.335938 0.592105 0.046875 0.078947
1 0.146875 0.601316 0.106250 0.071053
1 0.116406 0.550000 0.029687 0.021053
1 0.163281 0.551316 0.035937 0.018421
0 0.039062 0.567105 0.018750 0.113158
1 0.010156 0.501316 0.017188 0.034211
1 0.056250 0.492105 0.012500 0.021053
2 0.185156 0.500000 0.010937 0.026316
