1 0.464583 0.840625 0.420833 0.303125
1 0.865625 0.678906 0.168750 0.198437
0 0.961458 0.721875 0.056250 0.068750
1 0.970833 0.683594 0.058333 0.082812
0 0.981250 0.836719 0.037500 0.182812
1 0.740625 0.730469 0.068750 0.060937
2 0.744792 0.667969 0.018750 0.026562
1 0.371875 0.664062 0.356250 0.275000
1 0.615625 0.663281 0.106250 0.101562
0 0.118750 0.768750 0.041667 0.112500
0 0.085417 0.749219 0.037500 0.079687
0 0.034375 0.757812 0.039583 0.103125
0 0.008333 0.764844 0.012500 0.117188
2 0.165625 0.635938 0.043750 0.056250
