0 0.522656 0.348958 0.057813 0.135417
0 0.827344 0.290625 0.057813 0.202083
0 0.957031 0.271875 0.064062 0.197917
0 0.818750 0.506250 0.100000 0.254167
0 0.121875 0.092708 0.028125 0.056250
0 0.150781 0.096875 0.014063 0.047917
0 0.177344 0.101042 0.017188 0.052083
0 0.033594 0.081250 0.020313 0.041667
0 0.012500 0.086458 0.021875 0.056250
0 0.282813 0.103125 0.021875 0.039583
0 0.307812 0.113542 0.018750 0.039583
0 0.373437 0.103125 0.012500 0.035417
0 0.407813 0.106250 0.012500 0.033333
0 0.390625 0.119792 0.012500 0.031250
