0 0.442969 0.825000 0.076563 0.337500
0 0.525781 0.768750 0.051562 0.225000
0 0.572656 0.758333 0.032813 0.175000
0 0.658594 0.767708 0.051562 0.177083
0 0.608594 0.793750 0.035937 0.104167
0 0.705469 0.707292 0.032813 0.093750
0 0.792188 0.703125 0.031250 0.068750
0 0.977344 0.743750 0.045312 0.216667
0 0.931250 0.767708 0.043750 0.231250
0 0.688281 0.637500 0.020313 0.050000
0 0.671094 0.638542 0.020313 0.031250
0 0.650000 0.638542 0.015625 0.031250
0 0.630469 0.632292 0.017188 0.031250
0 0.600781 0.635417 0.020313 0.029167
0 0.319531 0.747917 0.039062 0.183333
0 0.251563 0.735417 0.028125 0.166667
0 0.289844 0.732292 0.026562 0.135417
0 0.214844 0.755208 0.042188 0.206250
0 0.171094 0.795833 0.057813 0.258333
0 0.081250 0.734375 0.046875 0.185417
0 0.042969 0.739583 0.039062 0.208333
0 0.014063 0.751042 0.025000 0.243750
0 0.018750 0.628125 0.015625 0.035417
0 0.186719 0.629167 0.023438 0.033333
0 0.123438 0.692708 0.018750 0.135417
0 0.284375 0.606250 0.012500 0.033333
0 0.308594 0.603125 0.010937 0.031250
0 0.328906 0.607292 0.007812 0.039583
0 0.319531 0.609375 0.010937 0.039583
0 0.380469 0.613542 0.014063 0.043750
0 0.394531 0.609375 0.010937 0.039583
0 0.107813 0.590625 0.012500 0.027083
0 0.128906 0.589583 0.010937 0.020833
0 0.153125 0.592708 0.015625 0.031250
0 0.528906 0.597917 0.010937 0.025000
0 0.478125 0.560417 0.009375 0.029167
0 0.446875 0.563542 0.009375 0.022917
0 0.467187 0.592708 0.009375 0.022917
