0 0.208000 0.205333 0.028000 0.112000
0 0.016000 0.193333 0.020000 0.066667
0 0.235000 0.206667 0.026000 0.120000
1 0.282000 0.172000 0.052000 0.029333
1 0.336000 0.169333 0.036000 0.034667
0 0.359000 0.169333 0.018000 0.040000
0 0.375000 0.170667 0.018000 0.042667
0 0.457000 0.194667 0.030000 0.133333
1 0.423000 0.170667 0.046000 0.042667
1 0.502000 0.166667 0.048000 0.040000
0 0.544000 0.164000 0.016000 0.050667
0 0.564000 0.161333 0.008000 0.045333
0 0.659000 0.213333 0.026000 0.165333
1 0.625000 0.164000 0.038000 0.034667
0 0.753000 0.170667 0.014000 0.080000
0 0.775000 0.173333 0.014000 0.080000
0 0.867000 0.170667 0.018000 0.080000
0 0.903000 0.172000 0.014000 0.072000
0 0.955000 0.162667 0.014000 0.069333
0 0.992000 0.165333 0.016000 0.085333
1 0.960000 0.148000 0.048000 0.045333
1 0.849000 0.158667 0.042000 0.029333
1 0.665000 0.141333 0.086000 0.037333
0 0.572000 0.608000 0.148000 0.421333
