0 0.079000 0.394667 0.126000 0.181333
0 0.189000 0.396000 0.058000 0.082667
0 0.214000 0.330667 0.048000 0.064000
0 0.279000 0.354667 0.034000 0.042667
0 0.368000 0.509333 0.516000 0.885333
0 0.677000 0.346667 0.050000 0.138667
0 0.712000 0.297333 0.028000 0.077333
0 0.758000 0.362667 0.060000 0.224000
1 0.682000 0.273333 0.044000 0.066667
1 0.781000 0.250667 0.050000 0.090667
0 0.821000 0.280000 0.034000 0.186667
0 0.855000 0.292000 0.042000 0.210667
0 0.885000 0.288000 0.030000 0.090667
0 0.908000 0.238667 0.020000 0.034667
1 0.933000 0.222667 0.058000 0.077333
0 0.932000 0.473333 0.136000 0.930667
