2 0.641667 0.296875 0.079167 0.140625
2 0.557292 0.300000 0.077083 0.131250
2 0.721875 0.294531 0.056250 0.129688
2 0.644792 0.481250 0.077083 0.128125
2 0.745833 0.474219 0.070833 0.098437
2 0.302083 0.610938 0.025000 0.031250
0 0.030208 0.681250 0.027083 0.050000
1 0.343750 0.673438 0.058333 0.037500
1 0.389583 0.662500 0.041667 0.021875
0 0.418750 0.660156 0.020833 0.029687
1 0.475000 0.664062 0.075000 0.056250
1 0.550000 0.652344 0.058333 0.048438
0 0.597917 0.654687 0.029167 0.040625
1 0.660417 0.664844 0.062500 0.035937
0 0.919792 0.686719 0.035417 0.101562
