1 0.400781 0.472917 0.023438 0.045833
1 0.434375 0.587500 0.018750 0.025000
1 0.450000 0.563542 0.018750 0.027083
1 0.468750 0.542708 0.012500 0.018750
1 0.476562 0.522917 0.012500 0.012500
1 0.479687 0.504167 0.015625 0.012500
1 0.482812 0.473958 0.009375 0.014583
1 0.485156 0.459375 0.014063 0.014583
1 0.488281 0.439583 0.010937 0.012500
1 0.489844 0.421875 0.010937 0.014583
1 0.538281 0.481250 0.020313 0.020833
1 0.707031 0.680208 0.051562 0.031250
1 0.764844 0.691667 0.042188 0.033333
1 0.829688 0.703125 0.053125 0.031250
1 0.614844 0.666667 0.045312 0.033333
1 0.939063 0.898958 0.034375 0.052083
1 0.975781 0.873958 0.032813 0.052083
1 0.972656 0.919792 0.035937 0.031250
