0 0.034375 0.538281 0.047917 0.051562
0 0.017708 0.579688 0.031250 0.037500
0 0.083333 0.574219 0.033333 0.039062
0 0.114583 0.547656 0.058333 0.054688
0 0.236458 0.542188 0.060417 0.068750
0 0.306250 0.489844 0.037500 0.042188
0 0.326042 0.398438 0.039583 0.078125
0 0.372917 0.435156 0.050000 0.104688
0 0.429167 0.481250 0.058333 0.034375
0 0.422917 0.530469 0.058333 0.048438
0 0.486458 0.497656 0.039583 0.032813
0 0.531250 0.542188 0.066667 0.065625
0 0.467708 0.451562 0.039583 0.037500
0 0.470833 0.395313 0.050000 0.068750
0 0.534375 0.325781 0.056250 0.057813
0 0.576042 0.385937 0.047917 0.062500
0 0.611458 0.383594 0.047917 0.057813
0 0.616667 0.319531 0.041667 0.060937
0 0.693750 0.351562 0.037500 0.062500
0 0.756250 0.342187 0.041667 0.034375
0 0.764583 0.377344 0.037500 0.023438
0 0.836458 0.382812 0.052083 0.053125
0 0.869792 0.320312 0.047917 0.059375
0 0.812500 0.310156 0.062500 0.067187
0 0.943750 0.323437 0.037500 0.050000
0 0.990625 0.317188 0.018750 0.040625
0 0.946875 0.376563 0.039583 0.046875
0 0.980208 0.403125 0.039583 0.034375
0 0.958333 0.476562 0.050000 0.096875
0 0.934375 0.560156 0.064583 0.060937
0 0.979167 0.563281 0.041667 0.051562
0 0.859375 0.548438 0.072917 0.100000
0 0.868750 0.485156 0.045833 0.039062
0 0.860417 0.447656 0.058333 0.048438
0 0.780208 0.458594 0.068750 0.057813
0 0.769792 0.415625 0.043750 0.046875
0 0.762500 0.379688 0.058333 0.031250
0 0.770833 0.539844 0.087500 0.070312
0 0.669792 0.550000 0.060417 0.068750
0 0.620833 0.479687 0.062500 0.046875
0 0.686458 0.456250 0.052083 0.053125
0 0.716667 0.473438 0.045833 0.034375
0 0.591667 0.446094 0.045833 0.029687
