2 0.242188 0.551042 0.050000 0.039583
2 0.153125 0.501042 0.040625 0.043750
2 0.703906 0.273958 0.073438 0.210417
2 0.720313 0.439583 0.059375 0.062500
2 0.734375 0.640625 0.040625 0.118750
2 0.964063 0.481250 0.009375 0.041667
2 0.878125 0.590625 0.018750 0.031250
1 0.928125 0.636458 0.081250 0.043750
1 0.443750 0.647917 0.078125 0.041667
1 0.598437 0.651042 0.084375 0.031250
1 0.156250 0.642708 0.046875 0.043750
1 0.021875 0.646875 0.040625 0.064583
1 0.103906 0.631250 0.029687 0.020833
1 0.272656 0.633333 0.023438 0.020833
1 0.206250 0.633333 0.025000 0.020833
