0 0.392188 0.510490 0.118750 0.717949
0 0.651563 0.458042 0.071875 0.412587
0 0.598437 0.325175 0.021875 0.081585
0 0.568750 0.353147 0.034375 0.118881
2 0.581250 0.200466 0.015625 0.055944
2 0.467969 0.086247 0.017188 0.051282
2 0.409375 0.068765 0.009375 0.039627
2 0.090625 0.044289 0.012500 0.055944
2 0.012500 0.054779 0.018750 0.058275
2 0.011719 0.207459 0.014063 0.032634
0 0.034375 0.305361 0.021875 0.051282
0 0.067969 0.315851 0.017188 0.058275
0 0.082031 0.303030 0.020313 0.046620
0 0.108594 0.303030 0.023438 0.055944
0 0.128125 0.301865 0.018750 0.044289
0 0.189844 0.299534 0.014063 0.025641
0 0.211719 0.303030 0.017188 0.041958
0 0.225000 0.293706 0.012500 0.027972
0 0.267969 0.298368 0.014063 0.041958
0 0.302344 0.317016 0.017188 0.069930
0 0.332813 0.299534 0.031250 0.076923
0 0.486719 0.308858 0.010937 0.034965
0 0.498437 0.327506 0.012500 0.072261
0 0.934375 0.325175 0.018750 0.048951
0 0.960938 0.332168 0.015625 0.053613
0 0.978125 0.329837 0.015625 0.058275
0 0.995313 0.322844 0.009375 0.058275
0 0.808594 0.324009 0.017188 0.037296
0 0.792969 0.324009 0.010937 0.027972
