2 0.730469 0.322785 0.070312 0.044304
2 0.593750 0.324367 0.059375 0.047468
0 0.353906 0.719937 0.029687 0.136076
0 0.332813 0.727848 0.012500 0.158228
0 0.250000 0.732595 0.018750 0.129747
0 0.146094 0.727848 0.029687 0.151899
0 0.017969 0.715190 0.017188 0.139241
0 0.034375 0.726266 0.018750 0.117089
1 0.070312 0.724684 0.056250 0.075949
1 0.112500 0.708861 0.028125 0.069620
1 0.148438 0.718354 0.053125 0.075949
1 0.210156 0.700949 0.032813 0.072785
1 0.278906 0.693038 0.054688 0.056962
1 0.373437 0.670886 0.034375 0.044304
1 0.597656 0.678797 0.060937 0.047468
0 0.843750 0.738924 0.031250 0.129747
0 0.884375 0.680380 0.015625 0.056962
1 0.922656 0.696203 0.039062 0.082278
0 0.957812 0.719937 0.025000 0.155063
0 0.986719 0.724684 0.026562 0.170886
