2 0.644792 0.422656 0.064583 0.126562
2 0.696875 0.437500 0.039583 0.109375
2 0.568750 0.408594 0.058333 0.070312
2 0.533333 0.478125 0.058333 0.078125
0 0.938542 0.616406 0.068750 0.185938
0 0.825000 0.550781 0.050000 0.057813
0 0.794792 0.682031 0.085417 0.267188
0 0.669792 0.608594 0.039583 0.114062
0 0.696875 0.583594 0.035417 0.051562
0 0.434375 0.611719 0.077083 0.123438
0 0.565625 0.599219 0.064583 0.098437
0 0.509375 0.573438 0.031250 0.059375
0 0.575000 0.528906 0.050000 0.048438
0 0.234375 0.663281 0.068750 0.207813
0 0.068750 0.553906 0.050000 0.051562
0 0.050000 0.699219 0.095833 0.335938
0 0.173958 0.565625 0.031250 0.059375
2 0.206250 0.434375 0.050000 0.112500
2 0.271875 0.426563 0.043750 0.078125
0 0.348958 0.593750 0.031250 0.075000
0 0.326042 0.571094 0.010417 0.042188
