0 0.535194 0.495312 0.245146 0.681250
0 0.678398 0.168750 0.041262 0.046875
0 0.763350 0.249219 0.065534 0.210938
0 0.359223 0.210938 0.067961 0.203125
0 0.276699 0.242188 0.063107 0.240625
0 0.111650 0.275781 0.072816 0.335938
0 0.200243 0.152344 0.060680 0.073438
0 0.055825 0.146094 0.048544 0.104688
0 0.033981 0.089844 0.033981 0.057813
0 0.018204 0.047656 0.031553 0.042188
0 0.139563 0.056250 0.046117 0.078125
0 0.203883 0.064062 0.038835 0.068750
0 0.264563 0.092188 0.048544 0.056250
0 0.280340 0.049219 0.036408 0.048438
0 0.316748 0.064844 0.031553 0.064062
0 0.348301 0.082812 0.041262 0.043750
0 0.372573 0.061719 0.036408 0.060937
0 0.470874 0.110156 0.038835 0.042188
0 0.422330 0.153125 0.043689 0.056250
0 0.433252 0.073438 0.026699 0.043750
0 0.521845 0.057031 0.014563 0.029687
0 0.486650 0.057031 0.026699 0.026562
0 0.601942 0.091406 0.029126 0.082812
0 0.650485 0.084375 0.033981 0.056250
0 0.702670 0.106250 0.046117 0.084375
0 0.742718 0.106250 0.038835 0.053125
0 0.800971 0.100781 0.029126 0.067187
0 0.945388 0.103125 0.026699 0.068750
0 0.981796 0.116406 0.036408 0.054688
