1 0.093750 0.713052 0.134375 0.266795
1 0.303125 0.599808 0.271875 0.262956
1 0.510938 0.570058 0.112500 0.145873
1 0.605469 0.547025 0.060937 0.099808
1 0.662500 0.528791 0.053125 0.074856
1 0.710938 0.512476 0.034375 0.061420
0 0.869531 0.524952 0.045312 0.143954
0 0.799219 0.509597 0.020313 0.055662
0 0.829688 0.503839 0.028125 0.059501
0 0.919531 0.508637 0.020313 0.069098
0 0.978125 0.511516 0.018750 0.078695
1 0.053125 0.528791 0.065625 0.078695
1 0.426563 0.506718 0.028125 0.030710
2 0.529687 0.433781 0.015625 0.026871
