1 0.153125 0.164844 0.218750 0.076563
1 0.031250 0.135156 0.058333 0.051562
1 0.291667 0.143750 0.100000 0.050000
1 0.162500 0.117188 0.054167 0.018750
1 0.176042 0.103125 0.077083 0.028125
1 0.298958 0.148438 0.077083 0.059375
1 0.377083 0.143750 0.066667 0.046875
1 0.615625 0.149219 0.114583 0.048438
1 0.720833 0.150781 0.054167 0.051562
1 0.794792 0.143750 0.068750 0.040625
0 0.858333 0.144531 0.020833 0.060937
1 0.891667 0.146875 0.033333 0.037500
1 0.886458 0.117969 0.039583 0.026562
1 0.830208 0.119531 0.031250 0.017188
1 0.746875 0.112500 0.039583 0.015625
1 0.681250 0.115625 0.025000 0.015625
1 0.709375 0.112500 0.027083 0.018750
1 0.541667 0.103906 0.058333 0.035937
1 0.443750 0.108594 0.058333 0.032813
