0 0.035156 0.434375 0.067187 0.172917
0 0.049219 0.239583 0.054688 0.158333
0 0.078906 0.209375 0.020313 0.031250
0 0.007031 0.217708 0.010937 0.022917
0 0.285156 0.220833 0.020313 0.020833
0 0.349219 0.258333 0.085938 0.254167
0 0.396094 0.207292 0.029687 0.035417
0 0.441406 0.276042 0.054688 0.185417
0 0.474219 0.218750 0.054688 0.112500
0 0.631250 0.216667 0.040625 0.079167
0 0.661719 0.226042 0.029687 0.031250
0 0.707031 0.230208 0.020313 0.039583
0 0.889844 0.329167 0.032813 0.170833
0 0.914844 0.270833 0.014063 0.079167
0 0.932031 0.258333 0.017188 0.058333
0 0.958594 0.334375 0.045312 0.243750
1 0.175781 0.392708 0.348438 0.314583
1 0.549219 0.554167 0.804688 0.591667
