0 0.950000 0.363636 0.075000 0.281525
0 0.853906 0.368035 0.079687 0.249267
0 0.753906 0.360704 0.051562 0.181818
0 0.599219 0.485337 0.107813 0.343109
0 0.582812 0.272727 0.031250 0.117302
0 0.696094 0.303519 0.039062 0.090909
0 0.523438 0.328446 0.025000 0.099707
0 0.516406 0.271261 0.045312 0.090909
0 0.455469 0.353372 0.042188 0.190616
0 0.396875 0.369501 0.034375 0.164223
0 0.417187 0.258065 0.037500 0.076246
0 0.316406 0.394428 0.082812 0.290323
0 0.207031 0.413490 0.045312 0.240469
0 0.240625 0.304985 0.031250 0.087977
0 0.154688 0.391496 0.040625 0.266862
0 0.102344 0.360704 0.039062 0.193548
0 0.054688 0.296188 0.021875 0.070381
0 0.046875 0.368035 0.031250 0.126100
0 0.017188 0.400293 0.028125 0.260997
