0 0.057813 0.538642 0.031250 0.149883
0 0.086719 0.523419 0.023438 0.152225
1 0.024219 0.487119 0.042188 0.088993
1 0.107813 0.482436 0.028125 0.070258
0 0.128125 0.477752 0.012500 0.065574
0 0.151562 0.480094 0.018750 0.065574
1 0.177344 0.470726 0.032813 0.074941
1 0.324219 0.429742 0.048438 0.058548
0 0.369531 0.449649 0.007812 0.028103
0 0.392188 0.443794 0.009375 0.016393
0 0.589063 0.329040 0.078125 0.250585
0 0.816406 0.350117 0.032813 0.119438
0 0.859375 0.350117 0.046875 0.133489
0 0.948438 0.484778 0.025000 0.112412
0 0.967187 0.457845 0.009375 0.035129
0 0.974219 0.489461 0.010937 0.056206
0 0.990625 0.460187 0.009375 0.030445
