0 0.642188 0.549296 0.137500 0.460094
0 0.825781 0.428404 0.117188 0.326291
0 0.951562 0.548122 0.096875 0.392019
0 0.715625 0.307512 0.075000 0.211268
0 0.605469 0.253521 0.076563 0.154930
0 0.688281 0.170188 0.060937 0.119718
0 0.613281 0.091549 0.073438 0.154930
0 0.549219 0.174883 0.042188 0.129108
0 0.450000 0.061033 0.065625 0.107981
0 0.455469 0.276995 0.073438 0.286385
0 0.403125 0.144366 0.050000 0.086854
0 0.342187 0.242958 0.062500 0.180751
0 0.351562 0.576291 0.221875 0.532864
0 0.189062 0.460094 0.109375 0.323944
0 0.107813 0.191315 0.059375 0.152582
0 0.189844 0.188967 0.064062 0.129108
0 0.039062 0.204225 0.050000 0.192488
0 0.053125 0.051643 0.068750 0.098592
0 0.267969 0.215962 0.045312 0.037559
0 0.918750 0.166667 0.081250 0.276995
0 0.809375 0.131455 0.081250 0.211268
