0 0.027344 0.594848 0.039062 0.388759
0 0.087500 0.569087 0.037500 0.271663
0 0.158594 0.572600 0.048438 0.255269
0 0.198437 0.501171 0.018750 0.121780
0 0.235156 0.563232 0.042188 0.259953
0 0.306250 0.449649 0.084375 0.187354
0 0.258594 0.483607 0.020313 0.086651
0 0.400000 0.468384 0.025000 0.051522
0 0.431250 0.488290 0.031250 0.049180
0 0.460938 0.478923 0.021875 0.049180
0 0.488281 0.477752 0.023438 0.056206
0 0.568750 0.460187 0.028125 0.025761
0 0.663281 0.581967 0.073438 0.391101
0 0.721875 0.540984 0.031250 0.177986
0 0.772656 0.569087 0.060937 0.379391
0 0.853125 0.576112 0.068750 0.355972
0 0.953906 0.559719 0.026562 0.187354
0 0.989062 0.549180 0.021875 0.208431
2 0.929688 0.292740 0.021875 0.093677
2 0.938281 0.385246 0.029687 0.072600
2 0.907813 0.378220 0.021875 0.072600
2 0.837500 0.277518 0.025000 0.100703
