0 0.935156 0.635831 0.082812 0.316159
0 0.819531 0.488290 0.017188 0.086651
0 0.839063 0.500000 0.012500 0.096019
0 0.888281 0.491803 0.023438 0.103044
0 0.579688 0.690867 0.050000 0.323185
0 0.515625 0.579625 0.037500 0.194379
0 0.675000 0.519906 0.025000 0.135831
0 0.727344 0.511710 0.026562 0.170960
0 0.704688 0.489461 0.021875 0.117096
0 0.791406 0.503513 0.026562 0.131148
0 0.760938 0.496487 0.028125 0.126464
0 0.818750 0.484778 0.018750 0.107728
0 0.446875 0.490632 0.021875 0.081967
0 0.467187 0.476581 0.018750 0.081967
0 0.396875 0.498829 0.028125 0.112412
0 0.313281 0.511710 0.029687 0.128806
0 0.350781 0.455504 0.017188 0.072600
0 0.271094 0.488290 0.020313 0.081967
0 0.239844 0.490632 0.023438 0.100703
0 0.222656 0.512881 0.020313 0.135831
0 0.196094 0.543326 0.042188 0.201405
0 0.165625 0.497658 0.025000 0.096019
0 0.124219 0.511710 0.020313 0.124122
0 0.098437 0.487119 0.018750 0.074941
0 0.064844 0.511710 0.032813 0.138173
0 0.027344 0.462529 0.017188 0.086651
