1 0.685156 0.583942 0.370312 0.447689
0 0.914062 0.742092 0.034375 0.136253
0 0.953125 0.768856 0.031250 0.126521
0 0.930469 0.603406 0.032813 0.116788
0 0.267188 0.770073 0.034375 0.124088
0 0.107031 0.703163 0.054688 0.116788
1 0.068750 0.583942 0.109375 0.107056
1 0.240625 0.493917 0.090625 0.087591
1 0.358594 0.545012 0.135937 0.072993
1 0.431250 0.469586 0.143750 0.160584
2 0.228125 0.451338 0.021875 0.070560
1 0.272656 0.427007 0.067187 0.075426
2 0.375000 0.458637 0.021875 0.080292
2 0.393750 0.487835 0.025000 0.051095
1 0.417187 0.461071 0.137500 0.158151
1 0.267188 0.271290 0.175000 0.143552
0 0.285938 0.332117 0.018750 0.060827
1 0.145313 0.321168 0.071875 0.068127
2 0.117188 0.218978 0.012500 0.034063
2 0.109375 0.236010 0.006250 0.019465
1 0.068750 0.245742 0.134375 0.136253
0 0.160938 0.260341 0.009375 0.043796
2 0.169531 0.208029 0.010937 0.026764
1 0.409375 0.187348 0.050000 0.048662
1 0.429688 0.237226 0.059375 0.046229
0 0.443750 0.333333 0.015625 0.072993
0 0.051562 0.324818 0.025000 0.080292
0 0.266406 0.166667 0.014063 0.041363
