0 0.175000 0.487500 0.037500 0.129167
0 0.151562 0.450000 0.018750 0.050000
0 0.360156 0.444792 0.029687 0.072917
1 0.294531 0.451042 0.023438 0.022917
1 0.392188 0.443750 0.043750 0.025000
0 0.467187 0.440625 0.021875 0.056250
1 0.465625 0.437500 0.043750 0.025000
0 0.506250 0.459375 0.028125 0.085417
1 0.466406 0.440625 0.042188 0.018750
0 0.547656 0.451042 0.020313 0.085417
0 0.576562 0.443750 0.015625 0.058333
0 0.623437 0.442708 0.015625 0.056250
0 0.641406 0.441667 0.014063 0.041667
0 0.675781 0.437500 0.017188 0.037500
0 0.741406 0.434375 0.014063 0.052083
1 0.826562 0.423958 0.037500 0.018750
