2 0.537500 0.491667 0.193750 0.616667
0 0.062500 0.932292 0.031250 0.110417
0 0.175781 0.928125 0.057813 0.089583
0 0.215625 0.896875 0.021875 0.039583
0 0.240625 0.903125 0.028125 0.077083
0 0.265625 0.902083 0.015625 0.050000
0 0.310937 0.882292 0.015625 0.035417
2 0.321875 0.791667 0.021875 0.041667
0 0.426563 0.917708 0.025000 0.047917
0 0.412500 0.890625 0.018750 0.052083
0 0.463281 0.903125 0.029687 0.047917
0 0.535937 0.910417 0.025000 0.050000
0 0.516406 0.894792 0.017188 0.043750
0 0.491406 0.887500 0.017188 0.029167
0 0.977344 0.915625 0.029687 0.081250
0 0.895312 0.897917 0.015625 0.045833
0 0.907813 0.908333 0.015625 0.033333
