0 0.992188 0.642689 0.015625 0.077830
0 0.964844 0.643868 0.020313 0.066038
0 0.947656 0.648585 0.017188 0.075472
0 0.921094 0.633255 0.010937 0.068396
0 0.902344 0.632075 0.014063 0.075472
0 0.846094 0.661557 0.032813 0.040094
0 0.810937 0.659198 0.012500 0.030660
0 0.752344 0.705189 0.020313 0.066038
0 0.813281 0.719340 0.026562 0.056604
0 0.722656 0.621462 0.017188 0.063679
0 0.706250 0.629717 0.012500 0.066038
0 0.633594 0.614387 0.010937 0.049528
0 0.540625 0.614387 0.012500 0.040094
0 0.611719 0.610849 0.010937 0.028302
0 0.492969 0.630896 0.017188 0.040094
0 0.451562 0.626179 0.021875 0.040094
0 0.477344 0.626179 0.014063 0.030660
0 0.311719 0.646226 0.023438 0.150943
0 0.288281 0.622642 0.014063 0.056604
0 0.266406 0.672170 0.029687 0.089623
0 0.235937 0.698113 0.034375 0.056604
0 0.229687 0.646226 0.021875 0.037736
0 0.208594 0.648585 0.023438 0.061321
0 0.175000 0.647406 0.025000 0.049528
0 0.173437 0.790094 0.075000 0.235849
0 0.099219 0.667453 0.026562 0.084906
0 0.201563 0.576651 0.018750 0.058962
0 0.237500 0.570755 0.018750 0.056604
0 0.275000 0.566038 0.018750 0.051887
0 0.171094 0.549528 0.004687 0.023585
0 0.181250 0.550708 0.009375 0.030660
0 0.113281 0.551887 0.007812 0.028302
0 0.121875 0.547170 0.009375 0.033019
