1 0.581250 0.671729 0.096875 0.264019
1 0.763281 0.672897 0.110937 0.144860
0 0.850781 0.728972 0.020313 0.070093
0 0.877344 0.740654 0.014063 0.060748
0 0.905469 0.754673 0.014063 0.084112
0 0.939063 0.776869 0.028125 0.114486
2 0.367188 0.616822 0.009375 0.028037
0 0.017188 0.814252 0.021875 0.128505
0 0.057031 0.772196 0.017188 0.105140
0 0.128125 0.744159 0.021875 0.095794
0 0.156250 0.727804 0.015625 0.058411
0 0.178125 0.732477 0.018750 0.044393
0 0.214062 0.744159 0.021875 0.095794
0 0.324219 0.686916 0.014063 0.065421
0 0.307031 0.695093 0.017188 0.058411
0 0.407813 0.674065 0.015625 0.063084
0 0.390625 0.662383 0.015625 0.058411
0 0.468750 0.653037 0.012500 0.039720
0 0.458594 0.647196 0.007812 0.037383
0 0.510938 0.634346 0.009375 0.030374
0 0.500781 0.630841 0.007812 0.037383
