2 0.642188 0.416667 0.053125 0.033333
1 0.576562 0.735417 0.053125 0.050000
1 0.701562 0.739583 0.065625 0.087500
0 0.810156 0.739583 0.035937 0.087500
0 0.173437 0.745833 0.046875 0.100000
0 0.096875 0.722917 0.018750 0.112500
0 0.132812 0.708333 0.015625 0.041667
1 0.300781 0.744792 0.089063 0.089583
1 0.368750 0.722917 0.056250 0.104167
1 0.410156 0.734375 0.020313 0.060417
1 0.472656 0.728125 0.029687 0.022917
1 0.517188 0.723958 0.028125 0.027083
1 0.517188 0.705208 0.021875 0.022917
1 0.640625 0.731250 0.037500 0.066667
