0 0.186000 0.614370 0.032000 0.120235
0 0.266000 0.604106 0.020000 0.099707
0 0.292000 0.593842 0.024000 0.090909
1 0.335000 0.573314 0.030000 0.067449
0 0.361000 0.568915 0.014000 0.076246
1 0.382000 0.571848 0.024000 0.046921
1 0.416000 0.580645 0.024000 0.052786
0 0.448000 0.601173 0.032000 0.093842
0 0.473000 0.563050 0.018000 0.035191
1 0.525000 0.564516 0.010000 0.038123
0 0.537000 0.567449 0.010000 0.067449
1 0.573000 0.558651 0.042000 0.108504
0 0.610000 0.576246 0.016000 0.043988
0 0.664000 0.596774 0.016000 0.043988
0 0.731000 0.579179 0.014000 0.038123
0 0.821000 0.583578 0.022000 0.070381
0 0.795000 0.557185 0.022000 0.046921
0 0.860000 0.675953 0.032000 0.079179
