2 0.040625 0.458333 0.025000 0.070513
2 0.067187 0.475427 0.021875 0.044872
2 0.100000 0.462607 0.018750 0.040598
2 0.122656 0.459402 0.017188 0.064103
0 0.042188 0.604701 0.021875 0.106838
0 0.064062 0.603632 0.021875 0.104701
0 0.016406 0.598291 0.023438 0.102564
0 0.128125 0.586538 0.015625 0.104701
0 0.148438 0.592949 0.018750 0.117521
0 0.176563 0.594017 0.034375 0.136752
1 0.446875 0.492521 0.509375 0.750000
0 0.965625 0.610043 0.040625 0.181624
0 0.992969 0.585470 0.014063 0.136752
0 0.914062 0.572650 0.015625 0.094017
0 0.935156 0.574786 0.010937 0.085470
0 0.846875 0.575855 0.025000 0.079060
0 0.742188 0.580128 0.018750 0.074786
0 0.728125 0.579060 0.009375 0.089744
0 0.787500 0.587607 0.012500 0.055556
0 0.810937 0.570513 0.015625 0.055556
