0 0.487000 0.534667 0.078000 0.194667
0 0.625000 0.604000 0.082000 0.184000
0 0.761000 0.558667 0.062000 0.200000
0 0.761000 0.908000 0.066000 0.157333
0 0.191000 0.181333 0.062000 0.144000
0 0.235000 0.102667 0.026000 0.050667
0 0.330000 0.128000 0.024000 0.058667
0 0.316000 0.134667 0.020000 0.045333
0 0.359000 0.134667 0.030000 0.066667
0 0.272000 0.106667 0.020000 0.058667
0 0.414000 0.137333 0.032000 0.098667
0 0.448000 0.153333 0.024000 0.061333
0 0.475000 0.140000 0.014000 0.034667
0 0.484000 0.180000 0.016000 0.029333
0 0.506000 0.172000 0.024000 0.029333
0 0.524000 0.168000 0.016000 0.042667
0 0.640000 0.109333 0.036000 0.053333
0 0.664000 0.109333 0.016000 0.053333
0 0.702000 0.102667 0.020000 0.056000
0 0.730000 0.113333 0.020000 0.077333
0 0.758000 0.108000 0.024000 0.077333
0 0.680000 0.209333 0.032000 0.072000
0 0.717000 0.198667 0.026000 0.082667
0 0.933000 0.242667 0.022000 0.042667
0 0.952000 0.097333 0.016000 0.040000
0 0.988000 0.094667 0.024000 0.050667
0 0.928000 0.097333 0.016000 0.045333
0 0.931000 0.058667 0.018000 0.026667
0 0.890000 0.088000 0.016000 0.032000
0 0.908000 0.089333 0.016000 0.034667
0 0.895000 0.032000 0.018000 0.048000
0 0.935000 0.018667 0.018000 0.032000
0 0.964000 0.021333 0.020000 0.037333
0 0.835000 0.038667 0.010000 0.018667
0 0.804000 0.058667 0.016000 0.037333
0 0.805000 0.026667 0.014000 0.021333
0 0.789000 0.024000 0.014000 0.032000
0 0.748000 0.021333 0.016000 0.026667
0 0.752000 0.049333 0.012000 0.024000
0 0.733000 0.029333 0.026000 0.021333
0 0.725000 0.056000 0.022000 0.032000
0 0.705000 0.048000 0.014000 0.032000
0 0.679000 0.041333 0.018000 0.034667
0 0.650000 0.036000 0.028000 0.029333
0 0.592000 0.025333 0.024000 0.040000
0 0.571000 0.028000 0.018000 0.040000
0 0.554000 0.018667 0.016000 0.026667
0 0.493000 0.014667 0.022000 0.024000
0 0.525000 0.018667 0.030000 0.032000
