2 0.340000 0.284000 0.064000 0.200000
2 0.395000 0.272000 0.042000 0.106667
0 0.239000 0.510667 0.014000 0.045333
2 0.195000 0.436000 0.018000 0.066667
2 0.172000 0.446667 0.016000 0.045333
0 0.258000 0.509333 0.016000 0.048000
0 0.293000 0.514667 0.018000 0.053333
2 0.249000 0.394667 0.026000 0.080000
0 0.417000 0.516000 0.014000 0.066667
1 0.434000 0.525333 0.020000 0.037333
1 0.462000 0.514667 0.032000 0.037333
1 0.629000 0.509333 0.042000 0.058667
1 0.656000 0.502667 0.020000 0.045333
1 0.582000 0.526667 0.040000 0.050667
1 0.550000 0.526667 0.028000 0.040000
1 0.529000 0.520000 0.014000 0.037333
2 0.824000 0.449333 0.012000 0.034667
2 0.913000 0.442667 0.018000 0.053333
0 0.937000 0.510667 0.014000 0.050667
0 0.962000 0.514667 0.012000 0.058667
