0 0.907000 0.371560 0.050000 0.217125
0 0.974000 0.348624 0.028000 0.128440
0 0.951000 0.311927 0.014000 0.048930
0 0.875000 0.301223 0.014000 0.033639
0 0.794000 0.313456 0.028000 0.051988
0 0.753000 0.444954 0.098000 0.339450
0 0.719000 0.295107 0.018000 0.051988
0 0.701000 0.302752 0.018000 0.048930
0 0.674000 0.307339 0.020000 0.051988
0 0.652000 0.311927 0.020000 0.067278
0 0.619000 0.313456 0.018000 0.070336
0 0.603000 0.285933 0.014000 0.033639
0 0.576000 0.345566 0.028000 0.134557
0 0.551000 0.290520 0.018000 0.055046
0 0.530000 0.353211 0.036000 0.186544
0 0.454000 0.327217 0.020000 0.134557
0 0.378000 0.278287 0.016000 0.042813
0 0.363000 0.310398 0.018000 0.058104
0 0.342000 0.292049 0.016000 0.058104
0 0.307000 0.301223 0.022000 0.058104
0 0.234000 0.292049 0.016000 0.058104
0 0.104000 0.337920 0.040000 0.064220
0 0.037000 0.295107 0.042000 0.088685
0 0.082000 0.287462 0.016000 0.036697
0 0.136000 0.302752 0.020000 0.061162
1 0.254000 0.301223 0.044000 0.051988
1 0.284000 0.285933 0.020000 0.039755
1 0.405000 0.295107 0.054000 0.064220
