0 0.334000 0.459239 0.256000 0.690217
0 0.601000 0.600543 0.242000 0.478261
0 0.825000 0.581522 0.214000 0.559783
0 0.861000 0.059783 0.030000 0.054348
0 0.792000 0.172554 0.060000 0.171196
0 0.718000 0.169837 0.056000 0.203804
0 0.746000 0.050272 0.024000 0.051630
0 0.785000 0.036685 0.026000 0.057065
0 0.917000 0.044837 0.030000 0.057065
0 0.986000 0.046196 0.028000 0.076087
0 0.956000 0.043478 0.020000 0.081522
0 0.662000 0.048913 0.024000 0.059783
0 0.613000 0.040761 0.038000 0.059783
0 0.582000 0.038043 0.020000 0.032609
0 0.546000 0.042120 0.028000 0.057065
0 0.518000 0.028533 0.024000 0.051630
0 0.492000 0.033967 0.032000 0.057065
0 0.419000 0.035326 0.030000 0.054348
0 0.390000 0.028533 0.036000 0.046196
0 0.315000 0.031250 0.038000 0.057065
0 0.267000 0.032609 0.030000 0.054348
0 0.211000 0.027174 0.026000 0.043478
0 0.128000 0.031250 0.040000 0.057065
0 0.055000 0.031250 0.026000 0.051630
0 0.014000 0.027174 0.024000 0.032609
