2 0.518000 0.525602 0.040000 0.111446
0 0.645000 0.893072 0.034000 0.069277
1 0.555000 0.882530 0.114000 0.084337
1 0.593000 0.905120 0.066000 0.051205
1 0.682000 0.893072 0.032000 0.033133
1 0.733000 0.891566 0.042000 0.042169
1 0.793000 0.884036 0.038000 0.057229
1 0.825000 0.876506 0.030000 0.036145
1 0.879000 0.864458 0.026000 0.048193
0 0.917000 0.935241 0.050000 0.093373
0 0.956000 0.890060 0.028000 0.063253
0 0.987000 0.875000 0.022000 0.063253
2 0.926000 0.731928 0.036000 0.096386
0 0.388000 0.903614 0.032000 0.072289
1 0.377000 0.927711 0.134000 0.066265
1 0.466000 0.908133 0.056000 0.075301
1 0.277000 0.921687 0.090000 0.048193
0 0.212000 0.894578 0.012000 0.042169
0 0.163000 0.879518 0.010000 0.024096
0 0.118000 0.876506 0.008000 0.018072
1 0.067000 0.944277 0.122000 0.099398
1 0.166000 0.932229 0.084000 0.075301
