0 0.715625 0.494145 0.012500 0.074941
0 0.735156 0.500000 0.017188 0.044496
0 0.540625 0.583138 0.031250 0.149883
0 0.562500 0.546838 0.021875 0.053864
0 0.378906 0.606557 0.170313 0.557377
0 0.272656 0.495316 0.026562 0.133489
0 0.188281 0.501171 0.035937 0.117096
0 0.164062 0.464871 0.015625 0.072600
0 0.101562 0.468384 0.018750 0.051522
0 0.048438 0.489461 0.021875 0.103044
0 0.081250 0.468384 0.012500 0.065574
0 0.015625 0.468384 0.021875 0.084309
0 0.989062 0.460187 0.009375 0.044496
0 0.250000 0.455504 0.009375 0.049180
0 0.553125 0.450820 0.012500 0.039813
