0 0.083594 0.335938 0.142187 0.359375
0 0.222656 0.350781 0.104688 0.385937
0 0.312500 0.349219 0.112500 0.351562
0 0.425781 0.327344 0.092188 0.314063
0 0.638281 0.535937 0.282813 0.671875
0 0.683594 0.266406 0.110937 0.176563
0 0.836719 0.343750 0.154688 0.350000
0 0.952344 0.337500 0.095312 0.303125
0 0.917188 0.151562 0.068750 0.118750
0 0.901563 0.038281 0.075000 0.073438
0 0.820312 0.121875 0.056250 0.078125
0 0.786719 0.051562 0.079687 0.071875
0 0.683594 0.039844 0.114062 0.067187
0 0.691406 0.130469 0.070312 0.089063
0 0.589063 0.142969 0.084375 0.092188
0 0.559375 0.060156 0.071875 0.079687
0 0.439063 0.056250 0.075000 0.081250
0 0.450000 0.131250 0.084375 0.081250
0 0.317969 0.118750 0.085938 0.090625
0 0.342969 0.070312 0.092188 0.087500
0 0.173437 0.050781 0.087500 0.064062
0 0.196094 0.126562 0.076563 0.065625
0 0.051562 0.110937 0.090625 0.075000
0 0.047656 0.048438 0.079687 0.065625
