0 0.707812 0.680208 0.012500 0.089583
0 0.692187 0.655208 0.009375 0.052083
0 0.669531 0.631250 0.017188 0.041667
0 0.612500 0.703125 0.025000 0.077083
0 0.607031 0.652083 0.017188 0.033333
0 0.846875 0.631250 0.012500 0.033333
0 0.464062 0.686458 0.028125 0.089583
0 0.398438 0.694792 0.025000 0.081250
0 0.281250 0.751042 0.034375 0.064583
0 0.539844 0.620833 0.010937 0.037500
0 0.557813 0.612500 0.009375 0.025000
0 0.580469 0.605208 0.007812 0.027083
0 0.589844 0.606250 0.010937 0.020833
0 0.632031 0.615625 0.010937 0.022917
