0 0.210156 0.445833 0.070312 0.100000
0 0.450000 0.454167 0.071875 0.075000
2 0.660156 0.247917 0.054688 0.129167
2 0.710156 0.245833 0.035937 0.095833
2 0.710156 0.339583 0.023438 0.058333
2 0.860156 0.292708 0.029687 0.072917
2 0.855469 0.356250 0.023438 0.058333
1 0.644531 0.469792 0.045312 0.047917
1 0.681250 0.462500 0.021875 0.041667
0 0.714844 0.432292 0.023438 0.052083
0 0.740625 0.440625 0.015625 0.027083
0 0.770312 0.440625 0.028125 0.056250
0 0.828125 0.441667 0.043750 0.075000
1 0.824219 0.573958 0.164062 0.114583
1 0.926562 0.481250 0.084375 0.062500
1 0.441406 0.603125 0.179688 0.114583
1 0.203125 0.612500 0.221875 0.112500
