2 0.457813 0.353125 0.015625 0.039583
0 0.119531 0.411458 0.014063 0.018750
0 0.454688 0.457292 0.021875 0.039583
0 0.482812 0.448958 0.018750 0.043750
0 0.520312 0.464583 0.037500 0.062500
0 0.585156 0.451042 0.023438 0.060417
0 0.608594 0.436458 0.017188 0.039583
0 0.647656 0.423958 0.017188 0.027083
0 0.697656 0.496875 0.023438 0.060417
1 0.879687 0.381250 0.240625 0.150000
1 0.911719 0.453125 0.148438 0.064583
2 0.635156 0.338542 0.032813 0.064583
2 0.606250 0.337500 0.028125 0.062500
1 0.381250 0.378125 0.009375 0.014583
1 0.371094 0.383333 0.007812 0.012500
0 0.795312 0.700000 0.078125 0.525000
