0 0.748437 0.889442 0.103125 0.213147
0 0.885938 0.855578 0.034375 0.073705
0 0.917188 0.914343 0.040625 0.171315
0 0.969531 0.916335 0.045312 0.163347
0 0.956250 0.815737 0.046875 0.077689
0 0.819531 0.746016 0.020313 0.089641
0 0.862500 0.750996 0.028125 0.079681
1 0.734375 0.769920 0.081250 0.093625
1 0.603906 0.787849 0.082812 0.061753
1 0.389844 0.934263 0.529687 0.131474
1 0.415625 0.874502 0.446875 0.135458
1 0.645312 0.869522 0.143750 0.097610
1 0.464062 0.766932 0.106250 0.083665
0 0.528906 0.759960 0.023438 0.073705
1 0.323437 0.723108 0.115625 0.111554
1 0.096094 0.849602 0.179688 0.121514
0 0.014844 0.771912 0.017188 0.049801
0 0.065625 0.766932 0.025000 0.039841
0 0.092969 0.760956 0.017188 0.039841
0 0.120313 0.762948 0.012500 0.023904
0 0.136719 0.778884 0.017188 0.035857
0 0.136719 0.751992 0.014063 0.025896
0 0.178125 0.775896 0.021875 0.065737
0 0.240625 0.749004 0.028125 0.067729
