2 0.640625 0.322917 0.015625 0.037500
0 0.335156 0.646875 0.098437 0.381250
0 0.447656 0.545833 0.054688 0.195833
0 0.401562 0.485417 0.034375 0.129167
0 0.507812 0.525000 0.075000 0.179167
0 0.580469 0.488542 0.023438 0.085417
0 0.618750 0.580208 0.053125 0.297917
0 0.655469 0.453125 0.020313 0.035417
0 0.682813 0.517708 0.075000 0.247917
0 0.976562 0.560417 0.046875 0.200000
0 0.920312 0.485417 0.028125 0.079167
0 0.941406 0.460417 0.017188 0.041667
0 0.167187 0.495833 0.040625 0.095833
1 0.219531 0.526042 0.060937 0.064583
0 0.240625 0.471875 0.018750 0.039583
0 0.223438 0.458333 0.012500 0.029167
0 0.242188 0.446875 0.009375 0.014583
0 0.260156 0.461458 0.010937 0.022917
0 0.078125 0.572917 0.075000 0.133333
0 0.014063 0.505208 0.025000 0.093750
0 0.040625 0.482292 0.015625 0.039583
0 0.057813 0.481250 0.012500 0.054167
0 0.088281 0.478125 0.017188 0.047917
0 0.111719 0.469792 0.014063 0.035417
