2 0.222656 0.489583 0.032813 0.108333
2 0.481250 0.475000 0.043750 0.104167
2 0.059375 0.623958 0.012500 0.031250
2 0.042969 0.632292 0.007812 0.018750
2 0.075781 0.637500 0.004687 0.012500
1 0.039844 0.753125 0.026562 0.064583
0 0.057813 0.784375 0.018750 0.077083
1 0.104688 0.834375 0.081250 0.077083
1 0.180469 0.808333 0.057813 0.070833
1 0.281250 0.793750 0.075000 0.087500
1 0.234375 0.781250 0.028125 0.054167
1 0.200000 0.754167 0.050000 0.058333
1 0.134375 0.709375 0.081250 0.081250
0 0.114062 0.741667 0.015625 0.054167
1 0.076563 0.710417 0.031250 0.050000
0 0.344531 0.782292 0.020313 0.085417
0 0.411719 0.784375 0.017188 0.081250
0 0.392969 0.798958 0.010937 0.085417
0 0.347656 0.915625 0.045312 0.168750
0 0.469531 0.773958 0.017188 0.072917
0 0.500000 0.773958 0.021875 0.093750
0 0.498437 0.911458 0.056250 0.172917
0 0.647656 0.841667 0.023438 0.120833
0 0.734375 0.814583 0.031250 0.083333
0 0.703125 0.871875 0.034375 0.047917
0 0.789062 0.784375 0.034375 0.106250
0 0.921094 0.806250 0.023438 0.025000
0 0.944531 0.802083 0.032813 0.041667
0 0.977344 0.807292 0.035937 0.052083
1 0.805469 0.912500 0.373437 0.150000
