0 0.9187500000000001 0.70625 0.15937500000000002 0.20833333333333334
0 0.8187500000000001 0.6760416666666667 0.034375 0.06458333333333333
0 0.7296875 0.675 0.08125 0.11666666666666667
0 0.6671875 0.6708333333333333 0.046875 0.058333333333333334
0 0.58125 0.6666666666666666 0.046875 0.05
0 0.6265625 0.6166666666666667 0.037500000000000006 0.041666666666666664
0 0.5765625 0.61875 0.037500000000000006 0.041666666666666664
0 0.5320312500000001 0.6020833333333333 0.0203125 0.029166666666666667
0 0.55390625 0.5958333333333333 0.0171875 0.029166666666666667
0 0.496875 0.6 0.015625 0.016666666666666666
0 0.48125 0.6083333333333333 0.021875000000000002 0.03333333333333333
0 0.44765625000000003 0.59375 0.0171875 0.03333333333333333
0 0.43203125000000003 0.5916666666666667 0.0203125 0.025
0 0.375 0.5875 0.015625 0.025
0 0.33359375 0.640625 0.0328125 0.03125
0 0.28515625 0.6677083333333333 0.045312500000000006 0.03958333333333333
0 0.30859375 0.6427083333333333 0.0203125 0.035416666666666666
0 0.27265625 0.6270833333333333 0.0203125 0.029166666666666667
0 0.25703125 0.64375 0.0203125 0.016666666666666666
0 0.21406250000000002 0.6333333333333333 0.028125 0.03333333333333333
