0 0.251563 0.429167 0.068750 0.133333
0 0.326562 0.395833 0.053125 0.120833
0 0.482031 0.657292 0.204687 0.368750
0 0.025781 0.927083 0.048438 0.133333
0 0.239844 0.148958 0.082812 0.197917
0 0.820312 0.129167 0.040625 0.170833
0 0.882031 0.060417 0.039062 0.079167
0 0.671094 0.064583 0.026562 0.075000
0 0.375781 0.103125 0.035937 0.064583
0 0.302344 0.109375 0.026562 0.056250
0 0.036719 0.122917 0.026562 0.045833
0 0.074219 0.111458 0.023438 0.043750
0 0.098437 0.108333 0.021875 0.045833
0 0.075000 0.061458 0.015625 0.035417
0 0.050000 0.058333 0.012500 0.025000
0 0.071875 0.057292 0.015625 0.014583
0 0.336719 0.085417 0.026562 0.054167
0 0.407031 0.096875 0.010937 0.052083
0 0.426563 0.092708 0.021875 0.047917
