2 0.600000 0.105208 0.034375 0.097917
2 0.151562 0.402083 0.031250 0.087500
2 0.129688 0.408333 0.025000 0.079167
2 0.045312 0.484375 0.021875 0.060417
2 0.081250 0.483333 0.025000 0.054167
1 0.140625 0.630208 0.268750 0.118750
1 0.146875 0.536458 0.112500 0.056250
2 0.227344 0.488542 0.017188 0.043750
1 0.305469 0.583333 0.064062 0.075000
1 0.387500 0.605208 0.112500 0.093750
1 0.400781 0.513542 0.154688 0.072917
1 0.481250 0.548958 0.050000 0.022917
1 0.524219 0.625000 0.157812 0.137500
1 0.678125 0.609375 0.143750 0.118750
1 0.812500 0.582292 0.143750 0.156250
1 0.935156 0.569792 0.082812 0.068750
2 0.928125 0.398958 0.028125 0.085417
2 0.956250 0.400000 0.025000 0.087500
1 0.896875 0.781250 0.134375 0.291667
1 0.946875 0.864583 0.106250 0.270833
