0 0.549000 0.705333 0.246000 0.525333
0 0.396000 0.836000 0.080000 0.248000
0 0.327000 0.837333 0.090000 0.272000
0 0.187000 0.853333 0.198000 0.245333
0 0.205000 0.733333 0.038000 0.058667
0 0.115000 0.720000 0.050000 0.128000
0 0.065000 0.733333 0.046000 0.133333
0 0.029000 0.641333 0.026000 0.098667
0 0.113000 0.581333 0.062000 0.176000
0 0.152000 0.513333 0.032000 0.072000
0 0.205000 0.582667 0.054000 0.146667
0 0.247000 0.525333 0.046000 0.096000
0 0.293000 0.612000 0.042000 0.109333
0 0.318000 0.534667 0.032000 0.066667
0 0.356000 0.569333 0.036000 0.066667
0 0.381000 0.621333 0.034000 0.058667
0 0.396000 0.692000 0.040000 0.066667
0 0.605000 0.524000 0.034000 0.104000
0 0.691000 0.514667 0.030000 0.085333
0 0.739000 0.533333 0.034000 0.058667
0 0.763000 0.609333 0.042000 0.072000
0 0.714000 0.680000 0.048000 0.080000
0 0.742000 0.762667 0.044000 0.069333
0 0.699000 0.802667 0.050000 0.080000
0 0.774000 0.502667 0.044000 0.061333
0 0.826000 0.514667 0.040000 0.090667
0 0.869000 0.526667 0.046000 0.093333
0 0.914000 0.545333 0.040000 0.061333
0 0.978000 0.514667 0.036000 0.080000
0 0.923000 0.498667 0.034000 0.037333
0 0.977000 0.728000 0.046000 0.074667
0 0.923000 0.741333 0.050000 0.170667
0 0.838000 0.654667 0.044000 0.061333
0 0.805000 0.632000 0.038000 0.074667
0 0.651000 0.413333 0.050000 0.058667
