0 0.05234375 0.5635416666666666 0.09531250000000001 0.07291666666666667
0 0.1953125 0.5541666666666667 0.046875 0.04583333333333333
0 0.2515625 0.5395833333333333 0.084375 0.0625
0 0.36640625000000004 0.5479166666666666 0.035937500000000004 0.04583333333333333
0 0.41484375 0.546875 0.029687500000000002 0.027083333333333334
0 0.44375000000000003 0.5458333333333333 0.021875000000000002 0.041666666666666664
0 0.47578125000000004 0.5364583333333334 0.0203125 0.03958333333333333
0 0.49765625 0.546875 0.0140625 0.027083333333333334
0 0.5125000000000001 0.5375 0.015625 0.03333333333333333
0 0.5328125 0.55 0.025 0.0375
0 0.55703125 0.540625 0.0171875 0.03125
0 0.57578125 0.5625 0.026562500000000003 0.041666666666666664
0 0.62421875 0.546875 0.0203125 0.027083333333333334
0 0.79609375 0.5322916666666666 0.1078125 0.03958333333333333
