2 0.682031 0.339583 0.029687 0.087500
0 0.066406 0.710417 0.017188 0.037500
1 0.110156 0.775000 0.176563 0.079167
0 0.235156 0.745833 0.014063 0.079167
1 0.288281 0.732292 0.085938 0.102083
1 0.370312 0.740625 0.100000 0.081250
1 0.456250 0.735417 0.078125 0.070833
1 0.523438 0.735417 0.071875 0.054167
1 0.576562 0.730208 0.043750 0.056250
1 0.636719 0.728125 0.060937 0.039583
1 0.694531 0.732292 0.039062 0.035417
2 0.777344 0.653125 0.010937 0.022917
2 0.948438 0.641667 0.009375 0.025000
2 0.961719 0.641667 0.010937 0.025000
1 0.828125 0.721875 0.028125 0.027083
1 0.802344 0.707292 0.029687 0.039583
1 0.770312 0.719792 0.025000 0.018750
1 0.861719 0.717708 0.023438 0.031250
1 0.895312 0.711458 0.015625 0.014583
1 0.917969 0.711458 0.010937 0.018750
1 0.930469 0.710417 0.014063 0.025000
1 0.943750 0.709375 0.009375 0.022917
0 0.964063 0.727083 0.012500 0.050000
1 0.978906 0.715625 0.020313 0.022917
2 0.145313 0.453125 0.025000 0.052083
