0 0.840625 0.742358 0.118750 0.462882
0 0.814844 0.482533 0.032813 0.061135
0 0.856250 0.458515 0.028125 0.139738
0 0.905469 0.528384 0.032813 0.205240
0 0.953125 0.536026 0.040625 0.255459
0 0.987500 0.574236 0.025000 0.266376
0 0.767188 0.532751 0.028125 0.174672
0 0.792188 0.439956 0.021875 0.050218
0 0.717187 0.553493 0.043750 0.237991
0 0.696094 0.526201 0.032813 0.222707
0 0.659375 0.504367 0.031250 0.183406
0 0.580469 0.564410 0.060937 0.307860
0 0.603906 0.442140 0.020313 0.041485
0 0.510156 0.570961 0.039062 0.229258
0 0.427344 0.524017 0.032813 0.213974
0 0.464844 0.510917 0.014063 0.187773
0 0.477344 0.537118 0.014063 0.183406
0 0.402344 0.518559 0.020313 0.185590
0 0.345313 0.584061 0.046875 0.272926
0 0.240625 0.539301 0.046875 0.231441
0 0.179688 0.696507 0.059375 0.462882
0 0.149219 0.546943 0.035937 0.246725
0 0.082031 0.601528 0.067187 0.320961
0 0.014063 0.633188 0.025000 0.262009
0 0.042969 0.614629 0.026562 0.224891
0 0.020313 0.478166 0.028125 0.069869
2 0.853906 0.326419 0.017188 0.037118
2 0.842969 0.329694 0.007812 0.034934
2 0.796875 0.370087 0.009375 0.019651
2 0.632031 0.368996 0.007812 0.021834
2 0.522656 0.303493 0.023438 0.039301
