0 0.513542 0.420312 0.060417 0.096875
0 0.771875 0.862500 0.147917 0.206250
0 0.631250 0.345313 0.050000 0.046875
0 0.860417 0.333594 0.045833 0.095312
0 0.357292 0.342969 0.039583 0.057813
0 0.076042 0.345313 0.043750 0.046875
0 0.388542 0.248438 0.043750 0.040625
0 0.420833 0.245312 0.037500 0.046875
0 0.517708 0.242188 0.039583 0.040625
0 0.473958 0.240625 0.043750 0.040625
0 0.551042 0.242188 0.035417 0.043750
0 0.669792 0.221094 0.031250 0.045312
0 0.705208 0.219531 0.022917 0.042188
0 0.740625 0.213281 0.031250 0.032813
0 0.920833 0.187500 0.029167 0.040625
0 0.955208 0.181250 0.031250 0.050000
0 0.885417 0.178906 0.016667 0.020313
0 0.793750 0.148438 0.025000 0.043750
0 0.956250 0.140625 0.025000 0.021875
0 0.918750 0.117188 0.020833 0.025000
0 0.947917 0.124219 0.020833 0.017188
0 0.896875 0.125000 0.027083 0.021875
0 0.861458 0.122656 0.018750 0.023438
0 0.813542 0.126562 0.027083 0.021875
0 0.841667 0.121875 0.025000 0.028125
0 0.821875 0.091406 0.031250 0.029687
0 0.784375 0.091406 0.027083 0.023438
0 0.775000 0.070312 0.029167 0.028125
0 0.811458 0.053125 0.022917 0.031250
0 0.833333 0.053906 0.025000 0.032813
0 0.866667 0.060156 0.029167 0.039062
0 0.868750 0.089844 0.033333 0.026562
0 0.941667 0.076563 0.025000 0.031250
0 0.970833 0.079687 0.025000 0.028125
0 0.990625 0.078125 0.018750 0.031250
0 0.986458 0.040625 0.022917 0.025000
0 0.986458 0.012500 0.027083 0.021875
0 0.936458 0.033594 0.035417 0.023438
0 0.937500 0.011719 0.029167 0.020313
0 0.889583 0.010156 0.020833 0.017188
0 0.747917 0.024219 0.020833 0.023438
0 0.779167 0.030469 0.033333 0.026562
0 0.712500 0.146094 0.033333 0.029687
0 0.742708 0.145313 0.035417 0.028125
0 0.770833 0.142969 0.025000 0.020313
0 0.700000 0.105469 0.033333 0.057813
0 0.653125 0.013281 0.027083 0.023438
0 0.592708 0.089844 0.018750 0.023438
0 0.546875 0.165625 0.027083 0.025000
0 0.527083 0.192188 0.025000 0.031250
0 0.509375 0.164844 0.031250 0.020313
0 0.493750 0.191406 0.033333 0.029687
0 0.402083 0.185156 0.033333 0.032813
0 0.380208 0.213281 0.039583 0.023438
0 0.357292 0.192969 0.022917 0.020313
0 0.348958 0.167969 0.035417 0.026562
0 0.367708 0.132812 0.043750 0.037500
0 0.538542 0.053125 0.022917 0.034375
0 0.569792 0.058594 0.031250 0.026562
0 0.501042 0.067969 0.031250 0.026562
0 0.501042 0.091406 0.039583 0.026562
0 0.411458 0.089063 0.027083 0.025000
0 0.440625 0.089844 0.022917 0.020313
0 0.440625 0.067969 0.027083 0.029687
0 0.386458 0.052344 0.035417 0.029687
0 0.465625 0.030469 0.027083 0.020313
0 0.434375 0.018750 0.022917 0.028125
0 0.380208 0.025000 0.022917 0.028125
0 0.463542 0.015625 0.022917 0.021875
0 0.158333 0.174219 0.033333 0.035937
0 0.117708 0.170313 0.031250 0.040625
0 0.069792 0.175000 0.039583 0.031250
0 0.090625 0.146094 0.027083 0.020313
0 0.227083 0.194531 0.033333 0.032813
0 0.266667 0.192188 0.033333 0.028125
0 0.215625 0.164844 0.035417 0.020313
0 0.207292 0.128906 0.031250 0.026562
0 0.214583 0.093750 0.020833 0.034375
0 0.258333 0.073438 0.029167 0.031250
0 0.258333 0.108594 0.029167 0.060937
0 0.314583 0.107031 0.045833 0.079687
0 0.133333 0.084375 0.037500 0.046875
0 0.040625 0.126562 0.027083 0.034375
0 0.013542 0.132031 0.022917 0.039062
0 0.066667 0.107813 0.037500 0.040625
0 0.094792 0.064844 0.027083 0.023438
0 0.046875 0.060937 0.022917 0.025000
0 0.016667 0.062500 0.029167 0.034375
0 0.070833 0.030469 0.029167 0.023438
0 0.110417 0.039062 0.025000 0.021875
