0 0.634 0.9174454828660435 0.136 0.14641744548286603
0 0.8140000000000001 0.9485981308411214 0.12 0.09034267912772585
0 0.884 0.8878504672897196 0.092 0.12461059190031153
0 0.9440000000000001 0.735202492211838 0.108 0.2616822429906542
0 0.752 0.808411214953271 0.112 0.1277258566978193
0 0.8240000000000001 0.7554517133956387 0.064 0.12149532710280374
0 0.774 0.6822429906542056 0.092 0.04984423676012461
0 0.794 0.6448598130841121 0.096 0.04984423676012461
0 0.9500000000000001 0.5109034267912772 0.096 0.16822429906542055
0 0.666 0.40186915887850466 0.052000000000000005 0.1308411214953271
0 0.6950000000000001 0.6557632398753894 0.078 0.11526479750778816
0 0.673 0.5778816199376947 0.05 0.059190031152647975
0 0.741 0.5825545171339563 0.05 0.03115264797507788
0 0.528 0.8800623052959501 0.07200000000000001 0.1588785046728972
0 0.525 0.7118380062305296 0.106 0.14641744548286603
0 0.554 0.632398753894081 0.08 0.06230529595015576
0 0.534 0.5841121495327103 0.068 0.0529595015576324
0 0.535 0.5404984423676013 0.058 0.04672897196261682
0 0.547 0.5093457943925234 0.058 0.08411214953271028
0 0.611 0.5046728971962616 0.026000000000000002 0.056074766355140186
0 0.652 0.5046728971962616 0.064 0.03115264797507788
0 0.34900000000000003 0.911214953271028 0.146 0.1588785046728972
0 0.323 0.7959501557632399 0.10200000000000001 0.0778816199376947
0 0.319 0.7180685358255452 0.138 0.10903426791277258
0 0.352 0.5747663551401869 0.12 0.1526479750778816
0 0.427 0.5996884735202492 0.038 0.09657320872274143
0 0.447 0.5451713395638629 0.038 0.07476635514018691
0 0.437 0.4953271028037383 0.042 0.037383177570093455
0 0.403 0.4719626168224299 0.042 0.040498442367601244
0 0.437 0.4485981308411215 0.058 0.056074766355140186
0 0.456 0.40498442367601245 0.028 0.03115264797507788
0 0.48 0.3878504672897196 0.036000000000000004 0.0529595015576324
0 0.522 0.4127725856697819 0.052000000000000005 0.0529595015576324
0 0.5720000000000001 0.4143302180685358 0.036000000000000004 0.056074766355140186
0 0.459 0.3442367601246106 0.03 0.040498442367601244
0 0.13 0.9376947040498442 0.152 0.09968847352024922
0 0.021 0.895638629283489 0.042 0.10903426791277258
0 0.069 0.8177570093457943 0.126 0.10903426791277258
0 0.029 0.6915887850467289 0.05 0.1059190031152648
0 0.139 0.7663551401869159 0.098 0.14330218068535824
0 0.125 0.6510903426791277 0.126 0.09968847352024922
0 0.214 0.6728971962616822 0.052000000000000005 0.1059190031152648
0 0.176 0.5903426791277259 0.076 0.040498442367601244
0 0.223 0.5809968847352025 0.066 0.09034267912772585
0 0.262 0.5093457943925234 0.052000000000000005 0.04672897196261682
0 0.14 0.5389408099688473 0.052000000000000005 0.06230529595015576
0 0.14 0.48753894080996885 0.056 0.0529595015576324
0 0.185 0.48442367601246106 0.038 0.059190031152647975
0 0.23600000000000002 0.4657320872274143 0.068 0.09034267912772585
0 0.266 0.38317757009345793 0.076 0.09345794392523364
0 0.323 0.37538940809968846 0.038 0.06542056074766354
0 0.353 0.34579439252336447 0.026000000000000002 0.03115264797507788
0 0.417 0.3629283489096573 0.042 0.040498442367601244
0 0.447 0.30218068535825543 0.034 0.04361370716510903
0 0.485 0.29127725856697817 0.026000000000000002 0.03426791277258567
0 0.527 0.2757009345794392 0.038 0.04672897196261682
0 0.53 0.2383177570093458 0.032 0.03426791277258567
0 0.501 0.22897196261682243 0.018000000000000002 0.03426791277258567
0 0.487 0.2616822429906542 0.022 0.024922118380062305
0 0.453 0.2616822429906542 0.034 0.024922118380062305
0 0.457 0.21962616822429906 0.026000000000000002 0.028037383177570093
0 0.525 0.20093457943925233 0.03 0.04672897196261682
0 0.521 0.1588785046728972 0.022 0.037383177570093455
0 0.485 0.14797507788161993 0.034 0.040498442367601244
0 0.455 0.1588785046728972 0.026000000000000002 0.024922118380062305
0 0.442 0.1292834890965732 0.024 0.028037383177570093
0 0.627 0.4205607476635514 0.046 0.06853582554517133
0 0.621 0.3411214953271028 0.034 0.040498442367601244
0 0.526 0.32710280373831774 0.032 0.04984423676012461
0 0.546 0.32866043613707163 0.016 0.028037383177570093
0 0.5670000000000001 0.35202492211838005 0.026000000000000002 0.03115264797507788
0 0.404 0.11682242990654206 0.024 0.021806853582554516
