0 0.501563 0.551042 0.062500 0.139583
1 0.183594 0.700000 0.332813 0.437500
1 0.201563 0.476042 0.087500 0.043750
2 0.123438 0.398958 0.015625 0.039583
2 0.329688 0.332292 0.025000 0.056250
0 0.846875 0.496875 0.031250 0.131250
0 0.882812 0.498958 0.034375 0.118750
1 0.900000 0.614583 0.200000 0.150000
1 0.888281 0.820833 0.223438 0.295833
0 0.740625 0.458333 0.009375 0.041667
0 0.753125 0.455208 0.012500 0.039583
0 0.768750 0.452083 0.018750 0.041667
0 0.791406 0.456250 0.010937 0.029167
0 0.964063 0.448958 0.012500 0.018750
0 0.714063 0.462500 0.012500 0.029167
