0 0.238281 0.409375 0.057813 0.152083
0 0.296094 0.336458 0.017188 0.047917
0 0.337500 0.429167 0.118750 0.283333
0 0.500000 0.404167 0.015625 0.045833
1 0.483594 0.397917 0.017188 0.029167
0 0.541406 0.397917 0.020313 0.095833
1 0.584375 0.416667 0.053125 0.070833
0 0.694531 0.397917 0.023438 0.054167
0 0.719531 0.393750 0.014063 0.054167
2 0.714063 0.347917 0.009375 0.025000
0 0.764062 0.416667 0.018750 0.091667
0 0.849219 0.422917 0.014063 0.066667
2 0.912500 0.268750 0.021875 0.050000
2 0.985156 0.276042 0.020313 0.060417
0 0.982031 0.429167 0.017188 0.095833
0 0.915625 0.430208 0.021875 0.072917
