1 0.167969 0.356471 0.317188 0.223529
1 0.504687 0.524706 0.475000 0.489412
0 0.771875 0.255294 0.037500 0.082353
0 0.803906 0.227059 0.020313 0.096471
0 0.867188 0.267059 0.046875 0.096471
0 0.982812 0.372941 0.034375 0.077647
0 0.938281 0.287059 0.039062 0.061176
1 0.975000 0.256471 0.050000 0.108235
1 0.875000 0.255294 0.096875 0.077647
0 0.732031 0.224706 0.029687 0.068235
0 0.645312 0.232941 0.018750 0.042353
0 0.618750 0.234118 0.021875 0.049412
0 0.585938 0.242353 0.025000 0.037647
0 0.557813 0.232941 0.028125 0.047059
0 0.500781 0.240000 0.017188 0.023529
0 0.432812 0.247059 0.021875 0.061176
0 0.467969 0.252941 0.026562 0.040000
1 0.375781 0.283529 0.085938 0.077647
1 0.382812 0.280000 0.075000 0.089412
1 0.321094 0.276471 0.070312 0.072941
