0 0.412500 0.618721 0.043750 0.205479
0 0.362500 0.595890 0.025000 0.118721
0 0.332813 0.565068 0.015625 0.089041
0 0.303906 0.562785 0.020313 0.079909
0 0.273438 0.559361 0.021875 0.073059
0 0.250781 0.606164 0.029687 0.125571
0 0.226562 0.559361 0.021875 0.086758
0 0.213281 0.589041 0.014063 0.041096
0 0.203125 0.599315 0.012500 0.038813
0 0.192188 0.595890 0.015625 0.050228
0 0.103125 0.555936 0.015625 0.061644
0 0.115625 0.585616 0.021875 0.052511
0 0.060937 0.544521 0.015625 0.047945
0 0.083594 0.546804 0.014063 0.047945
0 0.022656 0.538813 0.010937 0.041096
0 0.007031 0.545662 0.010937 0.045662
0 0.595313 0.668950 0.037500 0.273973
0 0.632031 0.683790 0.029687 0.175799
0 0.708594 0.691781 0.057813 0.223744
0 0.636719 0.569635 0.017188 0.061644
0 0.848437 0.565068 0.025000 0.070776
0 0.937500 0.646119 0.028125 0.132420
0 0.925000 0.601598 0.031250 0.166667
0 0.972656 0.625571 0.035937 0.178082
0 0.986719 0.552511 0.017188 0.050228
