0 0.876563 0.659375 0.034375 0.081250
0 0.892188 0.784375 0.053125 0.164583
0 0.950781 0.668750 0.029687 0.100000
0 0.922656 0.670833 0.023438 0.100000
0 0.585156 0.557292 0.014063 0.035417
0 0.588281 0.602083 0.014063 0.050000
0 0.574219 0.622917 0.020313 0.058333
0 0.530469 0.672917 0.017188 0.045833
0 0.521875 0.869792 0.043750 0.260417
0 0.563281 0.846875 0.029687 0.152083
0 0.367188 0.901042 0.037500 0.160417
0 0.413281 0.872917 0.032813 0.154167
0 0.453906 0.894792 0.042188 0.160417
0 0.295312 0.898958 0.037500 0.189583
0 0.201563 0.916667 0.034375 0.158333
0 0.128906 0.921875 0.032813 0.118750
0 0.031250 0.914583 0.050000 0.133333
