0 0.908594 0.409836 0.051562 0.084309
0 0.857031 0.399297 0.032813 0.063232
0 0.780469 0.426230 0.045312 0.103044
0 0.396875 0.461358 0.056250 0.117096
0 0.228906 0.488290 0.135937 0.213115
0 0.078125 0.473068 0.025000 0.046838
0 0.034375 0.491803 0.031250 0.074941
0 0.448437 0.463700 0.015625 0.065574
0 0.478125 0.450820 0.015625 0.058548
0 0.508594 0.456674 0.023438 0.084309
0 0.562500 0.451991 0.015625 0.051522
0 0.586719 0.442623 0.014063 0.032787
0 0.628125 0.449649 0.018750 0.065574
0 0.664062 0.429742 0.025000 0.067916
0 0.736719 0.419204 0.035937 0.079625
