0 0.088281 0.595000 0.023438 0.105000
1 0.083594 0.548750 0.042188 0.042500
1 0.116406 0.550000 0.026562 0.045000
1 0.157812 0.553750 0.056250 0.037500
0 0.239844 0.551250 0.014063 0.067500
0 0.256250 0.546250 0.015625 0.057500
0 0.362500 0.542500 0.009375 0.065000
0 0.377344 0.540000 0.014063 0.070000
0 0.407031 0.587500 0.029687 0.095000
0 0.447656 0.571250 0.029687 0.067500
0 0.568750 0.643750 0.034375 0.177500
0 0.618750 0.647500 0.040625 0.190000
0 0.672656 0.632500 0.045312 0.160000
0 0.725781 0.642500 0.060937 0.175000
0 0.828906 0.568750 0.035937 0.162500
1 0.775781 0.547500 0.042188 0.070000
1 0.738281 0.535000 0.029687 0.060000
