1 0.039062 0.467213 0.050000 0.063232
0 0.045312 0.408665 0.021875 0.044496
0 0.098437 0.414520 0.025000 0.051522
1 0.110156 0.501171 0.064062 0.070258
1 0.141406 0.422717 0.045312 0.035129
1 0.223438 0.426230 0.043750 0.056206
2 0.225000 0.298595 0.025000 0.025761
0 0.267969 0.407494 0.020313 0.037471
1 0.275000 0.475410 0.050000 0.074941
0 0.457031 0.430913 0.035937 0.051522
1 0.490625 0.615925 0.128125 0.154567
0 0.596875 0.407494 0.021875 0.065574
0 0.624219 0.411007 0.026562 0.058548
1 0.650000 0.543326 0.140625 0.126464
0 0.875781 0.464871 0.023438 0.072600
0 0.912500 0.457845 0.021875 0.081967
0 0.934375 0.457845 0.018750 0.077283
