0 0.757812 0.789412 0.128125 0.421176
0 0.653125 0.692941 0.075000 0.237647
0 0.825781 0.598824 0.039062 0.101176
0 0.860156 0.549412 0.020313 0.063529
0 0.893750 0.560000 0.031250 0.108235
0 0.911719 0.529412 0.026562 0.080000
0 0.864844 0.505882 0.020313 0.037647
0 0.834375 0.525882 0.018750 0.035294
0 0.814844 0.516471 0.017188 0.035294
0 0.795312 0.541176 0.021875 0.056471
0 0.767188 0.527059 0.018750 0.032941
0 0.735938 0.536471 0.018750 0.051765
0 0.764844 0.564706 0.023438 0.056471
0 0.668750 0.536471 0.018750 0.061176
0 0.650781 0.530588 0.014063 0.044706
0 0.625000 0.531765 0.018750 0.037647
0 0.605469 0.543529 0.017188 0.047059
0 0.607031 0.634118 0.042188 0.152941
0 0.539844 0.583529 0.029687 0.112941
0 0.569531 0.551765 0.017188 0.068235
0 0.525000 0.545882 0.015625 0.075294
0 0.503906 0.550588 0.020313 0.061176
0 0.458594 0.565882 0.035937 0.054118
0 0.449219 0.503529 0.023438 0.065882
0 0.402344 0.545882 0.029687 0.084706
0 0.342969 0.557647 0.017188 0.061176
0 0.295312 0.536471 0.018750 0.042353
0 0.255469 0.555294 0.035937 0.075294
0 0.264844 0.594118 0.035937 0.063529
0 0.203125 0.583529 0.034375 0.098824
0 0.167187 0.570588 0.021875 0.054118
0 0.134375 0.552941 0.018750 0.023529
0 0.112500 0.568235 0.018750 0.044706
0 0.054688 0.576471 0.025000 0.070588
0 0.032031 0.661176 0.042188 0.202353
0 0.081250 0.800000 0.106250 0.395294
0 0.164844 0.702353 0.082812 0.185882
0 0.285938 0.811765 0.184375 0.376471
0 0.456250 0.675294 0.084375 0.155294
