2 0.216406 0.978125 0.020313 0.018750
2 0.239063 0.978125 0.015625 0.018750
2 0.257812 0.978125 0.018750 0.018750
2 0.279687 0.979167 0.018750 0.020833
2 0.298438 0.979167 0.018750 0.016667
2 0.320312 0.983333 0.018750 0.016667
1 0.385156 0.922917 0.029687 0.016667
1 0.367969 0.982292 0.020313 0.018750
1 0.441406 0.985417 0.020313 0.016667
1 0.427344 0.933333 0.020313 0.016667
1 0.412500 0.890625 0.037500 0.039583
1 0.450781 0.883333 0.014063 0.012500
1 0.481250 0.907292 0.018750 0.022917
1 0.482031 0.889583 0.020313 0.012500
1 0.486719 0.871875 0.017188 0.018750
1 0.495312 0.844792 0.015625 0.018750
1 0.504687 0.818750 0.009375 0.016667
1 0.517969 0.829167 0.017188 0.016667
1 0.539062 0.831250 0.012500 0.012500
1 0.546094 0.847917 0.017188 0.016667
1 0.575781 0.844792 0.017188 0.010417
1 0.586719 0.789583 0.014063 0.020833
1 0.608594 0.790625 0.014063 0.018750
1 0.639062 0.789583 0.018750 0.016667
1 0.576562 0.771875 0.015625 0.014583
1 0.660156 0.720833 0.007812 0.012500
1 0.678125 0.693750 0.021875 0.025000
1 0.730469 0.696875 0.023438 0.027083
