0 0.039844 0.201705 0.045312 0.070076
0 0.058594 0.078598 0.032813 0.047348
0 0.116406 0.152462 0.035937 0.070076
0 0.166406 0.160985 0.045312 0.068182
0 0.208594 0.199811 0.039062 0.070076
0 0.275000 0.107008 0.040625 0.058712
0 0.233594 0.023674 0.029687 0.043561
0 0.169531 0.027462 0.039062 0.043561
0 0.268750 0.201705 0.043750 0.062500
0 0.338281 0.214962 0.035937 0.047348
0 0.351562 0.151515 0.034375 0.064394
0 0.305469 0.125947 0.045312 0.043561
0 0.366406 0.083333 0.032813 0.060606
0 0.285938 0.023674 0.046875 0.032197
0 0.347656 0.046402 0.014063 0.043561
0 0.407031 0.095644 0.029687 0.058712
0 0.452344 0.030303 0.026562 0.041667
0 0.485156 0.107008 0.095312 0.096591
0 0.405469 0.193182 0.042188 0.068182
0 0.596875 0.035038 0.031250 0.051136
0 0.646875 0.033144 0.037500 0.051136
0 0.608594 0.110795 0.029687 0.043561
0 0.680469 0.164773 0.042188 0.056818
0 0.683594 0.073864 0.026562 0.056818
0 0.707031 0.121212 0.032813 0.045455
0 0.722656 0.179924 0.045312 0.053030
0 0.742188 0.119318 0.031250 0.045455
0 0.805469 0.074811 0.032813 0.032197
0 0.794531 0.195076 0.039062 0.037879
0 0.815625 0.150568 0.046875 0.062500
0 0.821094 0.110795 0.023438 0.039773
0 0.889844 0.107008 0.035937 0.051136
0 0.878906 0.165720 0.048438 0.051136
0 0.849219 0.207386 0.045312 0.070076
0 0.929688 0.174242 0.028125 0.071970
0 0.972656 0.207386 0.035937 0.066288
0 0.980469 0.129735 0.035937 0.081439
0 0.771094 0.483902 0.079687 0.535985
