2 0.739844 0.311765 0.054688 0.044706
2 0.592969 0.310588 0.045312 0.037647
2 0.454688 0.308235 0.043750 0.037647
2 0.402344 0.308235 0.048438 0.032941
2 0.382812 0.331765 0.037500 0.037647
2 0.167969 0.452941 0.042188 0.025882
1 0.349219 0.485882 0.073438 0.049412
1 0.496875 0.491765 0.062500 0.042353
2 0.575781 0.372941 0.020313 0.044706
2 0.478125 0.363529 0.025000 0.040000
2 0.400781 0.374118 0.020313 0.032941
2 0.700781 0.377647 0.017188 0.025882
2 0.751563 0.376471 0.006250 0.023529
2 0.810156 0.374118 0.007812 0.023529
2 0.659375 0.369412 0.012500 0.023529
1 0.712500 0.544706 0.050000 0.082353
1 0.750781 0.531765 0.026562 0.051765
1 0.707812 0.482353 0.034375 0.047059
1 0.682813 0.471765 0.015625 0.049412
0 0.656250 0.487059 0.015625 0.051765
1 0.625781 0.474118 0.029687 0.049412
1 0.567187 0.476471 0.040625 0.049412
1 0.592969 0.465882 0.023438 0.042353
1 0.697656 0.412941 0.023438 0.035294
1 0.908594 0.490588 0.107813 0.068235
1 0.983594 0.502353 0.032813 0.044706
