0 0.081250 0.520833 0.140625 0.254167
0 0.083594 0.275000 0.039062 0.050000
0 0.111719 0.321875 0.057813 0.089583
0 0.180469 0.292708 0.039062 0.081250
0 0.229687 0.325000 0.037500 0.095833
0 0.303906 0.432292 0.051562 0.118750
0 0.282031 0.633333 0.248438 0.300000
0 0.478125 0.420833 0.090625 0.166667
0 0.642969 0.445833 0.042188 0.150000
0 0.737500 0.460417 0.071875 0.158333
0 0.739062 0.360417 0.031250 0.050000
0 0.824219 0.353125 0.048438 0.118750
0 0.613281 0.312500 0.048438 0.079167
0 0.846094 0.448958 0.039062 0.077083
0 0.928906 0.516667 0.079687 0.120833
0 0.857031 0.639583 0.085938 0.250000
0 0.678125 0.777083 0.112500 0.333333
