1 0.835156 0.694792 0.317188 0.393750
0 0.615625 0.790625 0.090625 0.381250
0 0.493750 0.787500 0.056250 0.362500
0 0.535156 0.639583 0.042188 0.058333
0 0.431250 0.651042 0.028125 0.047917
0 0.408594 0.790625 0.092188 0.372917
0 0.340625 0.682292 0.050000 0.102083
0 0.300781 0.709375 0.035937 0.143750
0 0.237500 0.644792 0.025000 0.052083
0 0.268750 0.643750 0.031250 0.041667
0 0.210156 0.681250 0.064062 0.129167
0 0.157812 0.665625 0.025000 0.039583
0 0.039844 0.735417 0.054688 0.116667
0 0.033594 0.658333 0.023438 0.033333
0 0.091406 0.691667 0.026562 0.062500
0 0.101562 0.648958 0.028125 0.043750
2 0.125000 0.603125 0.009375 0.022917
1 0.361719 0.582292 0.157812 0.077083
