2 0.321094 0.160422 0.010937 0.039813
2 0.264062 0.128806 0.015625 0.056206
0 0.193750 0.266979 0.012500 0.042155
0 0.281250 0.257611 0.009375 0.037471
0 0.378125 0.250585 0.084375 0.281030
0 0.443750 0.223653 0.031250 0.077283
0 0.488281 0.227166 0.017188 0.051522
0 0.507031 0.229508 0.023438 0.032787
0 0.531250 0.237705 0.015625 0.035129
0 0.582031 0.241218 0.007812 0.023419
0 0.596875 0.238876 0.009375 0.018735
0 0.605469 0.229508 0.014063 0.023419
0 0.623437 0.234192 0.025000 0.032787
0 0.676562 0.265808 0.068750 0.128806
2 0.675000 0.165105 0.012500 0.035129
0 0.793750 0.285714 0.015625 0.079625
0 0.759375 0.269321 0.012500 0.074941
0 0.730469 0.268150 0.010937 0.049180
1 0.786719 0.275176 0.042188 0.039813
0 0.825781 0.281030 0.014063 0.074941
0 0.990625 0.320843 0.018750 0.140515
1 0.342969 0.711944 0.226562 0.440281
1 0.687500 0.488290 0.109375 0.128806
