0 0.337500 0.681948 0.056250 0.269341
0 0.213281 0.525788 0.017188 0.094556
1 0.085938 0.475645 0.031250 0.034384
1 0.287500 0.455587 0.106250 0.063037
0 0.431250 0.515759 0.015625 0.068768
0 0.474219 0.507163 0.010937 0.051576
0 0.524219 0.537249 0.026562 0.111748
0 0.630469 0.522923 0.020313 0.123209
0 0.664062 0.505731 0.012500 0.054441
0 0.646875 0.515759 0.012500 0.057307
0 0.766406 0.551576 0.017188 0.106017
0 0.780469 0.517192 0.020313 0.077364
0 0.868750 0.504298 0.018750 0.097421
0 0.892188 0.524355 0.018750 0.085960
