2 0.116406 0.378220 0.029687 0.077283
2 0.223438 0.360656 0.031250 0.070258
2 0.367969 0.435597 0.023438 0.042155
2 0.345313 0.446136 0.025000 0.044496
0 0.321875 0.723653 0.125000 0.444965
0 0.101562 0.802108 0.100000 0.316159
0 0.032031 0.834895 0.057813 0.231850
0 0.010937 0.687354 0.015625 0.091335
0 0.023438 0.680328 0.031250 0.114754
0 0.125781 0.680328 0.051562 0.175644
0 0.164062 0.680328 0.050000 0.185012
0 0.192188 0.633489 0.034375 0.138173
0 0.223438 0.615925 0.037500 0.112412
0 0.243750 0.598361 0.028125 0.105386
0 0.261719 0.555035 0.020313 0.065574
0 0.325000 0.590164 0.040625 0.177986
0 0.349219 0.551522 0.026562 0.096019
0 0.375000 0.526932 0.021875 0.065574
0 0.417187 0.700234 0.093750 0.370023
0 0.476562 0.677986 0.137500 0.433255
0 0.471094 0.484778 0.029687 0.074941
0 0.497656 0.509368 0.029687 0.100703
0 0.513281 0.487119 0.023438 0.079625
0 0.549219 0.504684 0.045312 0.180328
0 0.590625 0.584309 0.062500 0.358314
0 0.626563 0.615925 0.081250 0.341920
0 0.660156 0.477752 0.048438 0.215457
0 0.742188 0.573770 0.150000 0.515222
0 0.764844 0.385246 0.073438 0.152225
0 0.816406 0.326698 0.067187 0.156909
0 0.885156 0.329040 0.045312 0.119438
0 0.865625 0.597190 0.087500 0.374707
0 0.907813 0.289227 0.031250 0.067916
0 0.952344 0.295082 0.045312 0.112412
2 0.821094 0.097190 0.035937 0.063232
2 0.866406 0.167447 0.042188 0.044496
2 0.647656 0.111241 0.042188 0.100703
