0 0.462500 0.695833 0.137500 0.333333
0 0.720313 0.741667 0.121875 0.225000
0 0.852344 0.725000 0.117188 0.308333
0 0.964844 0.157292 0.057813 0.189583
0 0.866406 0.141667 0.070312 0.212500
0 0.804688 0.135417 0.046875 0.187500
0 0.746875 0.126042 0.056250 0.164583
0 0.696875 0.117708 0.056250 0.172917
0 0.617188 0.111458 0.050000 0.193750
0 0.473438 0.092708 0.056250 0.152083
0 0.414844 0.084375 0.048438 0.160417
0 0.373437 0.086458 0.056250 0.156250
0 0.266406 0.085417 0.045312 0.133333
0 0.085938 0.089583 0.037500 0.066667
0 0.019531 0.062500 0.032813 0.075000
