2 0.856250 0.126042 0.018750 0.064583
2 0.932031 0.192708 0.014063 0.035417
2 0.848437 0.192708 0.009375 0.027083
2 0.832031 0.171875 0.007812 0.027083
2 0.741406 0.175000 0.010937 0.033333
2 0.684375 0.117708 0.015625 0.064583
2 0.640625 0.060417 0.021875 0.087500
2 0.430469 0.072917 0.020313 0.079167
0 0.832812 0.438542 0.028125 0.060417
0 0.810937 0.392708 0.012500 0.060417
2 0.896875 0.309375 0.009375 0.022917
2 0.923438 0.321875 0.009375 0.018750
2 0.967187 0.322917 0.006250 0.025000
0 0.960938 0.359375 0.012500 0.052083
0 0.916406 0.365625 0.014063 0.056250
0 0.943750 0.368750 0.012500 0.062500
0 0.714844 0.432292 0.017188 0.093750
0 0.742969 0.436458 0.010937 0.085417
0 0.682031 0.403125 0.010937 0.052083
0 0.651563 0.420833 0.012500 0.083333
0 0.667969 0.434375 0.023438 0.047917
1 0.732031 0.413542 0.070312 0.093750
1 0.563281 0.403125 0.054688 0.052083
0 0.603125 0.387500 0.015625 0.066667
0 0.409375 0.414583 0.021875 0.041667
0 0.317188 0.422917 0.021875 0.045833
1 0.040625 0.478125 0.078125 0.156250
0 0.103125 0.500000 0.028125 0.079167
0 0.104688 0.425000 0.021875 0.087500
0 0.207031 0.425000 0.014063 0.058333
0 0.232813 0.409375 0.015625 0.068750
0 0.251563 0.447917 0.015625 0.112500
0 0.278125 0.414583 0.012500 0.062500
0 0.344531 0.429167 0.010937 0.075000
0 0.357031 0.387500 0.010937 0.037500
1 0.411719 0.505208 0.045312 0.077083
1 0.315625 0.504167 0.053125 0.062500
1 0.463281 0.423958 0.042188 0.077083
