0 0.107031 0.530717 0.051562 0.112628
0 0.160938 0.523891 0.056250 0.102389
0 0.040625 0.663823 0.062500 0.088737
0 0.092969 0.651024 0.045312 0.097270
0 0.143750 0.632253 0.040625 0.056314
0 0.235937 0.575085 0.062500 0.208191
0 0.299219 0.615188 0.045312 0.087031
0 0.354687 0.622014 0.053125 0.097270
0 0.732812 0.543515 0.050000 0.151877
0 0.782813 0.578498 0.059375 0.116041
0 0.795312 0.506826 0.037500 0.040956
0 0.844531 0.516212 0.026562 0.049488
0 0.878906 0.569113 0.060937 0.080205
0 0.925781 0.536689 0.039062 0.049488
0 0.964063 0.573379 0.053125 0.075085
0 0.925000 0.448805 0.040625 0.078498
0 0.882812 0.455631 0.025000 0.081911
1 0.844531 0.461604 0.042188 0.049488
1 0.964844 0.447099 0.070312 0.047782
1 0.707031 0.477816 0.060937 0.034130
1 0.050000 0.555461 0.065625 0.042662
1 0.305469 0.520478 0.051562 0.040956
