0 0.328000 0.672673 0.288000 0.282282
0 0.179000 0.235736 0.062000 0.249249
0 0.131000 0.400901 0.038000 0.129129
0 0.090000 0.433934 0.052000 0.141141
0 0.038000 0.427928 0.048000 0.057057
0 0.034000 0.510511 0.056000 0.132132
0 0.046000 0.232733 0.064000 0.159159
0 0.033000 0.138138 0.062000 0.096096
0 0.112000 0.081081 0.040000 0.096096
0 0.028000 0.043544 0.048000 0.075075
0 0.249000 0.082583 0.030000 0.057057
0 0.263000 0.282282 0.050000 0.300300
0 0.330000 0.234234 0.044000 0.168168
0 0.355000 0.132132 0.038000 0.072072
0 0.389000 0.348348 0.034000 0.114114
0 0.452000 0.373874 0.052000 0.105105
0 0.411000 0.180180 0.026000 0.054054
0 0.441000 0.189189 0.026000 0.066066
0 0.484000 0.202703 0.024000 0.039039
0 0.469000 0.166667 0.026000 0.051051
0 0.423000 0.115616 0.022000 0.051051
0 0.454000 0.079580 0.044000 0.099099
0 0.499000 0.118619 0.026000 0.039039
0 0.502000 0.174174 0.028000 0.042042
0 0.508000 0.249249 0.024000 0.078078
0 0.554000 0.376877 0.044000 0.141141
0 0.575000 0.177177 0.022000 0.042042
0 0.582000 0.099099 0.032000 0.084084
0 0.624000 0.148649 0.028000 0.063063
0 0.619000 0.075075 0.030000 0.066066
0 0.651000 0.088589 0.030000 0.075075
0 0.678000 0.046547 0.016000 0.039039
0 0.693000 0.100601 0.030000 0.057057
0 0.671000 0.190691 0.034000 0.111111
0 0.699000 0.192192 0.030000 0.072072
0 0.738000 0.201201 0.032000 0.078078
0 0.727000 0.160661 0.018000 0.045045
0 0.826000 0.202703 0.040000 0.111111
0 0.798000 0.358859 0.036000 0.117117
0 0.870000 0.327327 0.028000 0.144144
0 0.877000 0.195195 0.038000 0.126126
0 0.935000 0.207207 0.034000 0.132132
0 0.959000 0.160661 0.018000 0.063063
0 0.976000 0.162162 0.016000 0.036036
0 0.993000 0.192192 0.014000 0.060060
0 0.977000 0.237237 0.042000 0.096096
0 0.926000 0.321321 0.036000 0.102102
0 0.847000 0.090090 0.046000 0.090090
