2 0.297656 0.188542 0.051562 0.168750
2 0.314844 0.381250 0.048438 0.062500
1 0.931250 0.593750 0.109375 0.150000
1 0.789844 0.584375 0.139063 0.118750
0 0.671875 0.616667 0.071875 0.320833
0 0.604688 0.635417 0.056250 0.275000
1 0.572656 0.547917 0.070312 0.100000
1 0.518750 0.553125 0.040625 0.081250
1 0.353906 0.522917 0.254688 0.300000
0 0.309375 0.613542 0.037500 0.235417
0 0.311719 0.495833 0.039062 0.062500
0 0.259375 0.577083 0.040625 0.191667
0 0.203906 0.571875 0.029687 0.168750
0 0.175781 0.543750 0.045312 0.150000
0 0.143750 0.482292 0.015625 0.052083
0 0.135937 0.636458 0.043750 0.285417
0 0.078906 0.478125 0.029687 0.039583
0 0.089063 0.539583 0.034375 0.100000
0 0.088281 0.672917 0.029687 0.179167
1 0.040625 0.555208 0.046875 0.064583
1 0.018750 0.651042 0.034375 0.106250
