0 0.531250 0.983594 0.029167 0.032813
0 0.482292 0.978906 0.014583 0.026562
0 0.500000 0.977344 0.020833 0.023438
1 0.828125 0.943750 0.077083 0.056250
1 0.844792 0.890625 0.043750 0.050000
1 0.822917 0.865625 0.033333 0.028125
1 0.779167 0.825000 0.037500 0.028125
1 0.843750 0.828125 0.041667 0.028125
1 0.812500 0.983594 0.054167 0.026562
1 0.795833 0.805469 0.045833 0.020313
1 0.709375 0.807031 0.060417 0.032813
1 0.720833 0.754687 0.100000 0.028125
1 0.737500 0.746094 0.062500 0.014063
1 0.797917 0.738281 0.041667 0.014063
1 0.844792 0.747656 0.077083 0.017188
1 0.819792 0.711719 0.043750 0.023438
1 0.804167 0.668750 0.037500 0.025000
1 0.768750 0.709375 0.037500 0.021875
2 0.673958 0.699219 0.014583 0.020313
0 0.963542 0.915625 0.018750 0.021875
0 0.963542 0.942187 0.022917 0.037500
0 0.925000 0.936719 0.012500 0.035937
0 0.914583 0.986719 0.025000 0.026562
0 0.948958 0.866406 0.022917 0.026562
0 0.966667 0.841406 0.012500 0.020313
0 0.988542 0.844531 0.018750 0.029687
0 0.912500 0.787500 0.016667 0.015625
0 0.982292 0.796875 0.014583 0.021875
0 0.859375 0.723437 0.014583 0.025000
0 0.880208 0.724219 0.010417 0.020313
1 0.915625 0.685156 0.031250 0.023438
0 0.873958 0.661719 0.014583 0.029687
1 0.878125 0.615625 0.027083 0.018750
1 0.871875 0.585938 0.027083 0.015625
1 0.831250 0.610938 0.029167 0.018750
1 0.836458 0.625000 0.022917 0.015625
1 0.817708 0.642969 0.031250 0.023438
1 0.929167 0.553906 0.029167 0.014063
1 0.903125 0.526563 0.014583 0.012500
1 0.941667 0.521094 0.016667 0.010937
1 0.940625 0.485156 0.014583 0.010937
1 0.926042 0.470313 0.014583 0.015625
