1 0.873437 0.877049 0.137500 0.175644
1 0.781250 0.697892 0.115625 0.187354
1 0.707812 0.571429 0.068750 0.074941
1 0.662500 0.505855 0.053125 0.065574
1 0.632812 0.466042 0.040625 0.051522
1 0.612500 0.435597 0.025000 0.037471
1 0.598437 0.406323 0.031250 0.039813
2 0.640625 0.357143 0.015625 0.025761
1 0.666406 0.368852 0.032813 0.030445
0 0.671094 0.402810 0.007812 0.046838
0 0.660937 0.399297 0.006250 0.044496
0 0.649219 0.403981 0.014063 0.044496
0 0.758594 0.484778 0.010937 0.046838
0 0.817969 0.565574 0.014063 0.044496
1 0.474219 0.622951 0.120313 0.327869
0 0.607031 0.733021 0.029687 0.112412
1 0.164062 0.706089 0.121875 0.213115
1 0.357812 0.550351 0.059375 0.117096
0 0.246875 0.464871 0.012500 0.063232
0 0.257812 0.461358 0.012500 0.046838
0 0.280469 0.450820 0.014063 0.039813
1 0.310937 0.454333 0.040625 0.084309
0 0.272656 0.388759 0.010937 0.051522
0 0.284375 0.387588 0.006250 0.035129
2 0.364844 0.265808 0.020313 0.035129
0 0.345313 0.314988 0.009375 0.025761
0 0.356250 0.307963 0.006250 0.025761
1 0.375000 0.351288 0.018750 0.028103
1 0.379688 0.330211 0.012500 0.014052
1 0.388281 0.323185 0.017188 0.014052
1 0.553125 0.365340 0.062500 0.037471
1 0.555469 0.337237 0.017188 0.014052
1 0.542969 0.324356 0.017188 0.021077
1 0.535156 0.310304 0.017188 0.016393
2 0.542969 0.274005 0.010937 0.023419
1 0.516406 0.285714 0.014063 0.014052
1 0.450781 0.288056 0.010937 0.014052
1 0.438281 0.274005 0.010937 0.018735
1 0.468750 0.258782 0.009375 0.011710
1 0.425000 0.257611 0.009375 0.014052
