1 0.960938 0.519792 0.050000 0.047917
0 0.909375 0.530208 0.031250 0.114583
0 0.857031 0.527083 0.017188 0.087500
1 0.878906 0.508333 0.026562 0.050000
0 0.816406 0.520833 0.032813 0.125000
1 0.792969 0.507292 0.020313 0.031250
0 0.772656 0.503125 0.010937 0.056250
1 0.750000 0.506250 0.028125 0.033333
0 0.704688 0.523958 0.021875 0.156250
0 0.647656 0.504167 0.020313 0.070833
0 0.619531 0.503125 0.014063 0.081250
0 0.541406 0.497917 0.026562 0.108333
0 0.479687 0.494792 0.050000 0.139583
0 0.299219 0.463542 0.032813 0.060417
0 0.244531 0.463542 0.048438 0.072917
1 0.208594 0.518750 0.089063 0.112500
0 0.105469 0.470833 0.023438 0.041667
1 0.053906 0.513542 0.054688 0.093750
0 0.011719 0.484375 0.020313 0.131250
0 0.074219 0.451042 0.020313 0.039583
