1 0.139844 0.543427 0.076563 0.096244
0 0.036719 0.421362 0.014063 0.082160
0 0.012500 0.422535 0.012500 0.070423
0 0.021094 0.354460 0.017188 0.061033
0 0.043750 0.350939 0.009375 0.035211
0 0.054688 0.369718 0.009375 0.053991
0 0.076563 0.355634 0.012500 0.049296
0 0.107813 0.355634 0.018750 0.049296
2 0.095312 0.273474 0.056250 0.119718
1 0.386719 0.530516 0.385937 0.206573
1 0.626563 0.519953 0.062500 0.096244
1 0.713281 0.457746 0.057813 0.051643
1 0.800000 0.460094 0.084375 0.084507
1 0.888281 0.429577 0.070312 0.089202
1 0.938281 0.406103 0.045312 0.075117
1 0.980469 0.393192 0.039062 0.068075
1 0.973437 0.341549 0.053125 0.049296
1 0.695312 0.411972 0.059375 0.039906
1 0.613281 0.441315 0.051562 0.051643
1 0.610938 0.406103 0.056250 0.061033
1 0.502344 0.396714 0.051562 0.028169
1 0.524219 0.426056 0.051562 0.030516
1 0.667188 0.393192 0.031250 0.058685
1 0.717187 0.370892 0.031250 0.037559
1 0.763281 0.384977 0.045312 0.037559
1 0.818750 0.359155 0.056250 0.046948
1 0.776563 0.330986 0.031250 0.046948
1 0.834375 0.308685 0.037500 0.044601
2 0.801562 0.184272 0.025000 0.077465
2 0.700781 0.173709 0.026562 0.075117
2 0.983594 0.183099 0.023438 0.056338
0 0.910937 0.257042 0.012500 0.030516
0 0.925000 0.261737 0.012500 0.035211
0 0.942187 0.251174 0.015625 0.046948
0 0.957812 0.254695 0.012500 0.035211
0 0.817969 0.273474 0.014063 0.021127
0 0.803906 0.273474 0.017188 0.039906
0 0.685156 0.279343 0.014063 0.037559
0 0.672656 0.294601 0.014063 0.049296
0 0.626563 0.308685 0.012500 0.044601
0 0.613281 0.308685 0.010937 0.039906
0 0.596875 0.303991 0.012500 0.039906
0 0.571094 0.313380 0.017188 0.044601
0 0.540625 0.312207 0.015625 0.042254
2 0.926562 0.685446 0.053125 0.286385
1 0.903125 0.892019 0.193750 0.201878
1 0.659375 0.879108 0.190625 0.161972
1 0.512500 0.967136 0.162500 0.065728
1 0.414062 0.873239 0.196875 0.140845
1 0.211719 0.944836 0.239063 0.110329
1 0.217969 0.819249 0.201563 0.136150
1 0.057813 0.818075 0.112500 0.133803
1 0.048438 0.955399 0.093750 0.089202
