2 0.416406 0.186992 0.035937 0.157182
1 0.384375 0.819783 0.140625 0.138211
0 0.560937 0.803523 0.034375 0.181572
2 0.696875 0.493225 0.018750 0.113821
2 0.725000 0.490515 0.021875 0.113821
1 0.592969 0.764228 0.067187 0.108401
1 0.513281 0.768293 0.051562 0.084011
0 0.530469 0.796748 0.023438 0.151762
1 0.408594 0.731707 0.145313 0.178862
2 0.350781 0.601626 0.014063 0.048780
1 0.271094 0.779133 0.082812 0.121951
1 0.200781 0.817073 0.104688 0.132791
1 0.180469 0.724932 0.051562 0.051491
1 0.106250 0.788618 0.053125 0.113821
0 0.064844 0.850949 0.048438 0.254743
0 0.037500 0.785908 0.028125 0.233062
2 0.193750 0.546070 0.028125 0.094851
