0 0.034535 0.591000 0.051051 0.074000
0 0.123123 0.535000 0.030030 0.030000
0 0.094595 0.562000 0.033033 0.036000
0 0.153153 0.582000 0.060060 0.064000
0 0.315315 0.566000 0.090090 0.100000
0 0.459459 0.678000 0.258258 0.492000
0 0.614114 0.550000 0.093093 0.092000
0 0.707207 0.551000 0.063063 0.098000
0 0.782282 0.565000 0.063063 0.082000
0 0.884384 0.579000 0.039039 0.054000
0 0.866366 0.540000 0.063063 0.056000
0 0.930931 0.532000 0.036036 0.048000
0 0.983483 0.526000 0.033033 0.040000
0 0.981982 0.571000 0.036036 0.038000
