2 0.567000 0.190691 0.034000 0.057057
2 0.529000 0.195195 0.038000 0.072072
2 0.272000 0.048048 0.036000 0.078078
2 0.313000 0.039039 0.030000 0.072072
2 0.359000 0.025526 0.030000 0.045045
2 0.007000 0.174174 0.010000 0.054054
1 0.698000 0.364865 0.052000 0.033033
0 0.774000 0.518018 0.124000 0.297297
0 0.460000 0.484985 0.120000 0.327327
0 0.354000 0.397898 0.060000 0.147147
0 0.273000 0.379880 0.070000 0.147147
0 0.135000 0.507508 0.194000 0.672673
1 0.571000 0.429429 0.098000 0.060060
1 0.523000 0.376877 0.042000 0.033033
