0 0.442188 0.689583 0.084375 0.287500
1 0.237500 0.657292 0.050000 0.047917
1 0.278906 0.647917 0.032813 0.041667
1 0.288281 0.620833 0.032813 0.025000
1 0.211719 0.633333 0.039062 0.050000
2 0.022656 0.377083 0.042188 0.041667
0 0.150781 0.744792 0.035937 0.127083
1 0.321875 0.600000 0.021875 0.025000
1 0.357031 0.578125 0.017188 0.022917
1 0.374219 0.572917 0.014063 0.025000
1 0.402344 0.561458 0.017188 0.018750
1 0.423438 0.555208 0.015625 0.022917
1 0.504687 0.661458 0.034375 0.043750
1 0.502344 0.627083 0.035937 0.029167
1 0.496875 0.601042 0.031250 0.027083
2 0.346875 0.470833 0.034375 0.025000
0 0.558594 0.656250 0.017188 0.041667
2 0.731250 0.586458 0.025000 0.077083
1 0.853906 0.613542 0.098437 0.047917
1 0.774219 0.603125 0.029687 0.027083
1 0.652344 0.610417 0.048438 0.037500
1 0.464844 0.570833 0.026562 0.033333
1 0.567969 0.579167 0.026562 0.020833
