2 0.085938 0.244161 0.037500 0.067941
2 0.050781 0.251592 0.026562 0.065817
1 0.467187 0.470276 0.537500 0.363057
2 0.777344 0.573248 0.073438 0.208068
1 0.834375 0.347134 0.062500 0.091295
1 0.844531 0.253715 0.054688 0.057325
2 0.965625 0.348195 0.040625 0.118896
2 0.601562 0.234607 0.025000 0.048832
2 0.576562 0.233546 0.025000 0.055202
1 0.425781 0.156051 0.042188 0.031847
1 0.425781 0.124204 0.032813 0.023355
1 0.467969 0.146497 0.017188 0.025478
1 0.488281 0.141189 0.017188 0.019108
1 0.508594 0.146497 0.029687 0.029724
1 0.545312 0.159236 0.040625 0.033970
1 0.625000 0.169851 0.053125 0.042463
1 0.736719 0.205945 0.042188 0.033970
