2 0.600000 0.293706 0.034375 0.102564
2 0.427344 0.275058 0.029687 0.107226
2 0.271094 0.257576 0.032813 0.118881
2 0.225000 0.255245 0.031250 0.109557
2 0.160938 0.194639 0.034375 0.118881
2 0.042188 0.250583 0.034375 0.118881
2 0.318750 0.107226 0.037500 0.144522
2 0.513281 0.043124 0.039062 0.067599
1 0.609375 0.681818 0.040625 0.048951
1 0.574219 0.678322 0.032813 0.046620
1 0.482812 0.679487 0.034375 0.053613
1 0.428125 0.678322 0.053125 0.074592
1 0.374219 0.695804 0.060937 0.072261
1 0.461719 0.675991 0.010937 0.018648
1 0.267969 0.681818 0.054688 0.072261
1 0.179688 0.730769 0.253125 0.109557
1 0.009375 0.685315 0.015625 0.041958
2 0.227344 0.655012 0.010937 0.023310
