1 0.567187 0.412500 0.162500 0.166667
1 0.694531 0.410417 0.067187 0.066667
1 0.735156 0.376042 0.048438 0.068750
1 0.967969 0.505208 0.064062 0.056250
1 0.875000 0.627083 0.246875 0.316667
0 0.602344 0.297917 0.017188 0.041667
1 0.533594 0.314583 0.035937 0.029167
1 0.489063 0.321875 0.040625 0.043750
0 0.513281 0.268750 0.014063 0.033333
0 0.537500 0.279167 0.012500 0.029167
1 0.439063 0.256250 0.059375 0.075000
1 0.423438 0.287500 0.031250 0.041667
1 0.395313 0.285417 0.025000 0.033333
1 0.326562 0.294792 0.059375 0.081250
1 0.338281 0.218750 0.032813 0.054167
1 0.367969 0.242708 0.045312 0.052083
1 0.307031 0.232292 0.023438 0.031250
1 0.284375 0.230208 0.021875 0.035417
1 0.264844 0.223958 0.017188 0.018750
1 0.246094 0.202083 0.010937 0.016667
1 0.223438 0.219792 0.018750 0.018750
1 0.206250 0.230208 0.021875 0.018750
1 0.217969 0.190625 0.020313 0.022917
1 0.195312 0.178125 0.018750 0.022917
1 0.136719 0.180208 0.020313 0.027083
1 0.114062 0.171875 0.009375 0.018750
