0 0.951562 0.626042 0.028125 0.056250
0 0.991406 0.619792 0.017188 0.052083
0 0.972656 0.614583 0.017188 0.058333
0 0.909375 0.606250 0.025000 0.041667
0 0.893750 0.603125 0.018750 0.035417
0 0.872656 0.613542 0.023438 0.056250
0 0.841406 0.609375 0.020313 0.060417
0 0.760938 0.598958 0.021875 0.060417
0 0.705469 0.589583 0.020313 0.050000
0 0.675781 0.581250 0.020313 0.045833
0 0.655469 0.580208 0.020313 0.039583
0 0.607812 0.567708 0.021875 0.039583
0 0.580469 0.571875 0.020313 0.035417
0 0.554688 0.586458 0.018750 0.068750
1 0.454688 0.566667 0.053125 0.079167
0 0.417969 0.569792 0.017188 0.077083
1 0.401562 0.563542 0.025000 0.060417
1 0.315625 0.567708 0.078125 0.147917
1 0.265625 0.545833 0.025000 0.058333
