0 0.330786 0.729688 0.128821 0.350000
0 0.222707 0.627344 0.017467 0.032813
0 0.141921 0.686719 0.061135 0.042188
0 0.420306 0.614844 0.028384 0.060937
0 0.469432 0.630469 0.026201 0.035937
0 0.497817 0.617188 0.034934 0.062500
0 0.568777 0.625781 0.037118 0.035937
0 0.649563 0.632031 0.019651 0.029687
0 0.774017 0.634375 0.024017 0.028125
0 0.813319 0.637500 0.024017 0.018750
0 0.796943 0.691406 0.039301 0.039062
0 0.740175 0.690625 0.043668 0.043750
0 0.923581 0.633594 0.026201 0.042188
0 0.982533 0.635156 0.026201 0.035937
