1 0.902344 0.570833 0.195312 0.179167
0 0.592969 0.563542 0.060937 0.093750
1 0.521094 0.611458 0.067187 0.089583
0 0.439063 0.545833 0.025000 0.037500
0 0.410156 0.551042 0.017188 0.031250
0 0.370312 0.548958 0.018750 0.043750
0 0.464062 0.631250 0.059375 0.075000
1 0.311719 0.562500 0.060937 0.050000
1 0.237500 0.546875 0.053125 0.056250
1 0.106250 0.602083 0.093750 0.079167
1 0.114062 0.535417 0.028125 0.029167
1 0.147656 0.538542 0.026562 0.039583
1 0.181250 0.537500 0.037500 0.029167
0 0.178125 0.556250 0.018750 0.037500
0 0.203125 0.562500 0.015625 0.025000
1 0.196094 0.613542 0.035937 0.039583
