0 0.708594 0.382292 0.054688 0.135417
0 0.676562 0.403125 0.037500 0.093750
0 0.602344 0.311458 0.029687 0.085417
0 0.557813 0.276042 0.028125 0.089583
0 0.446875 0.160417 0.031250 0.108333
0 0.257812 0.918750 0.056250 0.150000
0 0.103906 0.953125 0.051562 0.072917
0 0.029687 0.969792 0.050000 0.060417
0 0.391406 0.962500 0.089063 0.075000
0 0.640625 0.955208 0.050000 0.089583
0 0.737500 0.984375 0.034375 0.031250
0 0.818750 0.987500 0.025000 0.025000
0 0.782813 0.984375 0.034375 0.031250
0 0.753906 0.956250 0.023438 0.033333
0 0.930469 0.862500 0.120313 0.275000
