0 0.485156 0.718404 0.064062 0.235033
0 0.542188 0.651885 0.037500 0.084257
0 0.578125 0.601996 0.025000 0.050998
0 0.607031 0.670732 0.029687 0.135255
0 0.644531 0.664080 0.032813 0.148559
0 0.679688 0.654102 0.037500 0.106430
0 0.728125 0.699557 0.056250 0.254989
0 0.769531 0.618625 0.039062 0.164080
0 0.786719 0.541020 0.026562 0.070953
0 0.807031 0.478936 0.023438 0.070953
0 0.832812 0.497783 0.021875 0.121951
0 0.291406 0.784922 0.048438 0.146341
0 0.132031 0.739468 0.045312 0.259424
0 0.048438 0.729490 0.059375 0.266075
0 0.050781 0.546563 0.032813 0.130820
0 0.258594 0.599778 0.026562 0.104213
0 0.293750 0.592018 0.034375 0.110865
1 0.812500 0.291574 0.068750 0.050998
1 0.749219 0.279379 0.048438 0.070953
0 0.739062 0.294900 0.009375 0.066519
1 0.652344 0.297118 0.082812 0.070953
1 0.540625 0.288248 0.081250 0.066519
1 0.376563 0.288248 0.084375 0.057650
1 0.273438 0.293792 0.087500 0.073171
1 0.045312 0.301552 0.043750 0.044346
