2 0.396094 0.211458 0.014063 0.022917
2 0.365625 0.218750 0.015625 0.033333
2 0.392969 0.261458 0.010937 0.035417
2 0.446875 0.215625 0.012500 0.035417
2 0.477344 0.218750 0.014063 0.033333
2 0.478125 0.262500 0.015625 0.041667
2 0.531250 0.220833 0.015625 0.037500
2 0.559375 0.215625 0.012500 0.027083
2 0.557813 0.263542 0.012500 0.027083
1 0.129688 0.572917 0.128125 0.045833
1 0.469531 0.469792 0.314063 0.314583
1 0.976562 0.580208 0.046875 0.060417
1 0.938281 0.583333 0.035937 0.050000
1 0.871094 0.575000 0.064062 0.041667
1 0.836719 0.570833 0.051562 0.041667
1 0.802344 0.567708 0.039062 0.047917
1 0.748437 0.570833 0.065625 0.041667
