1 0.965625 0.388542 0.046875 0.056250
1 0.902344 0.359375 0.020313 0.018750
1 0.937500 0.372917 0.006250 0.041667
0 0.632812 0.411458 0.025000 0.072917
0 0.352344 0.468750 0.051562 0.162500
1 0.438281 0.444792 0.251563 0.106250
1 0.078906 0.752083 0.154688 0.325000
1 0.364063 0.603125 0.281250 0.127083
1 0.643750 0.486458 0.134375 0.081250
0 0.175781 0.388542 0.020313 0.052083
1 0.159375 0.437500 0.093750 0.050000
0 0.146875 0.362500 0.018750 0.029167
0 0.170313 0.356250 0.015625 0.029167
1 0.067969 0.398958 0.051562 0.039583
0 0.261719 0.370833 0.020313 0.079167
0 0.284375 0.384375 0.021875 0.068750
0 0.522656 0.363542 0.014063 0.043750
0 0.464844 0.356250 0.007812 0.029167
0 0.489063 0.358333 0.015625 0.037500
0 0.765625 0.358333 0.012500 0.033333
1 0.832812 0.363542 0.031250 0.031250
0 0.750000 0.363542 0.009375 0.027083
