2 0.398000 0.064000 0.048000 0.112000
2 0.451000 0.065333 0.042000 0.114667
2 0.370000 0.076000 0.028000 0.098667
1 0.070000 0.188000 0.136000 0.338667
0 0.221000 0.240000 0.022000 0.069333
0 0.247000 0.236000 0.018000 0.061333
1 0.442000 0.278667 0.164000 0.141333
1 0.591000 0.230667 0.110000 0.109333
1 0.697000 0.236000 0.074000 0.088000
1 0.768000 0.218667 0.064000 0.090667
2 0.911000 0.054667 0.082000 0.082667
0 0.694000 0.345333 0.068000 0.152000
0 0.577000 0.308000 0.058000 0.098667
0 0.472000 0.342667 0.060000 0.125333
