0 0.763542 0.810937 0.039583 0.056250
0 0.702083 0.823438 0.050000 0.059375
1 0.895833 0.885156 0.208333 0.123438
0 0.846875 0.814063 0.022917 0.034375
0 0.613542 0.885156 0.068750 0.179688
0 0.547917 0.882031 0.066667 0.210938
1 0.460417 0.858594 0.100000 0.095312
0 0.363542 0.810156 0.027083 0.067187
0 0.303125 0.802344 0.027083 0.045312
0 0.263542 0.825000 0.043750 0.078125
0 0.110417 0.846094 0.041667 0.104688
0 0.048958 0.842969 0.043750 0.114062
0 0.013542 0.806250 0.022917 0.071875
1 0.683333 0.783594 0.104167 0.048438
