1 0.094000 0.196000 0.064000 0.024000
1 0.051000 0.181333 0.030000 0.016000
1 0.176000 0.173333 0.024000 0.021333
1 0.270000 0.172000 0.028000 0.013333
1 0.352000 0.168000 0.024000 0.016000
1 0.449000 0.160000 0.030000 0.016000
1 0.496000 0.150667 0.024000 0.013333
1 0.550000 0.149333 0.016000 0.010667
1 0.669000 0.134667 0.014000 0.018667
1 0.627000 0.134667 0.030000 0.013333
1 0.706000 0.130667 0.012000 0.021333
1 0.750000 0.132000 0.024000 0.018667
1 0.822000 0.125333 0.020000 0.026667
1 0.849000 0.128000 0.030000 0.016000
