0 0.977344 0.538642 0.045312 0.426230
0 0.891406 0.525761 0.057813 0.381733
0 0.928125 0.377049 0.034375 0.065574
0 0.825781 0.422717 0.039062 0.133489
0 0.789844 0.540984 0.064062 0.374707
0 0.684375 0.406323 0.021875 0.039813
0 0.703906 0.533958 0.039062 0.351288
0 0.738281 0.411007 0.026562 0.077283
2 0.904687 0.284543 0.012500 0.058548
0 0.613281 0.436768 0.039062 0.194379
0 0.546875 0.454333 0.046875 0.126464
0 0.561719 0.348946 0.032813 0.060890
0 0.473438 0.414520 0.031250 0.117096
0 0.443750 0.412178 0.034375 0.098361
0 0.369531 0.382904 0.029687 0.053864
0 0.311719 0.405152 0.020313 0.042155
0 0.132812 0.416862 0.025000 0.070258
0 0.110156 0.409836 0.014063 0.074941
0 0.078906 0.430913 0.020313 0.088993
0 0.053906 0.440281 0.029687 0.088993
0 0.017969 0.411007 0.017188 0.044496
0 0.033594 0.415691 0.017188 0.039813
1 0.358594 0.665105 0.617188 0.449649
