0 0.075 0.4895209580838324 0.15 0.3083832335329342
0 0.498 0.40119760479041916 0.028 0.04191616766467066
0 0.45 0.4176646706586827 0.02 0.03293413173652695
0 0.468 0.40119760479041916 0.02 0.029940119760479042
0 0.557 0.405688622754491 0.03 0.03293413173652695
0 0.773 0.42814371257485034 0.022 0.04191616766467066
0 0.845 0.4565868263473054 0.026000000000000002 0.0688622754491018
0 0.873 0.405688622754491 0.042 0.056886227544910184
0 0.907 0.407185628742515 0.018000000000000002 0.05389221556886228
0 0.9460000000000001 0.4101796407185629 0.016 0.029940119760479042
0 0.988 0.4251497005988024 0.016 0.05389221556886228
