0 0.701562 0.621875 0.087500 0.202083
0 0.810937 0.527083 0.028125 0.037500
0 0.824219 0.614583 0.064062 0.266667
1 0.575781 0.572917 0.045312 0.066667
1 0.610938 0.561458 0.028125 0.060417
1 0.639062 0.561458 0.025000 0.047917
1 0.658594 0.542708 0.020313 0.035417
1 0.514062 0.563542 0.081250 0.114583
1 0.444531 0.589583 0.076563 0.104167
1 0.261719 0.576042 0.235937 0.160417
1 0.415625 0.508333 0.134375 0.079167
0 0.254688 0.640625 0.090625 0.272917
1 0.079687 0.575000 0.090625 0.066667
1 0.067969 0.688542 0.126562 0.227083
