0 0.119531 0.666667 0.154688 0.643192
0 0.210938 0.590376 0.096875 0.584507
0 0.227344 0.356808 0.020313 0.084507
0 0.265625 0.396714 0.025000 0.145540
0 0.300000 0.450704 0.037500 0.201878
0 0.356250 0.521127 0.056250 0.286385
0 0.326562 0.392019 0.018750 0.079812
0 0.398438 0.386150 0.037500 0.124413
0 0.429688 0.350939 0.021875 0.053991
0 0.450781 0.374413 0.032813 0.053991
0 0.512500 0.596244 0.215625 0.774648
0 0.571875 0.401408 0.040625 0.056338
0 0.597656 0.333333 0.026562 0.037559
0 0.614844 0.395540 0.039062 0.110329
0 0.673438 0.496479 0.053125 0.260563
0 0.696094 0.407277 0.032813 0.110329
0 0.797656 0.603286 0.198437 0.793427
0 0.918750 0.501174 0.056250 0.340376
