2 0.351562 0.144366 0.025000 0.091549
0 0.239844 0.501174 0.023438 0.110329
0 0.258594 0.491784 0.017188 0.077465
0 0.271094 0.536385 0.035937 0.157277
0 0.123438 0.532864 0.021875 0.098592
0 0.060937 0.495305 0.028125 0.112676
0 0.029687 0.490610 0.021875 0.103286
0 0.155469 0.501174 0.020313 0.119718
0 0.174219 0.519953 0.020313 0.129108
0 0.339844 0.470657 0.014063 0.035211
0 0.324219 0.465962 0.010937 0.030516
1 0.474219 0.477700 0.214062 0.218310
1 0.720313 0.475352 0.153125 0.223005
1 0.812500 0.538732 0.028125 0.077465
1 0.849219 0.525822 0.032813 0.065728
1 0.880469 0.531690 0.023438 0.035211
1 0.914062 0.507042 0.028125 0.032864
1 0.964063 0.523474 0.021875 0.032864
