0 0.412000 0.641000 0.178667 0.550000
0 0.168000 0.260000 0.101333 0.124000
0 0.044000 0.225000 0.061333 0.054000
0 0.045333 0.287000 0.085333 0.074000
0 0.154667 0.176000 0.064000 0.060000
0 0.041333 0.095000 0.056000 0.098000
0 0.137333 0.066000 0.072000 0.104000
0 0.613333 0.119000 0.058667 0.046000
0 0.628000 0.168000 0.066667 0.052000
0 0.641333 0.237000 0.077333 0.070000
0 0.684000 0.307000 0.104000 0.070000
0 0.788000 0.295000 0.066667 0.074000
0 0.786667 0.224000 0.053333 0.052000
0 0.889333 0.241000 0.077333 0.114000
0 0.964000 0.209000 0.072000 0.102000
0 0.845333 0.142000 0.069333 0.104000
0 0.973333 0.126000 0.053333 0.064000
0 0.953333 0.070000 0.061333 0.052000
0 0.928000 0.030000 0.080000 0.040000
0 0.836000 0.064000 0.061333 0.044000
0 0.740000 0.075000 0.072000 0.070000
0 0.645333 0.073000 0.080000 0.046000
0 0.606667 0.040000 0.077333 0.068000
0 0.818667 0.020000 0.069333 0.032000
