2 0.685156 0.439506 0.035937 0.093827
2 0.714063 0.455556 0.021875 0.056790
1 0.637500 0.777778 0.128125 0.266667
0 0.733594 0.777778 0.073438 0.350617
0 0.817969 0.685185 0.051562 0.229630
1 0.532813 0.734568 0.053125 0.214815
1 0.479687 0.719753 0.053125 0.195062
1 0.537500 0.597531 0.118750 0.044444
1 0.432031 0.697531 0.060937 0.190123
1 0.275000 0.656790 0.271875 0.508642
1 0.116406 0.704938 0.051562 0.155556
1 0.089063 0.703704 0.037500 0.177778
2 0.028125 0.416049 0.028125 0.116049
2 0.102344 0.450617 0.020313 0.056790
2 0.467187 0.313580 0.018750 0.049383
2 0.442969 0.311111 0.020313 0.054321
2 0.418750 0.308642 0.028125 0.054321
