1 0.172917 0.770312 0.050000 0.015625
1 0.112500 0.766406 0.037500 0.007812
1 0.301042 0.678906 0.027083 0.014063
1 0.354167 0.660156 0.025000 0.017188
1 0.303125 0.657813 0.022917 0.015625
1 0.273958 0.648438 0.022917 0.018750
1 0.272917 0.660156 0.020833 0.023438
1 0.231250 0.675000 0.016667 0.018750
1 0.218750 0.693750 0.033333 0.018750
1 0.194792 0.695312 0.027083 0.018750
1 0.169792 0.699219 0.035417 0.014063
1 0.125000 0.682031 0.025000 0.023438
1 0.081250 0.699219 0.020833 0.017188
1 0.190625 0.664844 0.022917 0.017188
1 0.165625 0.667188 0.027083 0.021875
1 0.119792 0.650000 0.018750 0.015625
1 0.098958 0.655469 0.027083 0.017188
1 0.079167 0.675781 0.025000 0.020313
