2 0.271772 0.157000 0.117117 0.170000
2 0.198198 0.187000 0.096096 0.142000
2 0.157658 0.214000 0.105105 0.152000
0 0.235736 0.770000 0.057057 0.076000
1 0.403904 0.760000 0.135135 0.048000
1 0.551051 0.747000 0.075075 0.030000
1 0.650150 0.753000 0.105105 0.042000
1 0.780781 0.735000 0.066066 0.038000
1 0.726727 0.741000 0.030030 0.018000
1 0.879880 0.743000 0.048048 0.030000
1 0.965465 0.731000 0.069069 0.038000
1 0.201201 0.747000 0.126126 0.038000
1 0.093093 0.746000 0.108108 0.040000
1 0.045045 0.757000 0.072072 0.050000
0 0.235736 0.779000 0.057057 0.058000
