2 0.882031 0.341121 0.029687 0.098131
2 0.921094 0.355140 0.035937 0.116822
0 0.967187 0.816589 0.028125 0.184579
0 0.867969 0.817757 0.032813 0.182243
0 0.813281 0.822430 0.042188 0.196262
0 0.764844 0.806075 0.023438 0.158879
0 0.707031 0.822430 0.017188 0.168224
0 0.733594 0.823598 0.029687 0.179907
0 0.656250 0.817757 0.025000 0.182243
0 0.685156 0.776869 0.014063 0.095794
1 0.891406 0.719626 0.217188 0.242991
0 0.603125 0.779206 0.021875 0.114486
1 0.626563 0.772196 0.065625 0.077103
0 0.563281 0.808411 0.032813 0.158879
0 0.514844 0.815421 0.039062 0.172897
0 0.540625 0.816589 0.025000 0.161215
0 0.424219 0.807243 0.039062 0.179907
1 0.482812 0.746495 0.028125 0.039720
1 0.398438 0.785047 0.209375 0.140187
0 0.284375 0.792056 0.040625 0.182243
0 0.251563 0.816589 0.034375 0.221963
0 0.210938 0.818925 0.040625 0.175234
0 0.181250 0.779206 0.025000 0.105140
0 0.116406 0.799065 0.026562 0.102804
0 0.045312 0.788551 0.028125 0.114486
0 0.022656 0.782710 0.026562 0.121495
2 0.042969 0.448598 0.020313 0.070093
2 0.064062 0.449766 0.018750 0.077103
2 0.489844 0.588785 0.007812 0.028037
2 0.402344 0.636682 0.007812 0.021028
2 0.350781 0.606308 0.010937 0.030374
2 0.483594 0.646028 0.010937 0.021028
1 0.364844 0.697430 0.020313 0.035047
1 0.432812 0.691589 0.018750 0.018692
