0 0.075000 0.426205 0.038000 0.099398
1 0.083000 0.447289 0.162000 0.129518
0 0.297000 0.442771 0.034000 0.114458
0 0.314000 0.400602 0.024000 0.048193
0 0.404000 0.444277 0.040000 0.141566
0 0.439000 0.450301 0.046000 0.135542
0 0.461000 0.397590 0.026000 0.078313
0 0.507000 0.421687 0.042000 0.114458
0 0.559000 0.433735 0.050000 0.144578
0 0.611000 0.495482 0.054000 0.225904
0 0.652000 0.409639 0.032000 0.096386
0 0.689000 0.540663 0.054000 0.183735
0 0.840000 0.414157 0.040000 0.117470
0 0.804000 0.448795 0.020000 0.090361
1 0.761000 0.442771 0.058000 0.108434
0 0.926000 0.420181 0.020000 0.069277
0 0.910000 0.450301 0.020000 0.099398
