0 0.220312 0.564286 0.075000 0.228571
0 0.328125 0.565476 0.075000 0.469048
0 0.469531 0.561905 0.064062 0.419048
0 0.542969 0.404762 0.029687 0.100000
0 0.560156 0.604762 0.064062 0.423810
0 0.630469 0.586905 0.073438 0.345238
0 0.653125 0.411905 0.028125 0.085714
0 0.703125 0.469048 0.018750 0.100000
0 0.745313 0.614286 0.071875 0.390476
0 0.795312 0.534524 0.037500 0.273810
0 0.843750 0.573810 0.071875 0.461905
1 0.980469 0.469048 0.039062 0.061905
1 0.947656 0.455952 0.029687 0.059524
1 0.916406 0.461905 0.026562 0.042857
2 0.307031 0.133333 0.076563 0.109524
2 0.521875 0.126190 0.056250 0.128571
