0 0.029687500000000002 0.7479166666666667 0.053125000000000006 0.07916666666666666
0 0.15546875000000002 0.76875 0.1765625 0.1
0 0.1546875 0.6864583333333333 0.109375 0.03125
0 0.32109375 0.7239583333333334 0.15781250000000002 0.11041666666666666
0 0.4296875 0.728125 0.065625 0.08541666666666667
0 0.47578125000000004 0.703125 0.035937500000000004 0.04791666666666666
0 0.5085937500000001 0.6947916666666667 0.045312500000000006 0.04791666666666666
0 0.54921875 0.6875 0.0234375 0.0375
0 0.5734375 0.6875 0.015625 0.041666666666666664
0 0.5945312500000001 0.6854166666666667 0.0203125 0.0375
0 0.6328125 0.6864583333333333 0.028125 0.01875
0 0.7203125 0.68125 0.03125 0.03333333333333333
0 0.7640625000000001 0.6791666666666667 0.028125 0.03333333333333333
0 0.8265625000000001 0.7395833333333334 0.078125 0.1
0 0.86640625 0.6708333333333333 0.06406250000000001 0.041666666666666664
