1 0.332031 0.773611 0.229687 0.075000
0 0.593750 0.781944 0.009375 0.052778
0 0.583594 0.788889 0.010937 0.050000
2 0.532031 0.720833 0.007812 0.041667
2 0.543750 0.720833 0.009375 0.041667
1 0.618750 0.786111 0.037500 0.038889
1 0.951562 0.772222 0.050000 0.055556
1 0.093750 0.791667 0.015625 0.027778
1 0.144531 0.776389 0.014063 0.019444
1 0.060937 0.801389 0.025000 0.036111
1 0.035156 0.801389 0.020313 0.030556
1 0.010937 0.802778 0.018750 0.033333
1 0.076563 0.770833 0.012500 0.019444
2 0.555469 0.727778 0.010937 0.027778
