0 0.164062 0.248315 0.015625 0.105618
0 0.183594 0.239326 0.023438 0.092135
0 0.217969 0.235955 0.026562 0.094382
0 0.278125 0.243820 0.018750 0.083146
0 0.257031 0.608989 0.145313 0.746067
0 0.478125 0.738202 0.200000 0.519101
0 0.457813 0.238202 0.021875 0.148315
0 0.489844 0.250562 0.032813 0.146067
0 0.600000 0.255056 0.037500 0.137079
0 0.569531 0.241573 0.014063 0.042697
0 0.942969 0.291011 0.057813 0.208989
0 0.939063 0.159551 0.009375 0.026966
0 0.871094 0.158427 0.010937 0.038202
0 0.148438 0.166292 0.006250 0.022472
0 0.067187 0.156180 0.012500 0.020225
0 0.038281 0.130337 0.010937 0.031461
0 0.104688 0.103371 0.009375 0.026966
0 0.112500 0.131461 0.009375 0.029213
0 0.250000 0.165169 0.015625 0.024719
0 0.289844 0.130337 0.010937 0.017978
0 0.294531 0.166292 0.014063 0.035955
0 0.403125 0.142697 0.012500 0.038202
