2 0.543841 0.510938 0.048017 0.081250
2 0.287056 0.478906 0.068894 0.067187
1 0.237996 0.829688 0.463466 0.265625
1 0.498956 0.896094 0.033403 0.067187
1 0.531315 0.835938 0.068894 0.043750
1 0.580376 0.837500 0.020877 0.031250
1 0.604384 0.835156 0.018789 0.023438
1 0.633612 0.835156 0.027140 0.017188
1 0.657620 0.829688 0.025052 0.015625
1 0.749478 0.846094 0.062630 0.045312
1 0.752610 0.814063 0.031315 0.018750
1 0.781837 0.812500 0.022965 0.015625
1 0.804802 0.810937 0.022965 0.018750
1 0.839248 0.810156 0.020877 0.017188
1 0.839248 0.876563 0.087683 0.050000
1 0.866388 0.839063 0.054280 0.021875
1 0.897704 0.819531 0.075157 0.020313
