2 0.526000 0.494667 0.016000 0.050667
2 0.608000 0.496000 0.016000 0.048000
2 0.741000 0.496000 0.014000 0.042667
2 0.872000 0.602667 0.032000 0.042667
1 0.540000 0.682667 0.032000 0.048000
1 0.593000 0.668000 0.022000 0.029333
1 0.688000 0.669333 0.032000 0.042667
1 0.658000 0.713333 0.216000 0.098667
2 0.639000 0.616000 0.010000 0.021333
2 0.608000 0.610667 0.008000 0.021333
2 0.423000 0.552000 0.018000 0.048000
2 0.431000 0.592000 0.022000 0.042667
2 0.401000 0.596000 0.018000 0.045333
2 0.164000 0.440000 0.032000 0.074667
2 0.062000 0.369333 0.032000 0.082667
1 0.079000 0.657333 0.150000 0.184000
1 0.192000 0.673333 0.048000 0.045333
0 0.226000 0.672000 0.008000 0.037333
2 0.309000 0.589333 0.006000 0.021333
2 0.270000 0.589333 0.012000 0.026667
