2 0.214000 0.593472 0.032000 0.112760
2 0.067000 0.608309 0.026000 0.112760
2 0.030000 0.627596 0.036000 0.121662
1 0.387000 0.593472 0.054000 0.077151
2 0.443000 0.575668 0.026000 0.094955
1 0.400000 0.538576 0.056000 0.062315
1 0.422000 0.485163 0.048000 0.044510
1 0.443000 0.471810 0.034000 0.053412
1 0.441000 0.437685 0.050000 0.056380
2 0.370000 0.421365 0.020000 0.065282
2 0.501000 0.413947 0.018000 0.068249
2 0.629000 0.424332 0.018000 0.065282
2 0.661000 0.586053 0.030000 0.103858
2 0.862000 0.583086 0.024000 0.115727
2 0.746000 0.421365 0.016000 0.065282
2 0.805000 0.262611 0.014000 0.044510
2 0.784000 0.290801 0.016000 0.041543
2 0.767000 0.292285 0.014000 0.038576
2 0.683000 0.277448 0.014000 0.050445
2 0.666000 0.271513 0.016000 0.038576
1 0.722000 0.621662 0.076000 0.169139
1 0.509000 0.545994 0.058000 0.059347
1 0.510000 0.483680 0.072000 0.089021
1 0.526000 0.427300 0.040000 0.053412
1 0.587000 0.408012 0.034000 0.026706
1 0.593000 0.440653 0.046000 0.050445
1 0.599000 0.477745 0.050000 0.035608
1 0.613000 0.559347 0.050000 0.068249
1 0.680000 0.495549 0.044000 0.065282
2 0.866000 0.456973 0.028000 0.065282
2 0.603000 0.272997 0.014000 0.047478
2 0.520000 0.278932 0.012000 0.047478
2 0.500000 0.259644 0.012000 0.038576
2 0.435000 0.281899 0.014000 0.053412
1 0.486000 0.304154 0.052000 0.038576
1 0.585000 0.293769 0.038000 0.071217
1 0.544000 0.270030 0.024000 0.035608
