0 0.502347 0.306250 0.192488 0.171875
0 0.711268 0.356250 0.084507 0.150000
0 0.840376 0.326562 0.093897 0.243750
0 0.910798 0.237500 0.032864 0.043750
0 0.943662 0.338281 0.042254 0.176563
0 0.977700 0.311719 0.044601 0.214062
0 0.746479 0.243750 0.046948 0.043750
0 0.666667 0.278906 0.056338 0.120313
0 0.585681 0.228125 0.049296 0.075000
2 0.887324 0.067969 0.065728 0.110937
2 0.821596 0.076563 0.070423 0.125000
2 0.735915 0.075000 0.082160 0.137500
0 0.388498 0.243750 0.063380 0.103125
0 0.309859 0.250781 0.065728 0.104688
0 0.244131 0.214062 0.056338 0.062500
0 0.192488 0.348438 0.107981 0.300000
0 0.079812 0.278906 0.079812 0.120313
0 0.042254 0.356250 0.079812 0.318750
2 0.099765 0.050000 0.086854 0.093750
2 0.226526 0.053125 0.082160 0.096875
