1 0.085938 0.242317 0.090625 0.087470
1 0.017188 0.271868 0.025000 0.089835
0 0.285156 0.498818 0.135937 0.619385
0 0.568750 0.529551 0.209375 0.912530
0 0.814063 0.537825 0.056250 0.229314
0 0.913281 0.490544 0.092188 0.385343
0 0.858594 0.296690 0.032813 0.115839
0 0.824219 0.291962 0.026562 0.120567
2 0.792969 0.042553 0.014063 0.047281
2 0.799219 0.107565 0.032813 0.026005
0 0.936719 0.255319 0.017188 0.089835
2 0.762500 0.151300 0.006250 0.028369
2 0.215625 0.108747 0.012500 0.033097
2 0.205469 0.114657 0.017188 0.068558
2 0.171875 0.022459 0.025000 0.040189
2 0.195312 0.022459 0.015625 0.035461
1 0.088281 0.238771 0.079687 0.085106
