1 0.275000 0.344444 0.037500 0.033333
1 0.212500 0.352778 0.034375 0.033333
1 0.082031 0.355556 0.035937 0.044444
1 0.309375 0.344444 0.025000 0.038889
1 0.366406 0.343056 0.032813 0.025000
1 0.510156 0.454167 0.270313 0.369444
1 0.587500 0.344444 0.059375 0.055556
1 0.639844 0.333333 0.035937 0.055556
1 0.675000 0.333333 0.034375 0.044444
1 0.708594 0.327778 0.035937 0.050000
1 0.748437 0.330556 0.050000 0.061111
1 0.821094 0.318056 0.045312 0.052778
1 0.864062 0.318056 0.025000 0.047222
1 0.942969 0.309722 0.098437 0.052778
