0 0.047656 0.081794 0.035937 0.084433
0 0.103906 0.027704 0.026562 0.050132
0 0.137500 0.067282 0.056250 0.108179
0 0.209375 0.069921 0.046875 0.097625
0 0.282813 0.058047 0.050000 0.110818
0 0.335938 0.056728 0.059375 0.108179
0 0.393750 0.102902 0.028125 0.042216
0 0.428125 0.062005 0.046875 0.087071
0 0.477344 0.062005 0.070312 0.118734
0 0.760938 0.067282 0.065625 0.118734
0 0.846875 0.059367 0.050000 0.113456
0 0.916406 0.055409 0.054688 0.100264
0 0.921094 0.538259 0.154688 0.828496
0 0.706250 0.617414 0.196875 0.654354
0 0.650781 0.536939 0.060937 0.255937
0 0.520312 0.592348 0.100000 0.292876
0 0.410156 0.565963 0.079687 0.234828
0 0.301563 0.538259 0.381250 0.807388
