0 0.896875 0.844340 0.015625 0.070755
0 0.913281 0.847877 0.020313 0.073113
1 0.603125 0.755896 0.037500 0.035377
1 0.664062 0.755896 0.043750 0.035377
1 0.709375 0.761792 0.037500 0.028302
1 0.776563 0.757075 0.059375 0.028302
0 0.535156 0.897406 0.023438 0.058962
0 0.512500 0.903302 0.015625 0.033019
0 0.451562 0.916274 0.012500 0.077830
0 0.434375 0.860849 0.015625 0.033019
0 0.427344 0.916274 0.023438 0.068396
0 0.294531 0.880896 0.020313 0.073113
0 0.236719 0.880896 0.017188 0.073113
0 0.226562 0.832547 0.018750 0.033019
0 0.206250 0.832547 0.018750 0.033019
0 0.185938 0.837264 0.021875 0.028302
0 0.097656 0.892689 0.035937 0.087264
0 0.054688 0.870283 0.021875 0.080189
0 0.187500 0.728774 0.018750 0.037736
0 0.207813 0.726415 0.018750 0.061321
0 0.306250 0.757075 0.015625 0.047170
0 0.326562 0.757075 0.015625 0.051887
0 0.371094 0.759434 0.010937 0.047170
0 0.385156 0.766509 0.014063 0.042453
0 0.121875 0.704009 0.015625 0.049528
