0 0.650000 0.708589 0.159375 0.231084
0 0.337500 0.375256 0.078125 0.165644
0 0.255469 0.345603 0.064062 0.261759
0 0.315625 0.281186 0.059375 0.083845
0 0.434375 0.108384 0.037500 0.065440
0 0.374219 0.115542 0.035937 0.038855
0 0.205469 0.082822 0.048438 0.071575
0 0.141406 0.082822 0.042188 0.075665
0 0.064062 0.117587 0.053125 0.075665
0 0.038281 0.051125 0.029687 0.065440
0 0.096094 0.053170 0.039062 0.065440
0 0.180469 0.029652 0.035937 0.042945
0 0.632031 0.119632 0.032813 0.051125
0 0.696875 0.116564 0.043750 0.057260
0 0.773438 0.056237 0.043750 0.063395
0 0.717969 0.073620 0.048438 0.049080
0 0.660937 0.047035 0.037500 0.077710
0 0.898438 0.101227 0.034375 0.079755
0 0.948438 0.048057 0.034375 0.042945
0 0.960938 0.093047 0.040625 0.071575
