2 0.525000 0.131667 0.031250 0.096667
2 0.570312 0.138333 0.031250 0.030000
2 0.655469 0.198333 0.085938 0.123333
2 0.783594 0.185000 0.026562 0.050000
2 0.860156 0.180000 0.070312 0.080000
0 0.795312 0.498333 0.125000 0.583333
0 0.878125 0.405000 0.031250 0.136667
0 0.993750 0.370000 0.012500 0.106667
0 0.984375 0.366667 0.012500 0.100000
0 0.964063 0.698333 0.071875 0.523333
0 0.627344 0.320000 0.026562 0.086667
0 0.661719 0.548333 0.054688 0.563333
0 0.694531 0.343333 0.023438 0.066667
0 0.709375 0.388333 0.009375 0.103333
0 0.724219 0.425000 0.017188 0.083333
0 0.573438 0.568333 0.065625 0.670000
0 0.507812 0.471667 0.021875 0.303333
0 0.465625 0.431667 0.043750 0.210000
0 0.410156 0.670000 0.073438 0.606667
0 0.386719 0.373333 0.032813 0.146667
0 0.437500 0.290000 0.028125 0.046667
0 0.321875 0.555000 0.075000 0.583333
