0 0.032031 0.731250 0.020313 0.141667
0 0.053906 0.731250 0.029687 0.141667
1 0.011719 0.740625 0.020313 0.118750
1 0.096094 0.711458 0.045312 0.085417
1 0.153906 0.708333 0.032813 0.075000
1 0.221875 0.731250 0.090625 0.108333
0 0.251563 0.727083 0.021875 0.154167
0 0.221094 0.731250 0.020313 0.133333
0 0.292969 0.664583 0.017188 0.041667
1 0.291406 0.705208 0.029687 0.043750
1 0.323437 0.687500 0.031250 0.075000
0 0.356250 0.741667 0.025000 0.129167
0 0.369531 0.662500 0.014063 0.029167
0 0.382812 0.730208 0.012500 0.131250
0 0.398438 0.695833 0.009375 0.058333
0 0.422656 0.738542 0.032813 0.122917
1 0.419531 0.681250 0.070312 0.125000
0 0.505469 0.734375 0.032813 0.143750
1 0.497656 0.734375 0.085938 0.102083
1 0.546094 0.697917 0.026562 0.066667
0 0.592969 0.740625 0.029687 0.156250
2 0.637500 0.494792 0.025000 0.068750
1 0.716406 0.668750 0.023438 0.037500
0 0.738281 0.737500 0.035937 0.162500
0 0.791406 0.738542 0.026562 0.156250
0 0.824219 0.731250 0.017188 0.129167
0 0.845313 0.738542 0.025000 0.135417
0 0.867969 0.689583 0.020313 0.062500
0 0.891406 0.735417 0.039062 0.116667
0 0.928906 0.703125 0.026562 0.064583
0 0.984375 0.746875 0.028125 0.143750
1 0.929688 0.664583 0.084375 0.137500
