1 0.300000 0.924883 0.012500 0.023474
1 0.290625 0.984742 0.012500 0.025822
1 0.263281 0.975352 0.007812 0.021127
1 0.276562 0.974178 0.006250 0.018779
1 0.278125 0.940141 0.006250 0.011737
1 0.267969 0.927230 0.007812 0.014085
1 0.251563 0.960094 0.012500 0.028169
1 0.280469 0.903756 0.004687 0.014085
1 0.261719 0.889671 0.007812 0.018779
1 0.270313 0.888498 0.009375 0.016432
1 0.281250 0.865023 0.006250 0.011737
1 0.264844 0.861502 0.004687 0.009390
1 0.266406 0.838028 0.007812 0.014085
1 0.283594 0.830986 0.007812 0.014085
1 0.297656 0.784038 0.010937 0.023474
1 0.271094 0.796948 0.007812 0.021127
1 0.298438 0.733568 0.006250 0.016432
1 0.301563 0.677230 0.009375 0.011737
1 0.286719 0.676056 0.004687 0.009390
1 0.285156 0.715962 0.007812 0.014085
1 0.398438 0.857981 0.006250 0.016432
1 0.403125 0.875587 0.006250 0.023474
1 0.369531 0.867371 0.014063 0.016432
1 0.373437 0.887324 0.012500 0.018779
1 0.650781 0.845070 0.007812 0.009390
1 0.638281 0.829812 0.007812 0.011737
1 0.625781 0.853286 0.007812 0.011737
1 0.621094 0.832160 0.010937 0.011737
1 0.639844 0.843897 0.004687 0.016432
1 0.681250 0.829812 0.009375 0.011737
1 0.670312 0.835681 0.009375 0.018779
1 0.655469 0.802817 0.010937 0.014085
1 0.670312 0.796948 0.006250 0.016432
1 0.708594 0.822770 0.010937 0.021127
1 0.717187 0.818075 0.009375 0.021127
1 0.727344 0.818075 0.007812 0.016432
1 0.753906 0.811033 0.014063 0.021127
1 0.757031 0.791080 0.010937 0.018779
1 0.778125 0.798122 0.009375 0.014085
1 0.798438 0.793427 0.012500 0.018779
1 0.737500 0.778169 0.009375 0.016432
1 0.764844 0.766432 0.014063 0.016432
1 0.934375 0.741784 0.012500 0.014085
1 0.919531 0.748826 0.010937 0.018779
1 0.898438 0.748826 0.012500 0.023474
1 0.882812 0.760563 0.009375 0.014085
1 0.857812 0.767606 0.012500 0.018779
1 0.871875 0.750000 0.009375 0.011737
1 0.946875 0.720657 0.009375 0.018779
1 0.937500 0.721831 0.012500 0.016432
1 0.892188 0.711268 0.012500 0.014085
1 0.877344 0.719484 0.010937 0.016432
1 0.862500 0.730047 0.009375 0.018779
1 0.849219 0.734742 0.010937 0.018779
1 0.838281 0.740610 0.004687 0.016432
1 0.828906 0.742958 0.007812 0.021127
1 0.818750 0.746479 0.009375 0.018779
1 0.289062 0.612676 0.009375 0.009390
