2 0.775781 0.229698 0.051562 0.213457
2 0.851562 0.187935 0.050000 0.148492
2 0.722656 0.212297 0.042188 0.160093
1 0.904687 0.506961 0.134375 0.113689
0 0.928906 0.424594 0.014063 0.051044
1 0.700781 0.495360 0.085938 0.081206
1 0.614062 0.483759 0.056250 0.067285
1 0.526563 0.476798 0.050000 0.053364
1 0.468750 0.502320 0.059375 0.081206
1 0.394531 0.495360 0.042188 0.071926
1 0.425000 0.435035 0.015625 0.011601
1 0.198437 0.526682 0.134375 0.134571
1 0.267969 0.468677 0.023438 0.023202
1 0.028906 0.473318 0.026562 0.088167
1 0.060937 0.466357 0.034375 0.083527
1 0.095312 0.469838 0.037500 0.053364
1 0.120313 0.433875 0.028125 0.051044
1 0.182031 0.432715 0.070312 0.030162
