2 0.048438 0.363542 0.081250 0.181250
2 0.421875 0.654167 0.015625 0.029167
2 0.406250 0.654167 0.012500 0.025000
2 0.297656 0.650000 0.014063 0.037500
2 0.317188 0.647917 0.015625 0.033333
1 0.314063 0.711458 0.025000 0.027083
1 0.378906 0.702083 0.010937 0.025000
1 0.403906 0.701042 0.014063 0.014583
2 0.439844 0.693750 0.004687 0.016667
1 0.475000 0.717708 0.025000 0.043750
1 0.515625 0.698958 0.037500 0.047917
1 0.528125 0.737500 0.034375 0.029167
1 0.567187 0.715625 0.034375 0.060417
1 0.600781 0.725000 0.020313 0.037500
2 0.639844 0.598958 0.017188 0.052083
2 0.731250 0.669792 0.009375 0.031250
1 0.954688 0.755208 0.081250 0.043750
