0 0.575000 0.902667 0.034000 0.104000
0 0.545000 0.888000 0.018000 0.106667
0 0.236000 0.897333 0.040000 0.125333
0 0.191000 0.872000 0.022000 0.074667
0 0.173000 0.862667 0.022000 0.104000
0 0.147000 0.912000 0.030000 0.138667
0 0.108000 0.922667 0.044000 0.128000
0 0.093000 0.841333 0.034000 0.050667
1 0.041000 0.882667 0.062000 0.080000
0 0.262000 0.846667 0.016000 0.050667
0 0.339000 0.845333 0.010000 0.048000
0 0.370000 0.844000 0.020000 0.045333
0 0.407000 0.848000 0.018000 0.058667
2 0.413000 0.780000 0.014000 0.034667
2 0.330000 0.614667 0.020000 0.045333
2 0.312000 0.618667 0.012000 0.053333
2 0.428000 0.688000 0.020000 0.048000
2 0.448000 0.769333 0.044000 0.024000
0 0.474000 0.852000 0.024000 0.072000
0 0.522000 0.848000 0.016000 0.074667
0 0.612000 0.844000 0.020000 0.072000
0 0.746000 0.881333 0.040000 0.088000
0 0.780000 0.848000 0.024000 0.037333
0 0.801000 0.885333 0.022000 0.042667
0 0.841000 0.853333 0.038000 0.106667
0 0.870000 0.837333 0.028000 0.096000
0 0.895000 0.833333 0.014000 0.093333
0 0.935000 0.846667 0.034000 0.125333
0 0.970000 0.853333 0.024000 0.096000
0 0.989000 0.826667 0.022000 0.064000
2 0.077000 0.732000 0.014000 0.056000
2 0.936000 0.701333 0.052000 0.064000
