0 0.158 0.8907185628742516 0.22 0.20059880239520958
0 0.337 0.8712574850299402 0.094 0.16766467065868265
0 0.41600000000000004 0.8592814371257486 0.068 0.14371257485029942
0 0.47600000000000003 0.812874251497006 0.07200000000000001 0.15269461077844312
0 0.539 0.8203592814371258 0.042 0.15568862275449102
0 0.585 0.8218562874251497 0.054 0.09281437125748504
0 0.621 0.811377245508982 0.022 0.07784431137724551
0 0.636 0.8068862275449102 0.024 0.09880239520958084
0 0.663 0.7964071856287426 0.03 0.09580838323353294
0 0.686 0.7859281437125749 0.024 0.08083832335329341
0 0.709 0.7694610778443114 0.03 0.07784431137724551
0 0.743 0.784431137724551 0.026000000000000002 0.08383233532934133
0 0.76 0.7589820359281437 0.02 0.056886227544910184
0 0.778 0.7589820359281437 0.012 0.038922155688622756
0 0.791 0.7544910179640719 0.01 0.04790419161676647
0 0.8260000000000001 0.752994011976048 0.028 0.03293413173652695
