0 0.239844 0.495833 0.017188 0.075000
0 0.262500 0.501042 0.012500 0.052083
0 0.291406 0.491667 0.017188 0.079167
0 0.310937 0.491667 0.012500 0.066667
0 0.337500 0.510417 0.015625 0.041667
0 0.375781 0.501042 0.017188 0.085417
0 0.432812 0.564583 0.056250 0.241667
0 0.469531 0.496875 0.026562 0.085417
0 0.505469 0.510417 0.023438 0.112500
0 0.532813 0.513542 0.021875 0.106250
0 0.647656 0.576042 0.045312 0.131250
0 0.596094 0.491667 0.020313 0.070833
0 0.614062 0.482292 0.021875 0.081250
0 0.921875 0.532292 0.018750 0.052083
0 0.810156 0.642708 0.367188 0.697917
1 0.956250 0.515625 0.078125 0.052083
0 0.025000 0.476042 0.009375 0.027083
