0 0.821074 0.703906 0.099404 0.123438
0 0.711730 0.767188 0.099404 0.156250
0 0.509940 0.617969 0.069583 0.089063
0 0.626243 0.523438 0.043738 0.087500
0 0.588469 0.517188 0.035785 0.075000
0 0.571571 0.517188 0.021869 0.081250
0 0.531809 0.519531 0.025845 0.076563
0 0.556660 0.517188 0.019881 0.071875
0 0.135189 0.521875 0.031809 0.087500
0 0.478131 0.454688 0.025845 0.043750
0 0.459245 0.450781 0.015905 0.054688
0 0.548708 0.436719 0.031809 0.042188
0 0.371769 0.414062 0.015905 0.021875
0 0.227634 0.428125 0.017893 0.037500
