0 0.042969 0.359477 0.014063 0.056645
0 0.075781 0.348584 0.017188 0.034858
0 0.129688 0.352941 0.015625 0.065359
0 0.092188 0.381264 0.018750 0.052288
1 0.118750 0.376906 0.131250 0.074074
0 0.217969 0.478214 0.042188 0.315904
0 0.258594 0.464052 0.042188 0.278867
0 0.317188 0.470588 0.071875 0.326797
0 0.411719 0.606754 0.142187 0.773420
0 0.502344 0.564270 0.070312 0.148148
0 0.510938 0.444444 0.040625 0.104575
0 0.553125 0.433551 0.046875 0.126362
0 0.609375 0.506536 0.059375 0.307190
0 0.673438 0.444444 0.025000 0.100218
0 0.808594 0.538126 0.095312 0.209150
0 0.928125 0.496732 0.050000 0.222222
1 0.976562 0.409586 0.046875 0.069717
0 0.740625 0.381264 0.012500 0.034858
0 0.693750 0.387800 0.009375 0.034858
