0 0.187500 0.581250 0.037500 0.095833
0 0.115625 0.610417 0.018750 0.058333
0 0.080469 0.603125 0.029687 0.089583
0 0.763281 0.941667 0.048438 0.104167
0 0.925000 0.583333 0.081250 0.108333
0 0.264062 0.426042 0.018750 0.072917
0 0.243750 0.430208 0.025000 0.077083
0 0.210938 0.440625 0.018750 0.081250
0 0.176563 0.455208 0.021875 0.039583
0 0.156250 0.439583 0.015625 0.070833
0 0.116406 0.454167 0.026562 0.058333
0 0.432031 0.397917 0.020313 0.045833
0 0.462500 0.386458 0.015625 0.047917
0 0.482031 0.389583 0.010937 0.033333
0 0.503125 0.384375 0.012500 0.052083
0 0.957031 0.345833 0.014063 0.020833
0 0.604688 0.395833 0.012500 0.025000
0 0.621875 0.393750 0.012500 0.025000
0 0.038281 0.369792 0.014063 0.018750
0 0.039062 0.397917 0.018750 0.025000
0 0.054688 0.376042 0.012500 0.018750
0 0.060156 0.360417 0.010937 0.016667
0 0.098437 0.373958 0.009375 0.014583
0 0.095312 0.333333 0.009375 0.016667
0 0.111719 0.335417 0.007812 0.020833
0 0.092969 0.306250 0.007812 0.016667
0 0.051562 0.311458 0.018750 0.027083
0 0.051562 0.330208 0.012500 0.022917
0 0.016406 0.268750 0.014063 0.033333
0 0.007031 0.301042 0.010937 0.022917
0 0.007031 0.383333 0.007812 0.029167
0 0.021094 0.394792 0.014063 0.014583
0 0.192188 0.368750 0.009375 0.025000
0 0.187500 0.328125 0.012500 0.014583
0 0.176563 0.260417 0.012500 0.020833
0 0.162500 0.257292 0.012500 0.022917
0 0.142969 0.209375 0.010937 0.014583
0 0.147656 0.229167 0.017188 0.025000
0 0.096094 0.192708 0.014063 0.031250
0 0.073438 0.195833 0.015625 0.025000
0 0.059375 0.201042 0.012500 0.022917
0 0.174219 0.211458 0.007812 0.018750
0 0.193750 0.225000 0.012500 0.025000
0 0.223438 0.209375 0.009375 0.014583
0 0.303125 0.356250 0.009375 0.029167
0 0.319531 0.354167 0.014063 0.020833
0 0.321875 0.245833 0.012500 0.020833
0 0.439063 0.231250 0.012500 0.025000
0 0.442188 0.269792 0.009375 0.022917
0 0.458594 0.328125 0.010937 0.022917
0 0.328125 0.139583 0.012500 0.020833
0 0.299219 0.273958 0.010937 0.018750
0 0.299219 0.293750 0.010937 0.025000
0 0.257031 0.340625 0.010937 0.014583
0 0.270313 0.355208 0.012500 0.014583
0 0.110937 0.135417 0.009375 0.020833
0 0.121875 0.136458 0.009375 0.022917
0 0.046094 0.142708 0.014063 0.022917
0 0.067969 0.135417 0.014063 0.025000
0 0.255469 0.158333 0.010937 0.020833
0 0.266406 0.271875 0.014063 0.018750
0 0.289844 0.220833 0.010937 0.016667
0 0.299219 0.241667 0.017188 0.020833
0 0.319531 0.201042 0.010937 0.022917
0 0.338281 0.207292 0.017188 0.022917
0 0.461719 0.194792 0.004687 0.014583
0 0.472656 0.188542 0.004687 0.014583
0 0.464062 0.266667 0.006250 0.020833
0 0.485938 0.275000 0.006250 0.020833
0 0.528906 0.277083 0.017188 0.020833
0 0.565625 0.284375 0.012500 0.027083
0 0.525000 0.158333 0.012500 0.020833
0 0.489844 0.134375 0.007812 0.018750
0 0.479687 0.145833 0.012500 0.029167
0 0.510938 0.123958 0.006250 0.014583
0 0.571094 0.150000 0.014063 0.025000
0 0.587500 0.136458 0.012500 0.022917
0 0.568750 0.120833 0.012500 0.029167
0 0.582031 0.197917 0.014063 0.020833
0 0.593750 0.230208 0.012500 0.022917
0 0.593750 0.300000 0.012500 0.025000
0 0.648438 0.304167 0.015625 0.029167
0 0.672656 0.294792 0.014063 0.031250
0 0.700781 0.295833 0.010937 0.025000
0 0.664062 0.158333 0.012500 0.025000
0 0.685156 0.170833 0.010937 0.029167
0 0.686719 0.210417 0.014063 0.041667
0 0.732031 0.095833 0.014063 0.029167
0 0.758594 0.100000 0.014063 0.029167
0 0.787500 0.111458 0.012500 0.027083
0 0.809375 0.102083 0.009375 0.020833
0 0.828125 0.106250 0.012500 0.020833
0 0.759375 0.155208 0.009375 0.018750
0 0.768750 0.166667 0.009375 0.029167
0 0.800781 0.241667 0.014063 0.020833
0 0.805469 0.176042 0.014063 0.022917
0 0.853906 0.178125 0.014063 0.022917
0 0.875781 0.165625 0.010937 0.014583
0 0.889844 0.164583 0.007812 0.020833
0 0.903906 0.163542 0.010937 0.022917
0 0.857812 0.252083 0.015625 0.012500
0 0.832812 0.266667 0.012500 0.016667
0 0.846875 0.277083 0.012500 0.016667
0 0.860156 0.297917 0.020313 0.029167
0 0.888281 0.303125 0.014063 0.027083
0 0.941406 0.296875 0.017188 0.027083
0 0.948438 0.275000 0.012500 0.025000
0 0.923438 0.226042 0.009375 0.018750
0 0.988281 0.182292 0.014063 0.027083
0 0.925000 0.188542 0.009375 0.022917
0 0.863281 0.092708 0.007812 0.022917
