2 0.448000 0.307229 0.012000 0.024096
2 0.478000 0.295181 0.008000 0.024096
2 0.535000 0.286145 0.006000 0.024096
1 0.243000 0.888554 0.206000 0.222892
1 0.322000 0.718373 0.060000 0.111446
1 0.201000 0.650602 0.094000 0.102410
1 0.313000 0.581325 0.054000 0.072289
1 0.371000 0.635542 0.070000 0.090361
1 0.439000 0.566265 0.050000 0.066265
1 0.439000 0.515060 0.042000 0.042169
1 0.383000 0.527108 0.054000 0.066265
1 0.314000 0.504518 0.048000 0.063253
1 0.346000 0.459337 0.044000 0.045181
1 0.368000 0.442771 0.024000 0.024096
1 0.392000 0.466867 0.032000 0.030120
1 0.431000 0.453313 0.042000 0.069277
1 0.466000 0.438253 0.036000 0.063253
1 0.458000 0.393072 0.044000 0.033133
1 0.501000 0.387048 0.038000 0.027108
1 0.395000 0.388554 0.058000 0.030120
1 0.308000 0.390060 0.044000 0.021084
1 0.250000 0.390060 0.048000 0.033133
0 0.238000 0.400602 0.012000 0.036145
0 0.498000 0.762048 0.020000 0.072289
1 0.471000 0.903614 0.102000 0.174699
1 0.685000 0.867470 0.178000 0.265060
1 0.867000 0.918675 0.130000 0.150602
1 0.704000 0.631024 0.116000 0.177711
1 0.515000 0.745482 0.058000 0.105422
0 0.559000 0.775602 0.026000 0.099398
1 0.545000 0.621988 0.086000 0.123494
1 0.576000 0.524096 0.056000 0.090361
1 0.517000 0.519578 0.050000 0.069277
1 0.537000 0.438253 0.054000 0.075301
1 0.570000 0.391566 0.024000 0.036145
1 0.638000 0.515060 0.028000 0.054217
1 0.632000 0.584337 0.032000 0.078313
1 0.689000 0.518072 0.038000 0.036145
1 0.708000 0.496988 0.028000 0.042169
1 0.656000 0.474398 0.032000 0.045181
1 0.678000 0.457831 0.028000 0.036145
1 0.718000 0.465361 0.036000 0.045181
0 0.779000 0.525602 0.022000 0.063253
0 0.797000 0.593373 0.026000 0.090361
0 0.885000 0.573795 0.022000 0.069277
0 0.782000 0.444277 0.012000 0.051205
0 0.793000 0.441265 0.014000 0.051205
0 0.805000 0.439759 0.014000 0.054217
1 0.770000 0.375000 0.020000 0.027108
1 0.810000 0.384036 0.044000 0.033133
1 0.791000 0.338855 0.086000 0.033133
0 0.717000 0.402108 0.010000 0.027108
0 0.707000 0.394578 0.014000 0.024096
0 0.625000 0.426205 0.014000 0.039157
0 0.648000 0.424699 0.012000 0.036145
0 0.589000 0.414157 0.014000 0.027108
0 0.605000 0.426205 0.010000 0.027108
1 0.642000 0.376506 0.088000 0.036145
2 0.591000 0.338855 0.014000 0.021084
1 0.530000 0.329819 0.012000 0.021084
1 0.391000 0.337349 0.018000 0.018072
0 0.127000 0.539157 0.014000 0.030120
0 0.112000 0.552711 0.012000 0.027108
