2 0.527083 0.417969 0.216667 0.320312
2 0.896875 0.527344 0.147917 0.095312
2 0.317708 0.445312 0.218750 0.262500
2 0.136458 0.729688 0.043750 0.071875
0 0.012500 0.857031 0.020833 0.107813
0 0.183333 0.817969 0.037500 0.048438
0 0.221875 0.801562 0.031250 0.031250
0 0.293750 0.815625 0.041667 0.031250
0 0.268750 0.809375 0.029167 0.034375
1 0.231250 0.748437 0.054167 0.043750
1 0.310417 0.754687 0.108333 0.034375
1 0.390625 0.781250 0.077083 0.028125
0 0.734375 0.846094 0.122917 0.082812
0 0.756250 0.769531 0.041667 0.048438
0 0.892708 0.753125 0.043750 0.025000
2 0.688542 0.703906 0.068750 0.073438
1 0.872917 0.725000 0.179167 0.068750
1 0.645833 0.734375 0.050000 0.021875
