1 0.060937 0.622353 0.118750 0.129412
0 0.029687 0.536471 0.015625 0.032941
0 0.046094 0.537647 0.017188 0.030588
2 0.100781 0.414118 0.020313 0.061176
1 0.315625 0.527059 0.396875 0.296471
0 0.534375 0.580000 0.015625 0.091765
0 0.564063 0.568235 0.015625 0.058824
1 0.596875 0.576471 0.037500 0.047059
0 0.603125 0.574118 0.012500 0.051765
1 0.667188 0.596471 0.084375 0.129412
1 0.724219 0.572941 0.029687 0.068235
0 0.747656 0.583529 0.017188 0.112941
0 0.769531 0.598824 0.020313 0.101176
0 0.788281 0.562353 0.010937 0.042353
2 0.727344 0.500000 0.010937 0.025882
2 0.842187 0.350588 0.018750 0.061176
0 0.939063 0.641176 0.034375 0.204706
0 0.891406 0.636471 0.026562 0.214118
0 0.856250 0.632941 0.021875 0.150588
0 0.833594 0.597647 0.020313 0.089412
