0 0.222656 0.844792 0.104688 0.310417
0 0.116406 0.811458 0.064062 0.210417
0 0.014063 0.726042 0.025000 0.093750
0 0.052344 0.735417 0.035937 0.070833
0 0.065625 0.679167 0.028125 0.050000
0 0.090625 0.696875 0.025000 0.089583
0 0.143750 0.646875 0.025000 0.056250
0 0.122656 0.643750 0.017188 0.075000
0 0.145313 0.635417 0.021875 0.037500
0 0.216406 0.668750 0.023438 0.054167
0 0.246094 0.693750 0.026562 0.087500
0 0.291406 0.707292 0.020313 0.064583
0 0.323437 0.601042 0.025000 0.043750
0 0.296875 0.623958 0.021875 0.072917
0 0.354687 0.678125 0.021875 0.072917
0 0.381250 0.659375 0.018750 0.035417
0 0.415625 0.727083 0.034375 0.150000
0 0.461719 0.733333 0.042188 0.158333
0 0.492188 0.719792 0.031250 0.064583
0 0.529687 0.697917 0.028125 0.095833
0 0.557031 0.685417 0.023438 0.087500
0 0.584375 0.690625 0.025000 0.106250
0 0.621094 0.690625 0.035937 0.147917
0 0.707031 0.770833 0.135937 0.404167
0 0.820312 0.721875 0.034375 0.172917
0 0.862500 0.709375 0.025000 0.147917
0 0.914062 0.712500 0.034375 0.137500
0 0.957812 0.708333 0.053125 0.166667
0 0.521094 0.613542 0.020313 0.043750
0 0.542188 0.616667 0.018750 0.045833
0 0.497656 0.612500 0.020313 0.045833
0 0.472656 0.600000 0.020313 0.029167
0 0.374219 0.597917 0.023438 0.033333
0 0.343750 0.618750 0.012500 0.025000
