1 0.218750 0.550136 0.403125 0.780488
1 0.028906 0.783198 0.054688 0.151762
1 0.425781 0.685637 0.026562 0.102981
0 0.461719 0.754743 0.064062 0.371274
1 0.551562 0.677507 0.128125 0.195122
1 0.680469 0.578591 0.104688 0.121951
1 0.796875 0.616531 0.128125 0.192412
0 0.786719 0.497290 0.023438 0.056911
0 0.882812 0.558266 0.025000 0.108401
0 0.914844 0.537940 0.032813 0.165312
2 0.671094 0.174797 0.026562 0.084011
2 0.632812 0.345528 0.031250 0.100271
2 0.503906 0.132791 0.060937 0.113821
2 0.413281 0.398374 0.035937 0.086721
