0 0.213281 0.614754 0.064062 0.189696
1 0.025000 0.502342 0.040625 0.067916
2 0.138281 0.241218 0.020313 0.056206
2 0.053906 0.038642 0.032813 0.072600
2 0.221094 0.098361 0.064062 0.126464
2 0.228125 0.234192 0.018750 0.060890
2 0.428906 0.186183 0.020313 0.063232
2 0.496094 0.165105 0.026562 0.077283
0 0.336719 0.457845 0.017188 0.035129
0 0.346875 0.450820 0.021875 0.077283
0 0.410938 0.455504 0.015625 0.086651
0 0.424219 0.451991 0.010937 0.079625
0 0.463281 0.439110 0.017188 0.067916
1 0.563281 0.471897 0.185938 0.096019
1 0.864844 0.540984 0.270313 0.201405
1 0.825000 0.358314 0.259375 0.131148
0 0.912500 0.398126 0.012500 0.032787
0 0.969531 0.394614 0.014063 0.044496
0 0.994531 0.398126 0.010937 0.056206
