2 0.469531 0.354651 0.023438 0.093023
1 0.322656 0.659884 0.107813 0.098837
1 0.132812 0.569767 0.256250 0.645349
1 0.477344 0.625000 0.032813 0.063953
1 0.520312 0.649709 0.071875 0.072674
1 0.551562 0.704942 0.090625 0.113372
1 0.647656 0.672965 0.032813 0.078488
0 0.679688 0.745640 0.037500 0.223837
0 0.714844 0.726744 0.020313 0.191860
1 0.739062 0.642442 0.028125 0.058140
1 0.910156 0.707849 0.117188 0.101744
1 0.925781 0.789244 0.148438 0.101744
1 0.953906 0.893895 0.092188 0.154070
1 0.836719 0.683140 0.054688 0.104651
