0 0.135937 0.392034 0.021875 0.075472
0 0.103125 0.387841 0.025000 0.075472
0 0.056250 0.431866 0.028125 0.104822
0 0.372656 0.436059 0.026562 0.071279
0 0.443750 0.439203 0.028125 0.081761
0 0.504687 0.463312 0.037500 0.113208
1 0.649219 0.464361 0.157812 0.253669
1 0.868750 0.489518 0.262500 0.794549
1 0.189062 0.184486 0.081250 0.041929
1 0.249219 0.188679 0.045312 0.037736
1 0.326562 0.190776 0.059375 0.033543
1 0.393750 0.187631 0.062500 0.035639
1 0.458594 0.197065 0.079687 0.037736
1 0.575781 0.193920 0.076563 0.052411
1 0.737500 0.194969 0.056250 0.033543
1 0.667969 0.200210 0.051562 0.027254
