2 0.789844 0.525641 0.010937 0.030769
2 0.695312 0.525641 0.009375 0.041026
1 0.689063 0.880769 0.362500 0.238462
1 0.792969 0.732051 0.129688 0.089744
1 0.811719 0.680769 0.073438 0.038462
1 0.754687 0.648718 0.059375 0.071795
1 0.875781 0.650000 0.032813 0.028205
1 0.907813 0.650000 0.021875 0.028205
1 0.966406 0.650000 0.042188 0.038462
1 0.676562 0.707692 0.112500 0.087179
1 0.562500 0.723077 0.112500 0.092308
1 0.354687 0.853846 0.265625 0.210256
1 0.079687 0.719231 0.153125 0.135897
1 0.162500 0.810256 0.165625 0.179487
1 0.317969 0.714103 0.079687 0.069231
1 0.397656 0.691026 0.035937 0.033333
1 0.459375 0.711538 0.068750 0.069231
1 0.560937 0.678205 0.118750 0.038462
2 0.171094 0.557692 0.017188 0.074359
1 0.203125 0.689744 0.046875 0.035897
1 0.156250 0.675641 0.050000 0.038462
2 0.450781 0.439744 0.020313 0.053846
1 0.341406 0.676923 0.026562 0.015385
