0 0.648438 0.295455 0.106250 0.335227
0 0.307031 0.217330 0.067187 0.213068
0 0.369531 0.086648 0.029687 0.065341
0 0.464844 0.045455 0.020313 0.079545
0 0.488281 0.049716 0.029687 0.093750
0 0.255469 0.228693 0.045312 0.139205
0 0.220312 0.220170 0.025000 0.156250
0 0.166406 0.291193 0.042188 0.116477
0 0.119531 0.299716 0.032813 0.139205
0 0.134375 0.234375 0.028125 0.082386
0 0.085938 0.267045 0.028125 0.039773
0 0.014063 0.335227 0.021875 0.068182
0 0.029687 0.302557 0.021875 0.071023
0 0.049219 0.306818 0.020313 0.073864
0 0.063281 0.301136 0.020313 0.085227
