1 0.106000 0.445333 0.124000 0.112000
1 0.221000 0.425333 0.094000 0.072000
1 0.315000 0.488000 0.158000 0.133333
1 0.425000 0.461333 0.070000 0.122667
1 0.565000 0.418667 0.046000 0.074667
0 0.616000 0.426667 0.020000 0.058667
1 0.607000 0.393333 0.050000 0.093333
0 0.675000 0.412000 0.014000 0.029333
0 0.664000 0.414667 0.012000 0.040000
0 0.718000 0.401333 0.016000 0.034667
0 0.758000 0.401333 0.016000 0.029333
1 0.793000 0.412000 0.022000 0.029333
0 0.822000 0.417333 0.012000 0.034667
1 0.849000 0.418667 0.010000 0.026667
1 0.936000 0.416000 0.096000 0.128000
