0 0.478125 0.8753056234718827 0.15000000000000002 0.1271393643031785
0 0.66953125 0.9352078239608802 0.1296875 0.10024449877750612
0 0.68671875 0.882640586797066 0.1015625 0.044009779951100246
0 0.71875 0.8533007334963325 0.1125 0.0488997555012225
0 0.8140625 0.7347188264058679 0.125 0.21271393643031786
0 0.09453125000000001 0.7603911980440098 0.1546875 0.4400977995110024
0 0.39140625 0.4572127139364303 0.09843750000000001 0.14180929095354522
0 0.47890625000000003 0.41564792176039117 0.0890625 0.18581907090464547
0 0.55390625 0.4119804400977995 0.0546875 0.17359413202933985
0 0.69296875 0.4242053789731051 0.1078125 0.07579462102689487
0 0.69296875 0.3581907090464548 0.045312500000000006 0.061124694376528114
0 0.49609375 0.6528117359413202 0.27968750000000003 0.26894865525672373
0 0.640625 0.6405867970660146 0.065625 0.36185819070904646
0 0.6843750000000001 0.628361858190709 0.040625 0.32273838630806845
0 0.76953125 0.5366748166259169 0.13593750000000002 0.17359413202933985
0 0.8601562500000001 0.5293398533007335 0.0421875 0.17359413202933985
0 0.9 0.45843520782396086 0.065625 0.1784841075794621
0 0.703125 0.41442542787286063 0.09375 0.07579462102689487
0 0.8375 0.30440097799511 0.059375000000000004 0.1100244498777506
0 0.77734375 0.4083129584352078 0.0390625 0.044009779951100246
0 0.80625 0.3801955990220049 0.03125 0.04156479217603912
