0 0.156250 0.517564 0.153125 0.740047
0 0.055469 0.574941 0.064062 0.185012
0 0.227344 0.593677 0.051562 0.161593
0 0.252344 0.531616 0.032813 0.084309
0 0.311719 0.590164 0.048438 0.182670
0 0.361719 0.583138 0.051562 0.168618
0 0.422656 0.590164 0.060937 0.182670
0 0.474219 0.544496 0.045312 0.147541
0 0.537500 0.555035 0.050000 0.163934
0 0.571875 0.508197 0.031250 0.070258
0 0.620313 0.488290 0.015625 0.039813
0 0.637500 0.598361 0.062500 0.222482
0 0.691406 0.542155 0.151562 0.714286
0 0.807813 0.578454 0.053125 0.187354
0 0.903906 0.543326 0.089063 0.318501
0 0.375000 0.437939 0.034375 0.140515
