0 0.77109375 0.6124121779859485 0.2265625 0.23185011709601874
0 0.9234375 0.32084309133489464 0.109375 0.08899297423887588
0 0.9851562500000001 0.373536299765808 0.026562500000000003 0.0585480093676815
0 0.6257812500000001 0.35714285714285715 0.1484375 0.13348946135831383
0 0.7140625 0.28805620608899296 0.125 0.07962529274004684
0 0.6734375 0.20608899297423888 0.05625 0.06557377049180328
0 0.57265625 0.13466042154566746 0.0390625 0.04449648711943794
0 0.59609375 0.09718969555035128 0.0234375 0.03044496487119438
0 0.3140625 0.3992974238875878 0.046875 0.06323185011709602
0 0.38515625000000003 0.3091334894613583 0.1171875 0.07962529274004684
0 0.22031250000000002 0.3009367681498829 0.078125 0.07259953161592506
0 0.1015625 0.17330210772833723 0.046875 0.04215456674473068
0 0.30312500000000003 0.15456674473067916 0.059375000000000004 0.04215456674473068
0 0.3796875 0.15339578454332553 0.043750000000000004 0.04449648711943794
0 0.2515625 0.1288056206088993 0.043750000000000004 0.04215456674473068
