1 0.033594 0.688578 0.060937 0.066810
1 0.100781 0.691810 0.067187 0.043103
1 0.161719 0.684267 0.079687 0.062500
1 0.227344 0.691810 0.067187 0.043103
1 0.324219 0.676724 0.067187 0.043103
1 0.385937 0.690733 0.040625 0.053879
1 0.425000 0.692888 0.053125 0.040948
0 0.453906 0.696121 0.023438 0.064655
0 0.476562 0.689655 0.021875 0.060345
0 0.514062 0.698276 0.018750 0.056034
0 0.587500 0.690733 0.018750 0.053879
1 0.534375 0.675647 0.081250 0.075431
1 0.639844 0.675647 0.070312 0.058190
1 0.701562 0.677802 0.062500 0.053879
1 0.754687 0.683190 0.040625 0.034483
1 0.807031 0.678879 0.051562 0.034483
1 0.871094 0.678879 0.070312 0.038793
0 0.949219 0.677802 0.017188 0.049569
1 0.967187 0.684267 0.065625 0.045259
