1 0.583594 0.455208 0.404687 0.314583
0 0.977344 0.293750 0.020313 0.108333
0 0.950781 0.304167 0.017188 0.104167
0 0.863281 0.279167 0.020313 0.062500
0 0.834375 0.297917 0.025000 0.050000
0 0.774219 0.288542 0.026562 0.068750
0 0.721094 0.306250 0.026562 0.083333
0 0.836719 0.277083 0.017188 0.058333
0 0.905469 0.304167 0.026562 0.104167
0 0.532813 0.284375 0.021875 0.039583
0 0.034375 0.315625 0.021875 0.089583
0 0.078125 0.327083 0.031250 0.100000
0 0.114062 0.315625 0.021875 0.093750
0 0.139844 0.288542 0.026562 0.052083
0 0.170313 0.316667 0.025000 0.075000
0 0.189844 0.295833 0.020313 0.045833
0 0.210156 0.283333 0.020313 0.050000
0 0.232031 0.280208 0.020313 0.039583
0 0.275781 0.314583 0.026562 0.112500
0 0.297656 0.310417 0.020313 0.104167
0 0.324219 0.301042 0.029687 0.106250
0 0.350781 0.305208 0.029687 0.068750
0 0.382031 0.309375 0.029687 0.089583
