2 0.236719 0.428125 0.017188 0.077083
2 0.220312 0.433333 0.015625 0.062500
2 0.263281 0.430208 0.023438 0.077083
2 0.481250 0.470833 0.025000 0.087500
2 0.615625 0.464583 0.018750 0.062500
2 0.640625 0.462500 0.015625 0.070833
2 0.665625 0.461458 0.025000 0.077083
1 0.475781 0.769792 0.082812 0.056250
1 0.543750 0.757292 0.043750 0.060417
1 0.585156 0.753125 0.035937 0.039583
1 0.617969 0.746875 0.029687 0.043750
1 0.655469 0.745833 0.026562 0.037500
1 0.702344 0.756250 0.057813 0.070833
1 0.794531 0.769792 0.073438 0.093750
1 0.753125 0.734375 0.021875 0.018750
1 0.454688 0.730208 0.090625 0.039583
1 0.344531 0.729167 0.064062 0.045833
1 0.239063 0.728125 0.068750 0.039583
2 0.185156 0.637500 0.020313 0.041667
2 0.157031 0.635417 0.017188 0.045833
1 0.182812 0.710417 0.046875 0.037500
1 0.119531 0.707292 0.045312 0.035417
