0 0.794531 0.842733 0.410938 0.314534
0 0.905469 0.515184 0.170313 0.310195
0 0.821875 0.373102 0.065625 0.134490
0 0.778125 0.370933 0.021875 0.108460
0 0.753125 0.357918 0.031250 0.117137
0 0.691406 0.315618 0.048438 0.106291
0 0.577344 0.309111 0.060937 0.114967
0 0.518750 0.323210 0.059375 0.121475
0 0.474219 0.334056 0.026562 0.117137
0 0.415625 0.375271 0.106250 0.190889
0 0.310156 0.402386 0.082812 0.184382
0 0.237500 0.444685 0.096875 0.268980
0 0.158594 0.483731 0.082812 0.242950
0 0.148438 0.714751 0.287500 0.570499
