1 0.765625 0.747917 0.053125 0.070833
1 0.777344 0.683333 0.039062 0.058333
1 0.764844 0.582292 0.045312 0.072917
0 0.819531 0.520833 0.010937 0.029167
1 0.954688 0.408333 0.043750 0.045833
1 0.914062 0.397917 0.037500 0.045833
1 0.759375 0.417708 0.050000 0.114583
1 0.792188 0.369792 0.043750 0.097917
1 0.832031 0.323958 0.045312 0.097917
1 0.842187 0.247917 0.056250 0.079167
1 0.885156 0.244792 0.032813 0.060417
1 0.925000 0.237500 0.037500 0.045833
1 0.958594 0.196875 0.035937 0.052083
1 0.926562 0.170833 0.028125 0.045833
1 0.855469 0.181250 0.032813 0.045833
1 0.914844 0.052083 0.085938 0.037500
2 0.750781 0.015625 0.010937 0.027083
1 0.761719 0.178125 0.039062 0.043750
2 0.727344 0.157292 0.010937 0.035417
1 0.694531 0.151042 0.029687 0.035417
1 0.660937 0.200000 0.037500 0.037500
1 0.717969 0.254167 0.048438 0.045833
1 0.792969 0.250000 0.029687 0.054167
1 0.738281 0.354167 0.035937 0.050000
1 0.682813 0.440625 0.043750 0.039583
1 0.676562 0.371875 0.034375 0.056250
1 0.687500 0.329167 0.043750 0.054167
1 0.688281 0.600000 0.051562 0.070833
1 0.633594 0.557292 0.026562 0.060417
1 0.574219 0.709375 0.048438 0.052083
1 0.578125 0.796875 0.059375 0.064583
1 0.585156 0.900000 0.051562 0.062500
1 0.485156 0.967708 0.048438 0.064583
0 0.635938 0.831250 0.021875 0.037500
1 0.520312 0.666667 0.034375 0.054167
1 0.466406 0.743750 0.054688 0.070833
1 0.122656 0.941667 0.067187 0.075000
1 0.064844 0.978125 0.054688 0.043750
1 0.039062 0.905208 0.062500 0.077083
1 0.124219 0.766667 0.042188 0.054167
1 0.095312 0.714583 0.050000 0.066667
1 0.196875 0.720833 0.053125 0.075000
1 0.348438 0.712500 0.043750 0.045833
1 0.201563 0.629167 0.062500 0.091667
1 0.298438 0.501042 0.053125 0.052083
1 0.363281 0.512500 0.039062 0.050000
1 0.414062 0.557292 0.050000 0.052083
1 0.457031 0.497917 0.042188 0.050000
1 0.486719 0.466667 0.039062 0.041667
1 0.523438 0.382292 0.028125 0.052083
1 0.564844 0.355208 0.039062 0.039583
1 0.416406 0.432292 0.032813 0.047917
1 0.385156 0.464583 0.039062 0.045833
1 0.442188 0.413542 0.034375 0.035417
1 0.454688 0.379167 0.031250 0.037500
1 0.487500 0.358333 0.028125 0.037500
1 0.382031 0.354167 0.079687 0.120833
1 0.345313 0.411458 0.046875 0.052083
1 0.317188 0.301042 0.071875 0.052083
1 0.235156 0.288542 0.073438 0.068750
1 0.067187 0.292708 0.081250 0.056250
1 0.023438 0.288542 0.043750 0.056250
0 0.055469 0.331250 0.014063 0.045833
1 0.017188 0.232292 0.031250 0.064583
1 0.050000 0.236458 0.040625 0.047917
1 0.081250 0.205208 0.056250 0.039583
1 0.110156 0.238542 0.064062 0.047917
1 0.160938 0.229167 0.046875 0.050000
1 0.202344 0.241667 0.054688 0.033333
1 0.285938 0.230208 0.043750 0.039583
1 0.337500 0.237500 0.068750 0.050000
0 0.380469 0.229167 0.010937 0.029167
0 0.390625 0.230208 0.012500 0.027083
0 0.432031 0.230208 0.014063 0.031250
2 0.468750 0.156250 0.018750 0.037500
1 0.589844 0.258333 0.054688 0.058333
2 0.629687 0.252083 0.018750 0.054167
1 0.485938 0.271875 0.068750 0.052083
1 0.352344 0.013542 0.035937 0.022917
