2 0.426563 0.504706 0.159375 0.807059
0 0.226562 0.681176 0.028125 0.124706
0 0.283594 0.654118 0.014063 0.070588
1 0.561719 0.634118 0.020313 0.054118
1 0.541406 0.621176 0.014063 0.023529
0 0.616406 0.664706 0.020313 0.096471
0 0.650781 0.658824 0.017188 0.070588
0 0.662500 0.628235 0.009375 0.070588
0 0.581250 0.656471 0.018750 0.075294
0 0.763281 0.660000 0.032813 0.115294
0 0.821094 0.670588 0.020313 0.108235
0 0.853906 0.676471 0.032813 0.105882
2 0.758594 0.537647 0.023438 0.054118
2 0.782813 0.536471 0.025000 0.061176
2 0.812500 0.261176 0.040625 0.084706
0 0.929688 0.672941 0.031250 0.131765
