0 0.087500 0.639952 0.053125 0.217703
0 0.280469 0.893541 0.070312 0.188995
0 0.346094 0.822967 0.054688 0.205742
0 0.408594 0.760766 0.073438 0.196172
0 0.480469 0.937799 0.060937 0.105263
0 0.403125 0.948565 0.062500 0.093301
0 0.286719 0.665072 0.057813 0.162679
0 0.227344 0.694976 0.045312 0.141148
0 0.338281 0.601675 0.045312 0.227273
0 0.373437 0.527512 0.025000 0.165072
0 0.415625 0.522727 0.037500 0.212919
0 0.379688 0.417464 0.025000 0.064593
0 0.343750 0.433014 0.031250 0.095694
0 0.352344 0.376794 0.026562 0.074163
0 0.319531 0.331340 0.017188 0.050239
0 0.239844 0.464115 0.045312 0.172249
0 0.116406 0.399522 0.020313 0.133971
0 0.124219 0.345694 0.029687 0.064593
0 0.071875 0.287081 0.031250 0.066986
0 0.033594 0.295455 0.017188 0.059809
0 0.046875 0.288278 0.015625 0.050239
0 0.095312 0.288278 0.012500 0.069378
0 0.139063 0.272727 0.018750 0.071770
0 0.217188 0.272727 0.018750 0.081340
0 0.250781 0.263158 0.017188 0.066986
0 0.275000 0.244019 0.018750 0.057416
0 0.255469 0.321770 0.020313 0.035885
0 0.237500 0.314593 0.021875 0.064593
0 0.296094 0.293062 0.014063 0.040670
0 0.303906 0.312201 0.014063 0.031100
0 0.321875 0.320574 0.012500 0.033493
1 0.235156 0.214115 0.057813 0.040670
0 0.274219 0.244019 0.017188 0.062201
0 0.382812 0.246411 0.015625 0.057416
0 0.404687 0.234450 0.012500 0.052632
0 0.428125 0.233254 0.012500 0.050239
0 0.450781 0.230861 0.010937 0.040670
1 0.617188 0.545455 0.431250 0.607656
1 0.746875 0.355263 0.096875 0.093301
1 0.664062 0.299043 0.056250 0.062201
1 0.937500 0.387560 0.125000 0.081340
1 0.928125 0.491627 0.143750 0.179426
0 0.975781 0.309809 0.017188 0.064593
0 0.993750 0.321770 0.012500 0.045455
