0 0.039844 0.438725 0.020313 0.049020
0 0.079687 0.442402 0.018750 0.066176
0 0.128125 0.414216 0.018750 0.053922
0 0.151562 0.397059 0.012500 0.029412
0 0.164844 0.405637 0.014063 0.031863
0 0.231250 0.395833 0.015625 0.046569
0 0.260937 0.401961 0.018750 0.044118
0 0.302344 0.399510 0.010937 0.049020
0 0.325781 0.398284 0.017188 0.046569
0 0.450781 0.397059 0.020313 0.044118
0 0.382031 0.403186 0.010937 0.046569
0 0.474219 0.411765 0.014063 0.024510
0 0.519531 0.399510 0.017188 0.034314
0 0.550000 0.393382 0.015625 0.031863
0 0.665625 0.389706 0.012500 0.029412
0 0.721875 0.394608 0.009375 0.044118
0 0.732812 0.384804 0.015625 0.039216
0 0.763281 0.386029 0.014063 0.031863
0 0.808594 0.387255 0.014063 0.034314
0 0.637500 0.571078 0.043750 0.107843
0 0.415625 0.541667 0.025000 0.078431
0 0.372656 0.549020 0.029687 0.102941
0 0.839063 0.574755 0.037500 0.085784
0 0.933594 0.546569 0.032813 0.073529
0 0.836719 0.692402 0.035937 0.110294
0 0.973437 0.724265 0.053125 0.164216
