0 0.350588 0.496094 0.145882 0.214062
0 0.415294 0.361719 0.096471 0.079687
0 0.544706 0.383594 0.035294 0.070312
0 0.776471 0.445312 0.080000 0.221875
0 0.875294 0.385156 0.056471 0.095312
0 0.603529 0.368750 0.054118 0.050000
0 0.665882 0.360156 0.047059 0.060937
0 0.488235 0.364063 0.044706 0.043750
0 0.235294 0.407031 0.080000 0.079687
0 0.204706 0.364063 0.042353 0.050000
0 0.144706 0.377344 0.058824 0.070312
0 0.063529 0.381250 0.070588 0.062500
0 0.014118 0.366406 0.023529 0.054688
2 0.036471 0.299219 0.016471 0.029687
