2 0.732031 0.127059 0.085938 0.056471
2 0.448437 0.114118 0.078125 0.058824
2 0.122656 0.112941 0.048438 0.112941
1 0.747656 0.488235 0.410938 0.670588
1 0.915625 0.862353 0.168750 0.261176
1 0.539062 0.583529 0.050000 0.108235
1 0.504687 0.535294 0.031250 0.072941
1 0.480469 0.529412 0.017188 0.042353
1 0.475781 0.498824 0.029687 0.037647
1 0.373437 0.597647 0.096875 0.131765
1 0.417969 0.529412 0.067187 0.089412
1 0.345313 0.511765 0.028125 0.035294
1 0.272656 0.521176 0.060937 0.087059
1 0.200000 0.505882 0.040625 0.061176
1 0.234375 0.497647 0.021875 0.040000
1 0.031250 0.527059 0.059375 0.084706
1 0.194531 0.778824 0.376563 0.442353
