0 0.011719 0.570833 0.010937 0.037500
1 0.050781 0.586458 0.029687 0.027083
1 0.118750 0.611458 0.093750 0.072917
1 0.272656 0.604167 0.048438 0.050000
0 0.226562 0.576042 0.009375 0.047917
1 0.415625 0.592708 0.071875 0.043750
1 0.503125 0.568750 0.068750 0.062500
1 0.565625 0.587500 0.065625 0.045833
2 0.603906 0.533333 0.014063 0.025000
1 0.630469 0.582292 0.017188 0.022917
1 0.660937 0.583333 0.028125 0.025000
1 0.834375 0.588542 0.012500 0.027083
1 0.908594 0.591667 0.026562 0.025000
1 0.949219 0.593750 0.026562 0.029167
