0 0.436719 0.894792 0.035937 0.181250
0 0.367188 0.890625 0.043750 0.160417
0 0.314063 0.900000 0.046875 0.166667
1 0.225000 0.881250 0.103125 0.112500
0 0.128125 0.898958 0.040625 0.135417
0 0.014844 0.900000 0.020313 0.175000
1 0.078906 0.886458 0.067187 0.110417
1 0.165625 0.838542 0.087500 0.089583
1 0.507812 0.779167 0.178125 0.275000
1 0.639062 0.809375 0.062500 0.047917
0 0.692187 0.812500 0.018750 0.054167
1 0.718750 0.807292 0.034375 0.056250
0 0.760156 0.873958 0.029687 0.097917
0 0.803125 0.875000 0.021875 0.129167
0 0.890625 0.865625 0.037500 0.156250
1 0.956250 0.867708 0.087500 0.106250
1 0.877344 0.808333 0.070312 0.062500
2 0.879687 0.701042 0.025000 0.052083
2 0.828906 0.698958 0.026562 0.056250
