0 0.025781 0.130896 0.045312 0.153302
0 0.048438 0.034198 0.046875 0.063679
0 0.071875 0.172170 0.046875 0.103774
0 0.100781 0.106132 0.045312 0.066038
0 0.142187 0.062500 0.059375 0.120283
0 0.147656 0.189858 0.060937 0.087264
0 0.135156 0.303066 0.079687 0.153302
0 0.050000 0.324292 0.071875 0.176887
0 0.239844 0.291274 0.054688 0.181604
0 0.297656 0.279481 0.060937 0.153302
0 0.239844 0.158019 0.039062 0.084906
0 0.207031 0.096698 0.048438 0.075472
0 0.228125 0.029481 0.037500 0.054245
0 0.277344 0.082547 0.045312 0.080189
0 0.318750 0.154481 0.050000 0.106132
0 0.367969 0.083726 0.039062 0.077830
0 0.318750 0.045991 0.050000 0.077830
0 0.370312 0.022406 0.040625 0.035377
0 0.415625 0.048349 0.046875 0.073113
0 0.521875 0.061321 0.043750 0.113208
0 0.442188 0.155660 0.046875 0.075472
0 0.494531 0.161557 0.045312 0.082547
0 0.396094 0.265330 0.057813 0.115566
0 0.464062 0.279481 0.056250 0.115566
0 0.560937 0.234670 0.059375 0.115566
0 0.629687 0.226415 0.050000 0.108491
0 0.586719 0.123821 0.042188 0.087264
0 0.571875 0.044811 0.046875 0.066038
0 0.646094 0.136792 0.048438 0.080189
0 0.676562 0.066038 0.050000 0.122642
0 0.739844 0.049528 0.051562 0.070755
0 0.735938 0.148585 0.043750 0.047170
0 0.711719 0.224057 0.051562 0.122642
0 0.787500 0.218160 0.056250 0.096698
0 0.792188 0.127358 0.050000 0.070755
0 0.885156 0.183962 0.045312 0.094340
0 0.879687 0.097877 0.043750 0.068396
0 0.874219 0.037736 0.048438 0.056604
0 0.957812 0.095519 0.062500 0.129717
0 0.692187 0.495283 0.084375 0.174528
0 0.469531 0.476415 0.114062 0.254717
0 0.298438 0.635613 0.193750 0.426887
