0 0.292969 0.527273 0.110937 0.496970
0 0.696875 0.497980 0.246875 0.688889
0 0.899219 0.603030 0.176563 0.486869
0 0.894531 0.332323 0.042188 0.066667
0 0.847656 0.310101 0.020313 0.066667
0 0.871875 0.318182 0.028125 0.046465
0 0.649219 0.337374 0.026562 0.088889
0 0.617188 0.327273 0.028125 0.088889
0 0.592187 0.336364 0.028125 0.115152
0 0.468750 0.326263 0.015625 0.094949
0 0.542969 0.353535 0.032813 0.113131
0 0.510938 0.320202 0.018750 0.074747
2 0.448437 0.232323 0.012500 0.028283
0 0.414844 0.343434 0.029687 0.109091
0 0.434375 0.312121 0.021875 0.062626
0 0.462500 0.332323 0.021875 0.103030
0 0.371094 0.326263 0.014063 0.103030
0 0.394531 0.333333 0.020313 0.076768
0 0.248438 0.317172 0.018750 0.064646
0 0.265625 0.307071 0.021875 0.056566
0 0.204687 0.319192 0.021875 0.056566
0 0.180469 0.333333 0.023438 0.084848
0 0.150000 0.339394 0.021875 0.092929
