0 0.133000 0.645695 0.226000 0.589404
0 0.441000 0.442053 0.254000 0.718543
0 0.222000 0.114238 0.036000 0.069536
0 0.219000 0.185430 0.038000 0.059603
0 0.164000 0.187086 0.036000 0.049669
0 0.169000 0.067881 0.038000 0.089404
0 0.105000 0.142384 0.022000 0.039735
0 0.081000 0.201987 0.042000 0.039735
0 0.111000 0.195364 0.030000 0.059603
0 0.078000 0.046358 0.024000 0.052980
0 0.060000 0.084437 0.024000 0.043046
0 0.063000 0.134106 0.026000 0.049669
0 0.315000 0.117550 0.026000 0.056291
0 0.337000 0.125828 0.018000 0.066225
0 0.369000 0.124172 0.034000 0.069536
0 0.732000 0.175497 0.068000 0.337748
0 0.837000 0.059603 0.030000 0.112583
0 0.884000 0.059603 0.036000 0.112583
0 0.951000 0.072848 0.034000 0.066225
0 0.914000 0.061258 0.032000 0.076159
0 0.679000 0.051325 0.042000 0.089404
0 0.530000 0.043046 0.040000 0.052980
0 0.367000 0.031457 0.022000 0.043046
0 0.547000 0.153974 0.026000 0.049669
0 0.646000 0.150662 0.024000 0.056291
