0 0.77265625 0.2423887587822014 0.1234375 0.08196721311475409
0 0.925 0.22950819672131148 0.12812500000000002 0.05620608899297424
0 0.96640625 0.1791569086651054 0.06406250000000001 0.07259953161592506
0 0.7781250000000001 0.18266978922716628 0.078125 0.05620608899297424
0 0.84140625 0.20023419203747073 0.051562500000000004 0.06791569086651054
0 0.62421875 0.2611241217798595 0.13593750000000002 0.0585480093676815
0 0.640625 0.18735362997658078 0.10312500000000001 0.0702576112412178
0 0.50625 0.21311475409836064 0.11875000000000001 0.05620608899297424
0 0.41484375 0.2611241217798595 0.1203125 0.06323185011709602
0 0.2609375 0.2693208430913349 0.134375 0.0702576112412178
0 0.045312500000000006 0.7552693208430913 0.08750000000000001 0.11475409836065574
0 0.16796875 0.8512880562060889 0.1328125 0.14285714285714285
