0 0.225781 0.511710 0.073438 0.283372
0 0.036719 0.422717 0.010937 0.091335
1 0.151562 0.401639 0.018750 0.035129
1 0.179688 0.402810 0.031250 0.032787
2 0.255469 0.373536 0.014063 0.035129
2 0.266406 0.371194 0.007812 0.025761
1 0.281250 0.418033 0.025000 0.049180
0 0.479687 0.468384 0.053125 0.215457
0 0.813281 0.427400 0.014063 0.091335
0 0.857031 0.442623 0.017188 0.088993
0 0.875000 0.435597 0.012500 0.098361
0 0.957812 0.436768 0.018750 0.091335
0 0.939844 0.433255 0.007812 0.079625
2 0.915625 0.364169 0.012500 0.030445
2 0.871875 0.320843 0.009375 0.032787
2 0.857812 0.326698 0.009375 0.035129
2 0.890625 0.365340 0.009375 0.023419
