2 0.534180 0.569531 0.025391 0.039062
2 0.565430 0.582812 0.021484 0.028125
2 0.223633 0.556250 0.025391 0.040625
1 0.088867 0.677344 0.130859 0.082812
1 0.081055 0.621094 0.095703 0.020313
0 0.063477 0.557031 0.017578 0.029687
0 0.228516 0.740625 0.019531 0.031250
0 0.018555 0.777344 0.033203 0.045312
0 0.583984 0.731250 0.019531 0.025000
0 0.700195 0.725781 0.017578 0.020313
0 0.967773 0.757812 0.021484 0.056250
0 0.342773 0.872656 0.025391 0.060937
0 0.520508 0.766406 0.029297 0.051562
0 0.485352 0.766406 0.025391 0.042188
0 0.302734 0.717187 0.023438 0.037500
0 0.266602 0.657031 0.021484 0.032813
0 0.249023 0.646094 0.017578 0.029687
0 0.537109 0.671094 0.015625 0.035937
0 0.553711 0.671094 0.017578 0.017188
1 0.608398 0.688281 0.060547 0.039062
0 0.817383 0.676562 0.025391 0.037500
0 0.872070 0.696875 0.017578 0.025000
0 0.885742 0.694531 0.013672 0.020313
0 0.613281 0.921875 0.039062 0.050000
0 0.457031 0.900781 0.027344 0.032813
0 0.577148 0.807813 0.025391 0.031250
0 0.380859 0.888281 0.031250 0.039062
0 0.431641 0.950000 0.027344 0.031250
0 0.398438 0.946875 0.023438 0.031250
0 0.440430 0.790625 0.013672 0.028125
0 0.303711 0.814063 0.013672 0.018750
0 0.342773 0.803125 0.025391 0.034375
2 0.235352 0.607031 0.017578 0.023438
1 0.442383 0.607031 0.091797 0.082812
0 0.376953 0.598437 0.015625 0.028125
0 0.048828 0.553125 0.007812 0.034375
1 0.826172 0.440625 0.035156 0.012500
1 0.776367 0.441406 0.033203 0.004687
0 0.902344 0.785937 0.019531 0.028125
0 0.751953 0.830469 0.031250 0.051562
1 0.490234 0.442969 0.031250 0.007812
1 0.551758 0.442188 0.021484 0.003125
1 0.385742 0.442188 0.029297 0.012500
