2 0.589063 0.347156 0.040625 0.154028
2 0.631250 0.413507 0.040625 0.139810
2 0.560156 0.556872 0.039062 0.156398
2 0.603906 0.607820 0.051562 0.158768
2 0.510938 0.637441 0.046875 0.146919
2 0.475781 0.654028 0.035937 0.123223
2 0.514844 0.470379 0.039062 0.154028
2 0.552344 0.426540 0.032813 0.094787
2 0.525781 0.267773 0.039062 0.165877
2 0.575781 0.196682 0.045312 0.109005
2 0.527344 0.139810 0.039062 0.085308
2 0.446875 0.080569 0.037500 0.137441
2 0.484375 0.098341 0.040625 0.097156
2 0.482812 0.223934 0.040625 0.149289
2 0.468750 0.408768 0.046875 0.182464
2 0.398438 0.291469 0.043750 0.161137
2 0.425000 0.449052 0.037500 0.082938
2 0.399219 0.133886 0.048438 0.158768
2 0.350781 0.043839 0.035937 0.068720
2 0.350000 0.165877 0.059375 0.175355
2 0.349219 0.359005 0.051562 0.187204
2 0.380469 0.581754 0.045312 0.139810
2 0.329688 0.616114 0.053125 0.170616
2 0.268750 0.471564 0.040625 0.156398
2 0.235156 0.508294 0.045312 0.144550
2 0.249219 0.306872 0.032813 0.106635
2 0.288281 0.265403 0.035937 0.151659
1 0.350000 0.970379 0.168750 0.059242
1 0.028906 0.966825 0.051562 0.066351
1 0.774219 0.953791 0.232813 0.092417
1 0.983594 0.945498 0.032813 0.099526
