0 0.108594 0.529248 0.035937 0.272981
1 0.321875 0.385794 0.515625 0.270195
0 0.427344 0.552925 0.076563 0.387187
1 0.645312 0.500000 0.153125 0.186630
1 0.871875 0.519499 0.128125 0.192201
1 0.764062 0.459610 0.078125 0.189415
1 0.673438 0.357939 0.081250 0.103064
1 0.618750 0.344011 0.025000 0.097493
1 0.613281 0.252089 0.042188 0.069638
2 0.827344 0.292479 0.023438 0.038997
0 0.968750 0.451253 0.021875 0.161560
0 0.943750 0.447075 0.015625 0.108635
0 0.919531 0.409471 0.017188 0.033426
0 0.992969 0.416435 0.014063 0.125348
2 0.991406 0.214485 0.017188 0.072423
2 0.711719 0.246518 0.032813 0.036212
2 0.581250 0.136490 0.012500 0.055710
2 0.567969 0.132312 0.014063 0.047354
2 0.543750 0.136490 0.015625 0.050139
2 0.386719 0.130919 0.014063 0.050139
2 0.364063 0.112813 0.025000 0.091922
2 0.078125 0.295265 0.043750 0.050139
