0 0.236719 0.483333 0.017188 0.045833
0 0.311719 0.484375 0.014063 0.043750
0 0.405469 0.507292 0.023438 0.031250
0 0.389844 0.609375 0.035937 0.077083
0 0.321094 0.629167 0.032813 0.062500
0 0.623437 0.533333 0.037500 0.058333
0 0.683594 0.468750 0.017188 0.037500
0 0.519531 0.433333 0.014063 0.025000
0 0.892969 0.439583 0.007812 0.029167
0 0.129688 0.902083 0.034375 0.058333
0 0.100000 0.876042 0.021875 0.052083
0 0.028125 0.837500 0.018750 0.025000
0 0.056250 0.886458 0.034375 0.060417
0 0.024219 0.916667 0.045312 0.070833
0 0.285938 0.863542 0.043750 0.031250
0 0.282031 0.926042 0.064062 0.093750
0 0.203906 0.916667 0.035937 0.058333
0 0.335938 0.876042 0.031250 0.056250
0 0.364063 0.925000 0.050000 0.091667
0 0.451562 0.936458 0.071875 0.093750
0 0.405469 0.881250 0.035937 0.079167
0 0.470313 0.852083 0.021875 0.041667
0 0.515625 0.867708 0.043750 0.068750
0 0.526563 0.926042 0.053125 0.085417
0 0.557813 0.886458 0.028125 0.064583
0 0.595313 0.926042 0.056250 0.072917
0 0.621875 0.880208 0.034375 0.060417
0 0.664844 0.892708 0.035937 0.064583
0 0.697656 0.950000 0.039062 0.070833
0 0.718750 0.910417 0.043750 0.075000
0 0.775781 0.942708 0.060937 0.089583
0 0.800000 0.889583 0.050000 0.091667
0 0.807031 0.819792 0.029687 0.035417
0 0.888281 0.839583 0.045312 0.079167
0 0.935156 0.818750 0.029687 0.050000
0 0.978906 0.818750 0.042188 0.079167
0 0.976562 0.909375 0.040625 0.060417
0 0.973437 0.976042 0.053125 0.039583
0 0.839063 0.777083 0.031250 0.054167
