0 0.307812 0.482394 0.078125 0.190141
0 0.428125 0.553991 0.040625 0.248826
0 0.465625 0.532864 0.025000 0.253521
0 0.511719 0.548122 0.026562 0.241784
0 0.553125 0.557512 0.046875 0.260563
0 0.742969 0.657277 0.048438 0.164319
0 0.569531 0.312207 0.020313 0.145540
0 0.540625 0.291080 0.028125 0.122066
0 0.514844 0.258216 0.020313 0.046948
0 0.500000 0.278169 0.025000 0.063380
0 0.501563 0.349765 0.025000 0.061033
0 0.470313 0.350939 0.025000 0.063380
0 0.472656 0.287559 0.020313 0.039906
0 0.451562 0.308685 0.025000 0.119718
0 0.432031 0.308685 0.029687 0.110329
0 0.385156 0.318075 0.020313 0.096244
0 0.402344 0.240610 0.014063 0.035211
0 0.407031 0.301643 0.010937 0.096244
0 0.344531 0.255869 0.017188 0.046948
0 0.318750 0.251174 0.028125 0.046948
0 0.297656 0.247653 0.017188 0.025822
0 0.289062 0.282864 0.031250 0.049296
0 0.286719 0.338028 0.026562 0.042254
0 0.315625 0.361502 0.028125 0.032864
0 0.262500 0.333333 0.018750 0.051643
0 0.246875 0.329812 0.025000 0.039906
0 0.252344 0.267606 0.020313 0.051643
0 0.274219 0.248826 0.017188 0.032864
0 0.236719 0.234742 0.020313 0.046948
0 0.231250 0.279343 0.021875 0.042254
0 0.219531 0.321596 0.020313 0.023474
0 0.228906 0.360329 0.032813 0.039906
0 0.203906 0.365023 0.026562 0.039906
0 0.167187 0.326291 0.018750 0.037559
0 0.181250 0.266432 0.021875 0.039906
0 0.193750 0.237089 0.015625 0.032864
0 0.167969 0.250000 0.014063 0.030516
0 0.150781 0.262911 0.017188 0.032864
0 0.144531 0.327465 0.020313 0.039906
0 0.125000 0.352113 0.015625 0.028169
0 0.107031 0.353286 0.020313 0.049296
0 0.108594 0.287559 0.017188 0.039906
0 0.075000 0.293427 0.018750 0.028169
0 0.075000 0.356808 0.021875 0.037559
0 0.086719 0.329812 0.023438 0.030516
0 0.044531 0.345070 0.014063 0.056338
0 0.061719 0.323944 0.014063 0.028169
0 0.021875 0.352113 0.021875 0.046948
0 0.010156 0.301643 0.014063 0.053991
0 0.036719 0.301643 0.023438 0.049296
0 0.054688 0.260563 0.018750 0.028169
0 0.606250 0.345070 0.028125 0.079812
0 0.638281 0.330986 0.017188 0.061033
0 0.665625 0.357981 0.028125 0.068075
0 0.696875 0.336854 0.018750 0.072770
0 0.758594 0.303991 0.017188 0.044601
0 0.784375 0.319249 0.018750 0.042254
0 0.784375 0.365023 0.021875 0.053991
0 0.811719 0.355634 0.023438 0.068075
0 0.848437 0.363850 0.028125 0.065728
0 0.835156 0.320423 0.023438 0.035211
0 0.845313 0.287559 0.021875 0.030516
0 0.880469 0.333333 0.035937 0.112676
0 0.543750 0.852113 0.087500 0.295775
0 0.625781 0.805164 0.076563 0.267606
0 0.340625 0.839202 0.200000 0.321596
0 0.468750 0.780516 0.050000 0.161972
0 0.795312 0.688967 0.068750 0.133803
0 0.830469 0.852113 0.114062 0.295775
