0 0.045312 0.229792 0.028125 0.187067
0 0.084375 0.233256 0.025000 0.180139
0 0.115625 0.237875 0.025000 0.189376
0 0.149219 0.228637 0.032813 0.193995
0 0.189844 0.225173 0.029687 0.177829
0 0.219531 0.230947 0.032813 0.161663
0 0.253125 0.211316 0.025000 0.168591
0 0.281250 0.221709 0.021875 0.157044
0 0.314063 0.173210 0.018750 0.106236
0 0.347656 0.177829 0.029687 0.096998
0 0.374219 0.121247 0.017188 0.043880
0 0.389844 0.193995 0.035937 0.120092
0 0.421875 0.133949 0.021875 0.041570
0 0.439063 0.226328 0.034375 0.170901
0 0.472656 0.233256 0.032813 0.184758
0 0.260156 0.543880 0.148438 0.334873
0 0.392188 0.587760 0.156250 0.727483
0 0.748437 0.545035 0.146875 0.323326
0 0.885938 0.593533 0.175000 0.725173
0 0.531250 0.230947 0.021875 0.198614
0 0.562500 0.225173 0.031250 0.205543
0 0.595313 0.229792 0.028125 0.187067
0 0.626563 0.226328 0.040625 0.180139
0 0.663281 0.220554 0.039062 0.200924
0 0.701562 0.234411 0.037500 0.182448
0 0.732812 0.226328 0.025000 0.207852
0 0.759375 0.222864 0.018750 0.159353
0 0.793750 0.190531 0.031250 0.136259
0 0.826562 0.168591 0.018750 0.083141
0 0.851562 0.130485 0.018750 0.039261
0 0.865625 0.166282 0.028125 0.087760
0 0.899219 0.132794 0.026562 0.048499
0 0.918750 0.219400 0.025000 0.152425
0 0.946875 0.211316 0.015625 0.159353
0 0.971094 0.224018 0.029687 0.161663
