1 0.157812 0.653125 0.296875 0.485417
1 0.425781 0.454167 0.092188 0.079167
1 0.471875 0.429167 0.034375 0.054167
1 0.497656 0.422917 0.023438 0.037500
0 0.524219 0.421875 0.026562 0.085417
1 0.571094 0.440625 0.054688 0.064583
2 0.664844 0.330208 0.017188 0.047917
2 0.646875 0.290625 0.015625 0.031250
2 0.628125 0.303125 0.009375 0.035417
2 0.561719 0.347917 0.007812 0.020833
2 0.507031 0.345833 0.007812 0.020833
2 0.403125 0.300000 0.006250 0.025000
2 0.368750 0.346875 0.006250 0.018750
2 0.309375 0.366667 0.009375 0.033333
