2 0.525781 0.230047 0.039062 0.187793
2 0.522656 0.549296 0.042188 0.281690
2 0.240625 0.206573 0.015625 0.042254
2 0.244531 0.257042 0.014063 0.044601
1 0.137500 0.275822 0.040625 0.063380
1 0.094531 0.273474 0.054688 0.068075
1 0.052344 0.273474 0.076563 0.072770
1 0.023438 0.292254 0.040625 0.058685
1 0.368750 0.233568 0.084375 0.082160
2 0.416406 0.206573 0.017188 0.042254
2 0.415625 0.245305 0.012500 0.030516
0 0.440625 0.246479 0.012500 0.037559
0 0.457813 0.242958 0.012500 0.030516
0 0.475781 0.240610 0.010937 0.030516
