0 0.9421875000000001 0.6194444444444445 0.1125 0.23333333333333334
0 0.81796875 0.6513888888888889 0.0671875 0.13611111111111113
0 0.87109375 0.6166666666666667 0.029687500000000002 0.20555555555555557
0 0.72578125 0.6458333333333334 0.08281250000000001 0.13055555555555556
0 0.6765625000000001 0.6416666666666667 0.05625 0.08333333333333334
0 0.65 0.5875 0.084375 0.08055555555555556
0 0.5984375000000001 0.5513888888888889 0.05625 0.08055555555555556
0 0.032031250000000004 0.5375 0.06406250000000001 0.3805555555555556
0 0.08750000000000001 0.5472222222222223 0.06875 0.2888888888888889
0 0.15781250000000002 0.5527777777777778 0.053125000000000006 0.2888888888888889
0 0.22968750000000002 0.5930555555555556 0.07187500000000001 0.2138888888888889
0 0.30703125000000003 0.6444444444444445 0.0671875 0.11666666666666667
0 0.33359375 0.5722222222222223 0.09843750000000001 0.11666666666666667
