0 0.219531 0.656404 0.104688 0.431034
0 0.511719 0.581281 0.226562 0.807882
0 0.389844 0.284483 0.054688 0.125616
0 0.207031 0.250000 0.039062 0.061576
0 0.216406 0.344828 0.048438 0.108374
0 0.137500 0.270936 0.053125 0.147783
0 0.103125 0.460591 0.137500 0.162562
0 0.051562 0.210591 0.090625 0.165025
0 0.317969 0.264778 0.067187 0.169951
0 0.814063 0.378079 0.078125 0.174877
0 0.932031 0.266010 0.057813 0.305419
0 0.981250 0.284483 0.037500 0.130542
1 0.740625 0.168719 0.240625 0.125616
1 0.533594 0.136700 0.173437 0.096059
1 0.364844 0.133005 0.207813 0.113300
