2 0.683570 0.162500 0.085193 0.134375
2 0.835700 0.157031 0.089249 0.101562
2 0.754564 0.164844 0.060852 0.114062
2 0.508114 0.125781 0.054767 0.142187
2 0.585193 0.157812 0.075051 0.100000
2 0.628803 0.055469 0.068966 0.073438
2 0.404665 0.123438 0.066937 0.065625
2 0.434077 0.216406 0.085193 0.135937
2 0.333671 0.296875 0.087221 0.146875
2 0.364097 0.421094 0.058824 0.079687
2 0.341785 0.513281 0.062880 0.145313
2 0.434077 0.494531 0.097363 0.154688
2 0.515213 0.329688 0.085193 0.150000
2 0.629817 0.351562 0.091278 0.175000
2 0.712982 0.314844 0.075051 0.107813
2 0.795132 0.303125 0.073022 0.106250
2 0.881339 0.280469 0.087221 0.126562
2 0.826572 0.451562 0.119675 0.128125
2 0.726166 0.500781 0.109533 0.079687
2 0.692698 0.590625 0.180527 0.081250
0 0.351927 0.752344 0.022312 0.045312
0 0.691684 0.751563 0.020284 0.050000
1 0.718053 0.744531 0.048682 0.035937
