0 0.314 0.8673469387755102 0.5720000000000001 0.16034985422740525
0 0.299 0.7244897959183674 0.154 0.10204081632653061
0 0.4 0.6967930029154519 0.1 0.15160349854227406
0 0.46900000000000003 0.7128279883381924 0.066 0.119533527696793
0 0.526 0.7201166180758017 0.068 0.12244897959183673
0 0.577 0.6982507288629738 0.058 0.11370262390670553
0 0.645 0.6982507288629738 0.066 0.08454810495626822
0 0.682 0.6545189504373178 0.064 0.08454810495626822
0 0.736 0.6486880466472303 0.036000000000000004 0.043731778425655975
0 0.75 0.7448979591836734 0.116 0.14868804664723032
0 0.801 0.6224489795918368 0.058 0.04956268221574344
0 0.841 0.6778425655976676 0.066 0.09037900874635568
0 0.894 0.6763848396501457 0.064 0.1107871720116618
0 0.865 0.5991253644314869 0.038 0.061224489795918366
