0 0.033594 0.654167 0.032813 0.170833
0 0.067187 0.618750 0.018750 0.058333
0 0.091406 0.655208 0.023438 0.093750
1 0.134375 0.665625 0.109375 0.093750
0 0.219531 0.658333 0.020313 0.087500
1 0.238281 0.668750 0.082812 0.066667
1 0.409375 0.672917 0.059375 0.062500
0 0.454688 0.655208 0.018750 0.102083
1 0.496875 0.679167 0.062500 0.058333
1 0.579688 0.676042 0.096875 0.077083
1 0.675781 0.676042 0.089063 0.068750
0 0.767188 0.618750 0.071875 0.387500
1 0.867188 0.677083 0.068750 0.066667
1 0.939844 0.683333 0.089063 0.075000
0 0.379688 0.560417 0.209375 0.733333
