1 0.214844 0.418033 0.129688 0.245902
0 0.065625 0.633489 0.040625 0.133489
0 0.018750 0.701405 0.031250 0.203747
1 0.021875 0.565574 0.037500 0.110070
0 0.042188 0.475410 0.015625 0.051522
1 0.020313 0.489461 0.034375 0.074941
0 0.007812 0.422717 0.009375 0.053864
1 0.075781 0.425059 0.070312 0.114754
0 0.099219 0.470726 0.023438 0.074941
2 0.064844 0.283372 0.026562 0.056206
0 0.428125 0.708431 0.053125 0.297424
0 0.350781 0.658080 0.039062 0.224824
0 0.389844 0.578454 0.020313 0.042155
0 0.493750 0.628806 0.046875 0.142857
0 0.539844 0.565574 0.023438 0.053864
0 0.583594 0.540984 0.017188 0.037471
0 0.617969 0.557377 0.023438 0.032787
0 0.665625 0.556206 0.025000 0.030445
0 0.665625 0.579625 0.015625 0.035129
0 0.682031 0.594848 0.023438 0.051522
0 0.705469 0.646370 0.035937 0.121780
0 0.731250 0.584309 0.018750 0.049180
0 0.788281 0.695550 0.057813 0.295082
0 0.864844 0.713115 0.054688 0.297424
0 0.359375 0.476581 0.021875 0.039813
0 0.364063 0.518735 0.028125 0.058548
0 0.391406 0.478923 0.020313 0.035129
0 0.406250 0.504684 0.018750 0.030445
0 0.461719 0.475410 0.017188 0.028103
0 0.534375 0.487119 0.018750 0.032787
0 0.500781 0.498829 0.020313 0.037471
0 0.560156 0.502342 0.020313 0.025761
0 0.584375 0.502342 0.018750 0.025761
0 0.310937 0.398126 0.018750 0.051522
0 0.313281 0.442623 0.020313 0.046838
0 0.332031 0.415691 0.014063 0.025761
0 0.443750 0.346604 0.018750 0.023419
0 0.350781 0.351288 0.014063 0.032787
0 0.398438 0.344262 0.012500 0.028103
0 0.496094 0.360656 0.010937 0.018735
0 0.539062 0.391101 0.012500 0.023419
1 0.846094 0.553864 0.304688 0.522248
1 0.628125 0.405152 0.112500 0.234192
0 0.469531 0.429742 0.023438 0.039813
0 0.438281 0.412178 0.014063 0.028103
0 0.365625 0.414520 0.018750 0.037471
