2 0.441406 0.318750 0.029687 0.095833
2 0.664844 0.321875 0.026562 0.085417
2 0.471875 0.560417 0.021875 0.041667
2 0.364844 0.480208 0.017188 0.056250
2 0.235937 0.488542 0.021875 0.047917
1 0.122656 0.761458 0.110937 0.102083
1 0.257812 0.762500 0.112500 0.112500
1 0.042969 0.735417 0.042188 0.075000
1 0.014063 0.752083 0.025000 0.116667
1 0.348438 0.703125 0.046875 0.068750
1 0.403906 0.723958 0.045312 0.043750
1 0.474219 0.719792 0.054688 0.072917
1 0.731250 0.765625 0.240625 0.114583
1 0.958594 0.790625 0.082812 0.097917
1 0.554688 0.727083 0.034375 0.075000
1 0.588281 0.727083 0.032813 0.087500
2 0.511719 0.556250 0.020313 0.033333
2 0.558594 0.555208 0.010937 0.039583
