2 0.121875 0.627083 0.021875 0.045833
0 0.102344 0.741667 0.020313 0.120833
0 0.126562 0.741667 0.018750 0.120833
0 0.157031 0.742708 0.023438 0.147917
0 0.190625 0.697917 0.018750 0.037500
0 0.213281 0.772917 0.026562 0.145833
0 0.245312 0.759375 0.028125 0.177083
1 0.275000 0.622917 0.246875 0.116667
1 0.425781 0.764583 0.167187 0.154167
1 0.573438 0.753125 0.096875 0.089583
1 0.748437 0.856250 0.290625 0.229167
1 0.858594 0.729167 0.185938 0.083333
1 0.944531 0.751042 0.095312 0.114583
0 0.652344 0.691667 0.010937 0.037500
0 0.685156 0.694792 0.017188 0.039583
0 0.724219 0.692708 0.014063 0.027083
