0 0.068750 0.558824 0.053125 0.355294
0 0.108594 0.564706 0.035937 0.291765
0 0.035156 0.484706 0.035937 0.131765
0 0.165625 0.545882 0.053125 0.301176
0 0.206250 0.480000 0.015625 0.127059
0 0.228906 0.460000 0.017188 0.063529
0 0.253125 0.675294 0.068750 0.428235
0 0.391406 0.820000 0.089063 0.331765
0 0.354687 0.600000 0.037500 0.112941
0 0.370312 0.474118 0.050000 0.105882
0 0.317969 0.485882 0.051562 0.162353
0 0.453125 0.480000 0.031250 0.112941
0 0.501563 0.680000 0.071875 0.428235
0 0.518750 0.451765 0.050000 0.089412
0 0.576562 0.494118 0.025000 0.117647
0 0.686719 0.601176 0.042188 0.331765
0 0.764062 0.641176 0.062500 0.421176
0 0.839844 0.561176 0.045312 0.251765
0 0.868750 0.469412 0.018750 0.049412
0 0.911719 0.460000 0.026562 0.035294
0 0.932031 0.657647 0.135937 0.614118
0 0.796094 0.461176 0.017188 0.042353
0 0.649219 0.450588 0.020313 0.035294
0 0.634375 0.449412 0.018750 0.023529
0 0.620313 0.496471 0.021875 0.112941
0 0.600000 0.490588 0.018750 0.110588
