0 0.061719 0.651042 0.076563 0.543750
0 0.105469 0.369792 0.026562 0.043750
0 0.167969 0.505208 0.076563 0.156250
0 0.220312 0.389583 0.046875 0.091667
0 0.312500 0.347917 0.059375 0.079167
0 0.321094 0.456250 0.079687 0.129167
0 0.411719 0.420833 0.026562 0.058333
0 0.448437 0.460417 0.046875 0.112500
0 0.530469 0.436458 0.064062 0.110417
0 0.610938 0.446875 0.034375 0.085417
0 0.615625 0.371875 0.031250 0.035417
0 0.661719 0.376042 0.032813 0.077083
0 0.685937 0.410417 0.040625 0.087500
0 0.742969 0.400000 0.032813 0.050000
0 0.782031 0.413542 0.054688 0.131250
0 0.857031 0.456250 0.045312 0.095833
0 0.850781 0.357292 0.023438 0.039583
0 0.871094 0.384375 0.032813 0.043750
0 0.945312 0.431250 0.043750 0.087500
0 0.934375 0.362500 0.031250 0.054167
