0 0.322656 0.612500 0.104688 0.204167
0 0.481250 0.806250 0.162500 0.083333
0 0.189062 0.786458 0.196875 0.122917
0 0.042969 0.787500 0.082812 0.129167
0 0.339062 0.804167 0.109375 0.091667
0 0.494531 0.646875 0.151562 0.193750
0 0.085938 0.510417 0.090625 0.141667
0 0.172656 0.459375 0.048438 0.106250
0 0.217969 0.465625 0.039062 0.102083
0 0.273438 0.468750 0.053125 0.104167
0 0.511719 0.465625 0.114062 0.064583
0 0.696094 0.409375 0.039062 0.106250
0 0.795312 0.379167 0.034375 0.166667
0 0.935156 0.353125 0.045312 0.114583
0 0.901563 0.478125 0.050000 0.114583
