2 0.234375 0.421362 0.040625 0.138498
2 0.042969 0.086854 0.054688 0.122066
2 0.046875 0.239437 0.059375 0.201878
2 0.050781 0.416667 0.067187 0.072770
2 0.071094 0.489437 0.023438 0.068075
2 0.153125 0.440141 0.031250 0.152582
2 0.223438 0.305164 0.043750 0.089202
1 0.247656 0.684272 0.182812 0.340376
1 0.386719 0.725352 0.067187 0.093897
1 0.500000 0.753521 0.093750 0.122066
1 0.612500 0.779343 0.131250 0.187793
1 0.726562 0.776995 0.093750 0.159624
1 0.819531 0.772300 0.085938 0.140845
1 0.860938 0.707746 0.071875 0.091549
0 0.960938 0.775822 0.028125 0.185446
0 0.987500 0.780516 0.025000 0.152582
0 0.928125 0.751174 0.028125 0.140845
2 0.943750 0.595070 0.012500 0.039906
2 0.800000 0.607981 0.009375 0.032864
2 0.743750 0.578638 0.018750 0.068075
2 0.632812 0.599765 0.018750 0.091549
2 0.617188 0.561033 0.015625 0.061033
2 0.575000 0.599765 0.018750 0.053991
2 0.524219 0.593897 0.007812 0.023474
2 0.492188 0.585681 0.009375 0.021127
1 0.458594 0.644366 0.026562 0.039906
2 0.425000 0.492958 0.028125 0.150235
1 0.627344 0.671362 0.045312 0.037559
2 0.472656 0.551643 0.007812 0.018779
