1 0.595313 0.480208 0.618750 0.606250
1 0.920312 0.562500 0.034375 0.162500
0 0.989062 0.407292 0.021875 0.110417
0 0.943750 0.389583 0.031250 0.070833
0 0.911719 0.405208 0.017188 0.089583
0 0.935156 0.341667 0.014063 0.029167
2 0.969531 0.246875 0.042188 0.127083
2 0.284375 0.098958 0.075000 0.181250
2 0.040625 0.195833 0.046875 0.145833
2 0.079687 0.168750 0.065625 0.183333
2 0.214062 0.285417 0.021875 0.062500
1 0.027344 0.393750 0.042188 0.079167
1 0.080469 0.396875 0.035937 0.060417
1 0.121094 0.395833 0.035937 0.079167
0 0.147656 0.404167 0.026562 0.108333
1 0.197656 0.330208 0.135937 0.172917
0 0.243750 0.397917 0.025000 0.120833
0 0.268750 0.384375 0.018750 0.077083
0 0.211719 0.392708 0.023438 0.072917
