0 0.12265625000000001 0.8135416666666666 0.24531250000000002 0.35625
0 0.08750000000000001 0.6083333333333333 0.1375 0.058333333333333334
0 0.9453125 0.63125 0.10625000000000001 0.0875
0 0.8265625000000001 0.8354166666666667 0.146875 0.17083333333333334
0 0.6195312500000001 0.771875 0.1046875 0.11041666666666666
0 0.69453125 0.7083333333333334 0.045312500000000006 0.11666666666666667
0 0.5750000000000001 0.6864583333333333 0.0625 0.06875
0 0.4890625 0.7302083333333333 0.065625 0.08541666666666667
0 0.42265625 0.6979166666666666 0.0421875 0.07083333333333333
0 0.29375 0.6635416666666667 0.034375 0.04791666666666666
0 0.22109375 0.6229166666666667 0.0171875 0.0375
0 0.24375000000000002 0.6135416666666667 0.009375000000000001 0.01875
0 0.1921875 0.6083333333333333 0.021875000000000002 0.025
