2 0.499219 0.378492 0.017188 0.069832
2 0.627344 0.400838 0.017188 0.047486
2 0.728906 0.452514 0.017188 0.044693
0 0.811719 0.783520 0.070312 0.416201
1 0.921094 0.734637 0.157812 0.167598
1 0.700781 0.726257 0.151562 0.145251
0 0.600000 0.720670 0.025000 0.083799
1 0.489063 0.723464 0.143750 0.150838
0 0.353125 0.723464 0.031250 0.139665
2 0.421094 0.583799 0.020313 0.050279
1 0.243750 0.731844 0.156250 0.106145
1 0.160156 0.709497 0.070312 0.089385
1 0.051562 0.761173 0.090625 0.153631
0 0.085938 0.687151 0.015625 0.067039
0 0.060937 0.689944 0.021875 0.055866
1 0.381250 0.715084 0.021875 0.078212
1 0.403906 0.712291 0.020313 0.050279
