0 0.028125 0.8596698113207547 0.037500000000000006 0.025943396226415092
0 0.015625 0.9410377358490566 0.03125 0.051886792452830184
0 0.045312500000000006 0.9681603773584905 0.037500000000000006 0.04009433962264151
0 0.060937500000000006 0.9304245283018867 0.025 0.04009433962264151
0 0.096875 0.9823113207547169 0.046875 0.030660377358490566
0 0.09765625 0.9433962264150944 0.035937500000000004 0.05660377358490566
0 0.16796875 0.9752358490566038 0.045312500000000006 0.04481132075471698
0 0.1421875 0.9363207547169811 0.03125 0.023584905660377357
0 0.1953125 0.9375 0.034375 0.04009433962264151
0 0.23750000000000002 0.9787735849056604 0.05625 0.03773584905660377
0 0.171875 0.9080188679245282 0.034375 0.02830188679245283
0 0.20703125 0.9056603773584906 0.026562500000000003 0.018867924528301886
0 0.234375 0.9351415094339622 0.034375 0.030660377358490566
0 0.29375 0.9634433962264151 0.05 0.05424528301886792
0 0.27578125000000003 0.9233490566037735 0.035937500000000004 0.025943396226415092
0 0.26953125 0.8938679245283019 0.026562500000000003 0.02830188679245283
0 0.31484375000000003 0.9327830188679245 0.035937500000000004 0.030660377358490566
0 0.35234375 0.945754716981132 0.0484375 0.06132075471698113
0 0.41015625 0.9563679245283019 0.045312500000000006 0.0589622641509434
0 0.478125 0.9634433962264151 0.07187500000000001 0.030660377358490566
0 0.49140625000000004 0.9186320754716981 0.0421875 0.04009433962264151
0 0.57734375 0.9150943396226415 0.0671875 0.051886792452830184
0 0.625 0.9705188679245282 0.08750000000000001 0.05424528301886792
0 0.5554687500000001 0.9811320754716981 0.0546875 0.0330188679245283
0 0.6890625 0.9681603773584905 0.037500000000000006 0.04952830188679245
0 0.7468750000000001 0.9575471698113207 0.034375 0.0660377358490566
0 0.796875 0.9504716981132075 0.046875 0.07075471698113207
0 0.65 0.8985849056603773 0.059375000000000004 0.02830188679245283
0 0.67890625 0.9245283018867925 0.0578125 0.0330188679245283
0 0.7289062500000001 0.9033018867924528 0.0578125 0.02830188679245283
0 0.71640625 0.8761792452830188 0.035937500000000004 0.030660377358490566
0 0.7609375 0.8679245283018867 0.034375 0.03773584905660377
0 0.7992187500000001 0.8679245283018867 0.0421875 0.03773584905660377
0 0.83125 0.8537735849056604 0.043750000000000004 0.0330188679245283
0 0.8968750000000001 0.9162735849056604 0.07500000000000001 0.07311320754716981
0 0.85859375 0.9209905660377358 0.0546875 0.04481132075471698
0 0.953125 0.9327830188679245 0.05 0.04481132075471698
0 0.95859375 0.8844339622641509 0.0328125 0.04245283018867924
0 0.9929687500000001 0.8856132075471698 0.010937500000000001 0.06367924528301887
0 0.9148437500000001 0.8325471698113207 0.0421875 0.0330188679245283
0 0.8539062500000001 0.8254716981132075 0.0578125 0.02830188679245283
0 0.68359375 0.8514150943396226 0.0390625 0.023584905660377357
0 0.6453125000000001 0.8537735849056604 0.040625 0.023584905660377357
0 0.60078125 0.8820754716981132 0.0421875 0.04716981132075471
0 0.52265625 0.8820754716981132 0.0328125 0.03773584905660377
0 0.453125 0.8808962264150944 0.021875000000000002 0.030660377358490566
0 0.48828125 0.8761792452830188 0.035937500000000004 0.030660377358490566
0 0.41796875 0.8702830188679245 0.029687500000000002 0.02830188679245283
0 0.40078125000000003 0.9033018867924528 0.029687500000000002 0.04245283018867924
