2 0.449000 0.591592 0.038000 0.018018
2 0.578000 0.551051 0.044000 0.021021
0 0.527000 0.755255 0.022000 0.051051
0 0.564000 0.755255 0.024000 0.039039
0 0.594000 0.752252 0.016000 0.051051
0 0.617000 0.744745 0.022000 0.054054
0 0.621000 0.810811 0.022000 0.114114
0 0.650000 0.803303 0.024000 0.123123
0 0.787000 0.770270 0.026000 0.057057
0 0.785000 0.839339 0.022000 0.093093
0 0.759000 0.774775 0.014000 0.072072
1 0.929000 0.860360 0.142000 0.195195
1 0.712000 0.771772 0.064000 0.096096
0 0.329000 0.863363 0.058000 0.201201
1 0.246000 0.876877 0.128000 0.186186
0 0.138000 0.867868 0.036000 0.240240
0 0.085000 0.858859 0.030000 0.216216
1 0.107000 0.858859 0.158000 0.180180
1 0.231000 0.774775 0.074000 0.066066
1 0.384000 0.770270 0.036000 0.081081
1 0.417000 0.761261 0.030000 0.045045
0 0.469000 0.737237 0.010000 0.021021
0 0.481000 0.738739 0.010000 0.024024
1 0.501000 0.741742 0.030000 0.030030
