0 0.256250 0.306613 0.025000 0.028056
0 0.207813 0.336673 0.025000 0.044088
0 0.303906 0.567134 0.101562 0.745491
0 0.368750 0.340681 0.021875 0.044088
0 0.389062 0.353707 0.025000 0.042084
0 0.458594 0.323647 0.035937 0.046092
0 0.538281 0.320641 0.042188 0.056112
0 0.592187 0.340681 0.025000 0.036072
0 0.615625 0.337675 0.021875 0.042084
0 0.651563 0.363727 0.031250 0.042084
0 0.713281 0.389780 0.029687 0.090180
0 0.803906 0.575150 0.082812 0.456914
0 0.951562 0.547094 0.096875 0.404810
1 0.861719 0.347695 0.098437 0.178357
2 0.765625 0.287575 0.018750 0.078156
