0 0.186719 0.536458 0.098437 0.435417
0 0.108594 0.440625 0.026562 0.043750
0 0.023438 0.550000 0.043750 0.212500
0 0.479687 0.370833 0.021875 0.041667
0 0.533594 0.386458 0.026562 0.064583
0 0.567969 0.365625 0.026562 0.060417
0 0.596094 0.401042 0.029687 0.081250
0 0.617969 0.351042 0.029687 0.060417
0 0.651563 0.401042 0.043750 0.131250
0 0.704688 0.418750 0.046875 0.241667
0 0.753125 0.427083 0.056250 0.258333
0 0.791406 0.330208 0.026562 0.056250
0 0.820312 0.421875 0.040625 0.252083
0 0.864844 0.421875 0.073438 0.256250
0 0.930469 0.418750 0.039062 0.237500
0 0.979688 0.412500 0.040625 0.212500
