0 0.264637 0.757812 0.140515 0.393750
0 0.073770 0.618750 0.053864 0.093750
0 0.023419 0.603906 0.028103 0.135937
0 0.070258 0.546875 0.042155 0.065625
0 0.145199 0.607812 0.023419 0.125000
0 0.186183 0.590625 0.039813 0.059375
0 0.388759 0.594531 0.037471 0.042188
0 0.426230 0.596094 0.032787 0.045312
1 0.877049 0.607812 0.147541 0.193750
1 0.768150 0.609375 0.060890 0.115625
0 0.689696 0.592969 0.049180 0.104688
1 0.635831 0.582031 0.049180 0.117188
1 0.585480 0.564063 0.046838 0.065625
1 0.537471 0.557813 0.039813 0.056250
