1 0.128125 0.580986 0.109375 0.058685
1 0.037500 0.552817 0.065625 0.044601
1 0.301563 0.769953 0.162500 0.126761
1 0.397656 0.509390 0.067187 0.042254
1 0.552344 0.463615 0.054688 0.044601
1 0.710156 0.435446 0.039062 0.025822
1 0.699219 0.553991 0.060937 0.061033
1 0.833594 0.550469 0.060937 0.058685
1 0.850000 0.475352 0.040625 0.044601
1 0.905469 0.447183 0.029687 0.039906
1 0.955469 0.476526 0.032813 0.046948
1 0.953906 0.436620 0.032813 0.032864
1 0.560156 0.728873 0.126562 0.100939
1 0.184375 0.944836 0.206250 0.100939
0 0.432031 0.592723 0.020313 0.039906
0 0.539062 0.578638 0.018750 0.044601
