0 0.163934 0.557031 0.088993 0.145313
0 0.274005 0.560937 0.032787 0.115625
0 0.314988 0.540625 0.035129 0.050000
0 0.325527 0.592969 0.056206 0.048438
0 0.414520 0.567187 0.028103 0.071875
0 0.468384 0.564063 0.032787 0.059375
0 0.497658 0.569531 0.016393 0.057813
0 0.522248 0.572656 0.028103 0.048438
0 0.564403 0.572656 0.032787 0.054688
0 0.586651 0.563281 0.025761 0.060937
0 0.620609 0.571875 0.023419 0.034375
0 0.653396 0.566406 0.028103 0.039062
0 0.687354 0.524219 0.058548 0.092188
0 0.788056 0.556250 0.058548 0.125000
0 0.852459 0.556250 0.056206 0.109375
0 0.968384 0.556250 0.063232 0.103125
0 0.914520 0.569531 0.053864 0.085938
0 0.716628 0.710156 0.117096 0.289062
0 0.058548 0.564844 0.032787 0.057813
0 0.098361 0.566406 0.042155 0.060937
0 0.008197 0.570312 0.011710 0.034375
0 0.028103 0.567187 0.037471 0.040625
1 0.597190 0.502344 0.070258 0.032813
