0 0.072917 0.539062 0.029167 0.090625
1 0.131250 0.542969 0.062500 0.051562
1 0.264583 0.512500 0.170833 0.090625
1 0.380208 0.528125 0.043750 0.040625
1 0.418750 0.527344 0.045833 0.032813
1 0.464583 0.521094 0.041667 0.039062
1 0.534375 0.510938 0.039583 0.031250
1 0.584375 0.512500 0.056250 0.031250
1 0.673958 0.511719 0.052083 0.026562
1 0.725000 0.489063 0.058333 0.050000
1 0.782292 0.510156 0.031250 0.029687
0 0.880208 0.503906 0.018750 0.035937
0 0.950000 0.509375 0.016667 0.034375
0 0.843750 0.510156 0.025000 0.029687
