1 0.950781 0.650000 0.092188 0.091667
1 0.708594 0.541667 0.092188 0.087500
1 0.796094 0.495833 0.095312 0.116667
1 0.774219 0.426042 0.076563 0.043750
1 0.689844 0.432292 0.082812 0.060417
1 0.842187 0.367708 0.178125 0.168750
1 0.624219 0.218750 0.167187 0.120833
1 0.663281 0.325000 0.064062 0.062500
1 0.578906 0.327083 0.095312 0.116667
1 0.460156 0.312500 0.042188 0.045833
1 0.467969 0.265625 0.045312 0.047917
1 0.293750 0.764583 0.115625 0.129167
1 0.099219 0.782292 0.170313 0.385417
1 0.253906 0.641667 0.092188 0.108333
1 0.189844 0.503125 0.070312 0.106250
1 0.164844 0.418750 0.067187 0.050000
1 0.160156 0.358333 0.051562 0.045833
1 0.054688 0.503125 0.081250 0.118750
1 0.045312 0.403125 0.078125 0.102083
1 0.039844 0.314583 0.048438 0.083333
1 0.085938 0.262500 0.037500 0.045833
1 0.015625 0.175000 0.028125 0.054167
1 0.010156 0.115625 0.017188 0.043750
1 0.011719 0.068750 0.020313 0.045833
1 0.043750 0.077083 0.021875 0.029167
1 0.065625 0.106250 0.018750 0.025000
1 0.061719 0.135417 0.032813 0.033333
1 0.081250 0.156250 0.021875 0.029167
1 0.117969 0.207292 0.051562 0.043750
1 0.148438 0.267708 0.043750 0.064583
1 0.570312 0.984375 0.093750 0.031250
