0 0.203000 0.540541 0.030000 0.174174
0 0.260000 0.653153 0.072000 0.369369
0 0.393000 0.569069 0.058000 0.231231
0 0.456000 0.636637 0.092000 0.504505
0 0.568000 0.591592 0.056000 0.204204
0 0.650000 0.605105 0.148000 0.573574
0 0.821000 0.734234 0.166000 0.423423
0 0.867000 0.503003 0.042000 0.111111
0 0.824000 0.512012 0.020000 0.135135
0 0.719000 0.509009 0.018000 0.081081
0 0.154000 0.487988 0.024000 0.081081
0 0.093000 0.481982 0.014000 0.039039
0 0.197000 0.399399 0.014000 0.036036
0 0.068000 0.480480 0.012000 0.030030
0 0.946000 0.487988 0.016000 0.033033
0 0.911000 0.478979 0.014000 0.039039
0 0.955000 0.363363 0.010000 0.030030
0 0.908000 0.385886 0.008000 0.015015
0 0.793000 0.433934 0.014000 0.015015
0 0.763000 0.444444 0.010000 0.018018
0 0.964000 0.306306 0.012000 0.018018
0 0.914000 0.348348 0.016000 0.024024
0 0.884000 0.327327 0.008000 0.024024
0 0.776000 0.319820 0.012000 0.027027
0 0.810000 0.286787 0.016000 0.027027
0 0.323000 0.376877 0.010000 0.021021
0 0.340000 0.364865 0.008000 0.021021
0 0.689000 0.430931 0.010000 0.033033
