2 0.624219 0.105469 0.060937 0.113281
2 0.784375 0.098633 0.071875 0.111328
2 0.071094 0.497070 0.026562 0.037109
2 0.078906 0.461914 0.017188 0.025391
2 0.039844 0.397461 0.023438 0.044922
1 0.017969 0.616211 0.029687 0.099609
1 0.043750 0.611328 0.043750 0.105469
1 0.082031 0.590820 0.079687 0.119141
1 0.196094 0.597656 0.123438 0.121094
1 0.285938 0.599609 0.037500 0.066406
1 0.357031 0.605469 0.060937 0.074219
0 0.355469 0.551758 0.039062 0.021484
0 0.301563 0.531250 0.043750 0.031250
0 0.400000 0.535156 0.037500 0.039062
0 0.453125 0.551758 0.053125 0.041016
0 0.454688 0.521484 0.034375 0.027344
0 0.521875 0.522461 0.028125 0.033203
1 0.582812 0.437500 0.065625 0.210938
1 0.778125 0.652344 0.443750 0.675781
