0 0.016406 0.331382 0.020313 0.058548
0 0.060937 0.341920 0.021875 0.037471
0 0.128906 0.347775 0.026562 0.049180
1 0.101562 0.552693 0.193750 0.365340
1 0.275000 0.511710 0.125000 0.194379
0 0.262500 0.371194 0.025000 0.072600
0 0.285156 0.385246 0.023438 0.044496
0 0.303906 0.344262 0.020313 0.042155
1 0.369531 0.406323 0.104688 0.199063
1 0.528906 0.348946 0.107813 0.121780
1 0.638281 0.351288 0.095312 0.154567
1 0.692187 0.357143 0.028125 0.067916
0 0.719531 0.333724 0.017188 0.053864
1 0.738281 0.291569 0.026562 0.053864
1 0.783594 0.340749 0.039062 0.053864
1 0.853125 0.382904 0.056250 0.114754
1 0.937500 0.364169 0.065625 0.091335
0 0.932031 0.441452 0.032813 0.081967
0 0.896094 0.469555 0.045312 0.086651
1 0.939844 0.566745 0.120313 0.196721
1 0.958594 0.710773 0.082812 0.180328
0 0.774219 0.515222 0.098437 0.243560
0 0.690625 0.556206 0.087500 0.255269
0 0.470313 0.539813 0.143750 0.334895
2 0.208594 0.148712 0.032813 0.105386
