0 0.435937 0.465625 0.075000 0.385417
0 0.521875 0.322917 0.031250 0.095833
0 0.480469 0.323958 0.029687 0.093750
0 0.352344 0.313542 0.032813 0.072917
0 0.296094 0.333333 0.026562 0.070833
0 0.313281 0.297917 0.023438 0.054167
0 0.257812 0.310417 0.021875 0.062500
0 0.244531 0.264583 0.023438 0.058333
0 0.282031 0.271875 0.023438 0.043750
0 0.089063 0.332292 0.037500 0.052083
0 0.015625 0.337500 0.021875 0.075000
0 0.013281 0.209375 0.023438 0.064583
0 0.053906 0.137500 0.026562 0.045833
0 0.085938 0.150000 0.031250 0.062500
0 0.185156 0.091667 0.023438 0.054167
0 0.228906 0.076042 0.017188 0.035417
0 0.248438 0.140625 0.025000 0.072917
0 0.212500 0.200000 0.021875 0.045833
0 0.166406 0.203125 0.029687 0.056250
0 0.130469 0.206250 0.032813 0.058333
0 0.213281 0.135417 0.020313 0.033333
0 0.272656 0.077083 0.014063 0.045833
0 0.298438 0.072917 0.018750 0.033333
0 0.325781 0.103125 0.023438 0.043750
0 0.366406 0.117708 0.026562 0.060417
0 0.370312 0.052083 0.018750 0.058333
0 0.403906 0.056250 0.023438 0.050000
0 0.525781 0.054167 0.023438 0.066667
0 0.508594 0.147917 0.020313 0.045833
0 0.554688 0.143750 0.021875 0.062500
0 0.361719 0.192708 0.017188 0.043750
0 0.330469 0.171875 0.032813 0.052083
0 0.448437 0.235417 0.025000 0.045833
0 0.649219 0.287500 0.029687 0.079167
0 0.705469 0.267708 0.045312 0.068750
0 0.742188 0.250000 0.021875 0.054167
0 0.771875 0.279167 0.025000 0.087500
0 0.831250 0.211458 0.025000 0.097917
0 0.916406 0.177083 0.032813 0.075000
0 0.916406 0.242708 0.026562 0.068750
0 0.867188 0.280208 0.025000 0.064583
0 0.961719 0.251042 0.032813 0.089583
0 0.980469 0.189583 0.029687 0.062500
0 0.910156 0.071875 0.026562 0.068750
0 0.950781 0.078125 0.026562 0.056250
0 0.802344 0.043750 0.029687 0.045833
0 0.803125 0.102083 0.028125 0.062500
0 0.731250 0.141667 0.031250 0.070833
0 0.681250 0.155208 0.037500 0.072917
0 0.829688 0.015625 0.028125 0.027083
0 0.978906 0.026042 0.023438 0.043750
