0 0.070000 0.358667 0.084000 0.328000
0 0.156000 0.344000 0.096000 0.320000
0 0.300000 0.354667 0.056000 0.224000
0 0.353000 0.305333 0.054000 0.136000
0 0.473000 0.537333 0.098000 0.600000
0 0.536000 0.292000 0.036000 0.125333
0 0.609000 0.261333 0.038000 0.106667
0 0.663000 0.248000 0.026000 0.058667
0 0.692000 0.249333 0.036000 0.056000
0 0.733000 0.205333 0.038000 0.117333
0 0.779000 0.266667 0.098000 0.197333
0 0.847000 0.262667 0.030000 0.077333
0 0.874000 0.221333 0.024000 0.037333
0 0.891000 0.252000 0.038000 0.050667
0 0.946000 0.244000 0.080000 0.088000
0 0.987000 0.336000 0.026000 0.160000
