0 0.018791 0.285131 0.034314 0.070261
0 0.069444 0.299837 0.053922 0.112745
0 0.120098 0.299020 0.053922 0.127451
0 0.166667 0.330065 0.029412 0.062092
0 0.241013 0.450163 0.122549 0.566993
0 0.367647 0.445261 0.192810 0.870915
0 0.486111 0.281863 0.040850 0.060458
0 0.803105 0.290850 0.027778 0.045752
0 0.761438 0.298203 0.029412 0.050654
0 0.741830 0.286765 0.019608 0.027778
0 0.727124 0.291667 0.022876 0.044118
0 0.699346 0.300654 0.022876 0.032680
0 0.673203 0.291667 0.026144 0.047386
0 0.969771 0.377451 0.060458 0.189542
