2 0.117969 0.344792 0.064062 0.243750
2 0.232031 0.360417 0.048438 0.133333
2 0.207813 0.504167 0.025000 0.058333
2 0.264844 0.513542 0.020313 0.047917
0 0.016406 0.577083 0.029687 0.083333
0 0.046875 0.594792 0.040625 0.089583
0 0.081250 0.741667 0.087500 0.391667
0 0.144531 0.606250 0.032813 0.108333
0 0.221094 0.618750 0.026562 0.108333
0 0.266406 0.616667 0.026562 0.104167
0 0.305469 0.608333 0.020313 0.091667
0 0.332031 0.614583 0.020313 0.087500
0 0.385156 0.788542 0.101562 0.406250
0 0.428906 0.614583 0.020313 0.058333
0 0.466406 0.616667 0.042188 0.133333
0 0.532031 0.651042 0.054688 0.135417
0 0.654687 0.655208 0.040625 0.147917
0 0.765625 0.698958 0.106250 0.368750
1 0.812500 0.568750 0.062500 0.095833
1 0.714844 0.582292 0.017188 0.018750
