2 0.753906 0.307407 0.032813 0.106173
2 0.718750 0.340741 0.021875 0.044444
2 0.239844 0.490123 0.048438 0.145679
2 0.174219 0.492593 0.051562 0.160494
2 0.167187 0.211111 0.059375 0.076543
2 0.185938 0.318519 0.065625 0.103704
2 0.365625 0.444444 0.046875 0.083951
1 0.436719 0.869136 0.079687 0.113580
1 0.457031 0.798765 0.039062 0.037037
0 0.764062 0.865432 0.040625 0.135802
1 0.829688 0.875309 0.081250 0.101235
1 0.735156 0.850617 0.026562 0.081481
1 0.700781 0.839506 0.032813 0.064198
1 0.650781 0.818519 0.032813 0.051852
1 0.614844 0.808642 0.026562 0.046914
1 0.592187 0.802469 0.021875 0.039506
1 0.563281 0.796296 0.017188 0.027160
1 0.023438 0.888889 0.043750 0.143210
2 0.512500 0.711111 0.009375 0.019753
