0 0.843954 0.482026 0.080065 0.356209
0 0.941993 0.367647 0.047386 0.199346
0 0.768791 0.330065 0.053922 0.104575
0 0.691993 0.362745 0.060458 0.196078
0 0.591503 0.468137 0.062092 0.246732
0 0.544118 0.368464 0.042484 0.217320
0 0.610294 0.297386 0.034314 0.068627
0 0.467320 0.322712 0.035948 0.099673
0 0.446078 0.317810 0.026144 0.066993
0 0.392157 0.353758 0.035948 0.187908
0 0.288399 0.293301 0.027778 0.073529
0 0.239379 0.308824 0.027778 0.075163
0 0.269608 0.286765 0.016340 0.073529
0 0.214052 0.294118 0.019608 0.062092
0 0.082516 0.304739 0.024510 0.086601
0 0.143791 0.308824 0.026144 0.071895
0 0.060458 0.302288 0.029412 0.084967
