2 0.803125 0.198516 0.062500 0.129870
2 0.918750 0.509276 0.021875 0.042672
1 0.783594 0.694805 0.070312 0.068646
1 0.732812 0.671614 0.018750 0.025974
1 0.610938 0.695733 0.046875 0.048237
2 0.596094 0.615955 0.004687 0.014842
2 0.566406 0.617811 0.004687 0.011132
1 0.548438 0.668831 0.018750 0.020408
1 0.507812 0.655844 0.025000 0.012987
2 0.253125 0.495362 0.062500 0.077922
2 0.290625 0.602041 0.034375 0.042672
2 0.152344 0.404453 0.032813 0.063080
2 0.152344 0.491651 0.042188 0.089054
1 0.121094 0.727273 0.107813 0.129870
0 0.455469 0.673469 0.014063 0.037106
