2 0.517188 0.400815 0.015625 0.051630
2 0.468750 0.422554 0.012500 0.046196
2 0.123438 0.255435 0.015625 0.070652
2 0.190625 0.437500 0.009375 0.032609
1 0.053906 0.593750 0.020313 0.019022
1 0.099219 0.592391 0.026562 0.021739
1 0.137500 0.599185 0.015625 0.024457
1 0.156250 0.604620 0.012500 0.024457
1 0.179688 0.601902 0.021875 0.035326
1 0.206250 0.611413 0.015625 0.038043
1 0.241406 0.614130 0.051562 0.048913
2 0.364844 0.533967 0.007812 0.040761
1 0.535937 0.626359 0.071875 0.046196
1 0.553125 0.607337 0.071875 0.051630
2 0.626563 0.510870 0.021875 0.114130
