0 0.245312 0.696401 0.203125 0.228482
0 0.228906 0.920188 0.148438 0.134585
0 0.078906 0.556338 0.123438 0.276995
0 0.158594 0.415493 0.110937 0.161189
0 0.171094 0.303599 0.060937 0.090767
0 0.287500 0.326291 0.196875 0.208138
0 0.514844 0.453052 0.098437 0.142410
0 0.579688 0.599374 0.137500 0.169014
0 0.474219 0.793427 0.214062 0.294210
0 0.666406 0.913146 0.164062 0.133020
0 0.806250 0.770736 0.190625 0.298905
0 0.884375 0.521909 0.162500 0.239437
0 0.758594 0.539124 0.135937 0.179969
0 0.594531 0.280125 0.295312 0.331768
