0 0.446094 0.679688 0.032813 0.114583
0 0.384375 0.720052 0.053125 0.039062
0 0.232813 0.770833 0.106250 0.088542
0 0.258594 0.725260 0.073438 0.033854
0 0.085156 0.690104 0.039062 0.161458
0 0.068750 0.747396 0.040625 0.098958
0 0.031250 0.725260 0.056250 0.169271
0 0.053125 0.871094 0.103125 0.096354
0 0.787500 0.661458 0.025000 0.104167
0 0.750781 0.636719 0.020313 0.033854
0 0.726562 0.790365 0.193750 0.075521
0 0.764844 0.694010 0.032813 0.075521
0 0.866406 0.695312 0.032813 0.046875
0 0.896875 0.713542 0.015625 0.031250
0 0.868750 0.763021 0.134375 0.078125
