2 0.563281 0.342893 0.032813 0.112219
2 0.486719 0.377805 0.014063 0.052369
2 0.471094 0.366584 0.017188 0.069825
2 0.474219 0.295511 0.020313 0.052369
2 0.167187 0.394015 0.028125 0.079800
1 0.034375 0.709476 0.065625 0.326683
0 0.336719 0.561097 0.057813 0.249377
1 0.429688 0.594763 0.125000 0.192020
1 0.374219 0.481297 0.048438 0.044888
0 0.392969 0.421446 0.007812 0.024938
0 0.367969 0.422693 0.014063 0.037406
1 0.540625 0.498753 0.034375 0.064838
1 0.510156 0.491272 0.026562 0.064838
1 0.479687 0.432668 0.028125 0.032419
1 0.637500 0.441397 0.112500 0.284289
1 0.730469 0.587282 0.129688 0.157107
2 0.771094 0.311721 0.017188 0.059850
2 0.767969 0.387781 0.014063 0.057357
2 0.758594 0.396509 0.010937 0.059850
0 0.902344 0.564838 0.020313 0.172070
0 0.924219 0.571072 0.020313 0.144638
0 0.934375 0.512469 0.018750 0.042394
0 0.953906 0.556110 0.023438 0.149626
