0 0.33906250000000004 0.9239583333333333 0.0625 0.13125
0 0.21875 0.9114583333333334 0.10312500000000001 0.15625
0 0.9640625 0.6458333333333334 0.053125000000000006 0.1
0 0.8453125 0.6447916666666667 0.07500000000000001 0.11875
0 0.6531250000000001 0.5791666666666666 0.046875 0.10833333333333334
0 0.42265625 0.5583333333333333 0.0546875 0.09166666666666666
0 0.353125 0.5125 0.03125 0.1
0 0.17578125 0.5104166666666666 0.0328125 0.05
0 0.21171875 0.5302083333333333 0.0421875 0.07291666666666667
0 0.10859375 0.525 0.0484375 0.029166666666666667
0 0.07187500000000001 0.5114583333333333 0.037500000000000006 0.03125
0 0.015625 0.5 0.03125 0.05
0 0.04296875 0.5083333333333333 0.026562500000000003 0.041666666666666664
0 0.06406250000000001 0.453125 0.040625 0.03125
0 0.1046875 0.4552083333333333 0.05 0.01875
