0 0.771094 0.346604 0.064062 0.370023
0 0.711719 0.305621 0.048438 0.264637
1 0.875000 0.339578 0.065625 0.098361
1 0.933594 0.354801 0.035937 0.044496
0 0.964063 0.365340 0.009375 0.042155
1 0.987500 0.350117 0.021875 0.044496
1 0.935937 0.528103 0.071875 0.053864
0 0.992188 0.555035 0.015625 0.074941
1 0.636719 0.346604 0.064062 0.032787
1 0.602344 0.316159 0.064062 0.037471
1 0.550781 0.317330 0.035937 0.035129
1 0.540625 0.297424 0.056250 0.037471
1 0.490625 0.298595 0.031250 0.044496
1 0.435156 0.289227 0.026562 0.044496
1 0.380469 0.291569 0.070312 0.044496
0 0.388281 0.295082 0.010937 0.042155
0 0.435156 0.343091 0.010937 0.039813
0 0.446875 0.344262 0.012500 0.042155
1 0.221094 0.282201 0.029687 0.044496
1 0.185938 0.278689 0.034375 0.046838
1 0.104688 0.271663 0.031250 0.060890
1 0.015625 0.279859 0.021875 0.039813
