2 0.650781 0.423611 0.035937 0.147222
0 0.872656 0.675000 0.029687 0.116667
0 0.896875 0.655556 0.025000 0.083333
1 0.897656 0.631944 0.085938 0.063889
0 0.960156 0.630556 0.026562 0.072222
1 0.954688 0.647222 0.043750 0.077778
0 0.618750 0.672222 0.018750 0.072222
0 0.743750 0.651389 0.018750 0.075000
0 0.732031 0.636111 0.010937 0.061111
0 0.578906 0.652778 0.017188 0.061111
0 0.597656 0.661111 0.014063 0.072222
0 0.533594 0.675000 0.032813 0.105556
0 0.500781 0.668056 0.020313 0.075000
0 0.481250 0.693056 0.034375 0.119444
0 0.436719 0.683333 0.020313 0.061111
0 0.407813 0.701389 0.034375 0.091667
0 0.346875 0.715278 0.034375 0.136111
0 0.236719 0.681944 0.026562 0.080556
0 0.224219 0.734722 0.042188 0.136111
0 0.114844 0.790278 0.076563 0.263889
0 0.027344 0.701389 0.023438 0.086111
0 0.010937 0.731944 0.018750 0.097222
1 0.103125 0.637500 0.193750 0.247222
1 0.322656 0.630556 0.123438 0.066667
