0 0.030469 0.495294 0.048438 0.383529
0 0.073438 0.438824 0.031250 0.270588
0 0.110937 0.329412 0.021875 0.098824
0 0.149219 0.472941 0.060937 0.414118
0 0.135937 0.327059 0.028125 0.042353
0 0.190625 0.320000 0.018750 0.051765
0 0.213281 0.337647 0.039062 0.091765
0 0.273438 0.607059 0.125000 0.640000
0 0.332813 0.494118 0.053125 0.357647
0 0.371094 0.341176 0.045312 0.169412
0 0.416406 0.542353 0.070312 0.407059
0 0.482031 0.487059 0.070312 0.428235
0 0.563281 0.511765 0.098437 0.449412
0 0.695312 0.525882 0.103125 0.496471
0 0.796094 0.581176 0.085938 0.564706
0 0.880469 0.340000 0.039062 0.129412
0 0.908594 0.591765 0.067187 0.680000
