0 0.102344 0.319038 0.135937 0.341004
0 0.180469 0.287657 0.042188 0.102510
0 0.252344 0.301255 0.076563 0.163180
0 0.342187 0.296025 0.081250 0.148536
0 0.446094 0.372385 0.035937 0.075314
0 0.559375 0.400628 0.150000 0.127615
1 0.409375 0.588912 0.746875 0.525105
0 0.842969 0.435146 0.020313 0.108787
0 0.871875 0.430962 0.028125 0.112971
0 0.910937 0.415272 0.021875 0.048117
0 0.935937 0.398536 0.012500 0.043933
0 0.971875 0.403766 0.021875 0.046025
1 0.807031 0.352510 0.029687 0.023013
1 0.961719 0.347280 0.035937 0.025105
