0 0.049219 0.643750 0.029687 0.066667
0 0.028906 0.604167 0.017188 0.037500
0 0.046094 0.579167 0.020313 0.025000
0 0.064844 0.577083 0.020313 0.041667
0 0.130469 0.578125 0.023438 0.035417
0 0.168750 0.577083 0.037500 0.083333
0 0.203125 0.601042 0.031250 0.060417
0 0.243750 0.579167 0.015625 0.016667
0 0.248438 0.598958 0.015625 0.035417
0 0.299219 0.595833 0.029687 0.029167
0 0.343750 0.618750 0.037500 0.087500
0 0.380469 0.568750 0.042188 0.070833
0 0.403906 0.601042 0.010937 0.031250
0 0.428906 0.580208 0.020313 0.031250
0 0.452344 0.586458 0.017188 0.039583
0 0.460938 0.613542 0.018750 0.027083
0 0.479687 0.597917 0.009375 0.025000
0 0.503906 0.585417 0.014063 0.025000
0 0.538281 0.582292 0.014063 0.031250
0 0.549219 0.611458 0.020313 0.047917
0 0.572656 0.612500 0.014063 0.050000
0 0.582031 0.587500 0.017188 0.037500
0 0.614844 0.596875 0.014063 0.018750
0 0.631250 0.605208 0.012500 0.027083
0 0.660156 0.607292 0.026562 0.052083
0 0.685937 0.596875 0.021875 0.027083
0 0.705469 0.603125 0.010937 0.039583
0 0.730469 0.601042 0.017188 0.039583
0 0.753906 0.610417 0.020313 0.037500
0 0.777344 0.590625 0.020313 0.035417
0 0.814063 0.607292 0.015625 0.039583
0 0.862500 0.610417 0.012500 0.025000
0 0.846875 0.606250 0.009375 0.033333
0 0.916406 0.623958 0.017188 0.039583
0 0.966406 0.616667 0.023438 0.037500
0 0.941406 0.611458 0.017188 0.035417
0 0.932031 0.593750 0.014063 0.025000
0 0.990625 0.618750 0.018750 0.041667
0 0.618750 0.877083 0.075000 0.233333
0 0.504687 0.836458 0.115625 0.231250
