0 0.918750 0.658025 0.053125 0.180247
0 0.790625 0.582716 0.043750 0.143210
0 0.697656 0.483951 0.032813 0.143210
0 0.619531 0.387654 0.070312 0.123457
0 0.550000 0.314815 0.065625 0.086420
0 0.485156 0.272840 0.048438 0.111111
0 0.436719 0.246914 0.029687 0.069136
0 0.390625 0.253086 0.037500 0.091358
0 0.348438 0.246914 0.031250 0.069136
0 0.316406 0.274074 0.042188 0.069136
0 0.282813 0.323457 0.037500 0.074074
0 0.254688 0.362963 0.043750 0.069136
0 0.225781 0.422222 0.048438 0.039506
0 0.196875 0.477778 0.046875 0.066667
