1 0.778906 0.819672 0.045312 0.046838
1 0.707031 0.909836 0.135937 0.096019
1 0.729688 0.827869 0.037500 0.058548
1 0.695312 0.816159 0.021875 0.035129
1 0.664062 0.845433 0.043750 0.056206
1 0.616406 0.854801 0.054688 0.065574
1 0.521094 0.875878 0.064062 0.074941
1 0.546094 0.831382 0.042188 0.046838
1 0.413281 0.862998 0.076563 0.091335
1 0.475000 0.846604 0.034375 0.063232
1 0.325781 0.877049 0.082812 0.067916
1 0.345313 0.837237 0.056250 0.025761
1 0.239844 0.872365 0.067187 0.058548
1 0.275000 0.833724 0.046875 0.037471
1 0.167969 0.870023 0.060937 0.067916
1 0.189062 0.814988 0.037500 0.028103
1 0.101562 0.872365 0.062500 0.077283
1 0.035937 0.878220 0.056250 0.084309
1 0.078125 0.831382 0.037500 0.028103
1 0.129688 0.820843 0.043750 0.030445
