0 0.881250 0.364486 0.118750 0.621495
0 0.678125 0.174065 0.065625 0.217290
0 0.639062 0.488318 0.084375 0.471963
0 0.618750 0.162383 0.062500 0.156542
0 0.500781 0.528037 0.160938 0.855140
0 0.551562 0.160047 0.053125 0.184579
0 0.460938 0.156542 0.037500 0.163551
0 0.393750 0.204439 0.062500 0.156542
0 0.355469 0.339953 0.060937 0.203271
0 0.307812 0.390187 0.081250 0.186916
0 0.227344 0.420561 0.095312 0.308411
0 0.134375 0.398364 0.093750 0.245327
0 0.059375 0.392523 0.084375 0.294393
0 0.021094 0.428738 0.035937 0.432243
