2 0.611719 0.483607 0.039062 0.072600
2 0.877344 0.667447 0.035937 0.079625
1 0.736719 0.893443 0.082812 0.100703
0 0.798438 0.874707 0.012500 0.081967
0 0.845313 0.866511 0.012500 0.065574
0 0.989844 0.859485 0.017188 0.065574
1 0.577344 0.840749 0.132812 0.173302
1 0.464844 0.893443 0.073438 0.081967
1 0.489844 0.839578 0.032813 0.030445
1 0.364063 0.898126 0.065625 0.072600
1 0.260937 0.844262 0.121875 0.180328
1 0.094531 0.891101 0.054688 0.081967
1 0.145313 0.898126 0.034375 0.063232
1 0.181250 0.899297 0.028125 0.051522
2 0.105469 0.548009 0.020313 0.060890
2 0.124219 0.545667 0.014063 0.051522
1 0.011719 0.831382 0.020313 0.173302
2 0.457813 0.777518 0.006250 0.014052
