2 0.611719 0.134375 0.060937 0.164583
2 0.894531 0.139583 0.057813 0.166667
2 0.714844 0.715625 0.010937 0.027083
1 0.769531 0.815625 0.035937 0.039583
2 0.807813 0.764583 0.012500 0.029167
1 0.876563 0.827083 0.040625 0.045833
1 0.972656 0.835417 0.054688 0.062500
1 0.466406 0.850000 0.076563 0.108333
1 0.284375 0.881250 0.153125 0.150000
2 0.421875 0.677083 0.015625 0.033333
2 0.407031 0.700000 0.010937 0.033333
2 0.356250 0.676042 0.015625 0.031250
2 0.293750 0.676042 0.009375 0.031250
2 0.242188 0.689583 0.012500 0.025000
2 0.180469 0.686458 0.010937 0.039583
2 0.117969 0.687500 0.014063 0.033333
1 0.103906 0.816667 0.039062 0.033333
1 0.153906 0.809375 0.045312 0.052083
1 0.220312 0.809375 0.021875 0.047917
2 0.351562 0.760417 0.009375 0.029167
2 0.337500 0.752083 0.009375 0.029167
2 0.253125 0.738542 0.012500 0.022917
1 0.373437 0.805208 0.025000 0.039583
1 0.402344 0.805208 0.026562 0.031250
