1 0.309375 0.530585 0.440625 0.364362
0 0.550781 0.609043 0.010937 0.132979
0 0.565625 0.602394 0.015625 0.119681
0 0.584375 0.562500 0.015625 0.050532
0 0.596875 0.676862 0.046875 0.257979
0 0.625781 0.602394 0.023438 0.140957
0 0.650000 0.609043 0.015625 0.122340
0 0.694531 0.543883 0.017188 0.029255
0 0.696094 0.686170 0.042188 0.271277
0 0.754687 0.678191 0.021875 0.265957
0 0.807031 0.711436 0.051562 0.401596
0 0.875781 0.613032 0.020313 0.130319
0 0.903906 0.744681 0.039062 0.367021
0 0.945312 0.711436 0.050000 0.348404
1 0.972656 0.619681 0.054688 0.111702
