2 0.732812 0.383529 0.018750 0.070588
2 0.808594 0.361176 0.032813 0.077647
1 0.671875 0.781176 0.271875 0.277647
1 0.495312 0.748235 0.087500 0.211765
1 0.221875 0.756471 0.106250 0.200000
1 0.100000 0.769412 0.131250 0.282353
2 0.258594 0.517647 0.017188 0.047059
2 0.356250 0.397647 0.021875 0.061176
2 0.346875 0.340000 0.031250 0.091765
2 0.311719 0.324706 0.029687 0.075294
2 0.243750 0.348235 0.037500 0.070588
1 0.429688 0.634118 0.043750 0.054118
1 0.628906 0.614118 0.042188 0.032941
1 0.580469 0.621176 0.023438 0.028235
1 0.521875 0.590588 0.018750 0.023529
1 0.507031 0.625882 0.042188 0.028235
1 0.488281 0.602353 0.035937 0.037647
2 0.850000 0.522353 0.021875 0.047059
