2 0.677000 0.450667 0.042000 0.138667
2 0.622000 0.452000 0.048000 0.136000
1 0.804000 0.714667 0.080000 0.112000
1 0.373000 0.876000 0.166000 0.216000
1 0.031000 0.697333 0.050000 0.098667
1 0.062000 0.678667 0.032000 0.082667
1 0.225000 0.593333 0.038000 0.045333
0 0.321000 0.586667 0.018000 0.058667
1 0.325000 0.536000 0.026000 0.069333
1 0.603000 0.637333 0.054000 0.053333
1 0.679000 0.629333 0.050000 0.064000
2 0.670000 0.772000 0.024000 0.066667
2 0.622000 0.780000 0.028000 0.082667
1 0.560000 0.629333 0.028000 0.064000
1 0.592000 0.582667 0.040000 0.029333
1 0.529000 0.585333 0.030000 0.045333
1 0.527000 0.550667 0.026000 0.024000
1 0.435000 0.538667 0.046000 0.058667
2 0.499000 0.486667 0.014000 0.040000
2 0.289000 0.481333 0.026000 0.040000
2 0.921000 0.524000 0.022000 0.072000
0 0.849000 0.612000 0.022000 0.061333
0 0.806000 0.582667 0.016000 0.050667
1 0.971000 0.666667 0.058000 0.069333
1 0.972000 0.613333 0.056000 0.042667
0 0.899000 0.593333 0.010000 0.050667
