0 0.9320312500000001 0.8152173913043478 0.1203125 0.1902173913043478
0 0.85078125 0.8301630434782609 0.051562500000000004 0.1331521739130435
0 0.8054687500000001 0.842391304347826 0.045312500000000006 0.07608695652173914
0 0.7757812500000001 0.8383152173913043 0.0140625 0.07880434782608696
0 0.759375 0.8301630434782609 0.018750000000000003 0.06793478260869565
0 0.7312500000000001 0.8355978260869565 0.028125 0.057065217391304345
0 0.7117187500000001 0.8288043478260869 0.0140625 0.03804347826086957
0 0.67890625 0.8328804347826086 0.0234375 0.035326086956521736
0 0.634375 0.8192934782608695 0.028125 0.051630434782608696
0 0.603125 0.8260869565217391 0.03125 0.043478260869565216
0 0.56875 0.8220108695652174 0.021875000000000002 0.04619565217391304
0 0.5421875 0.8260869565217391 0.025 0.02717391304347826
0 0.47109375000000003 0.8301630434782609 0.029687500000000002 0.04619565217391304
0 0.23984375000000002 0.8165760869565217 0.0859375 0.14402173913043478
0 0.12421875 0.8410326086956521 0.1296875 0.16032608695652173
0 0.02890625 0.8233695652173912 0.0578125 0.1793478260869565
0 0.5203125000000001 0.8288043478260869 0.0125 0.02717391304347826
