1 0.760000 0.854667 0.164000 0.184000
0 0.952000 0.818667 0.016000 0.037333
1 0.965000 0.866667 0.062000 0.074667
1 0.608000 0.837333 0.044000 0.053333
1 0.664000 0.837333 0.036000 0.037333
2 0.614000 0.740000 0.012000 0.024000
2 0.575000 0.737333 0.014000 0.029333
2 0.446000 0.668000 0.020000 0.040000
2 0.393000 0.677333 0.014000 0.037333
2 0.347000 0.764000 0.010000 0.040000
2 0.363000 0.769333 0.014000 0.029333
2 0.289000 0.750667 0.018000 0.040000
1 0.421000 0.818667 0.062000 0.074667
1 0.463000 0.842667 0.018000 0.037333
1 0.163000 0.852000 0.090000 0.104000
1 0.064000 0.869333 0.116000 0.117333
0 0.299000 0.836000 0.010000 0.045333
0 0.330000 0.832000 0.012000 0.037333
