0 0.028125 0.599532 0.050000 0.201405
0 0.114062 0.745902 0.081250 0.386417
0 0.205469 0.653396 0.067187 0.149883
0 0.252344 0.598361 0.048438 0.128806
0 0.308594 0.723653 0.070312 0.370023
0 0.353906 0.639344 0.023438 0.065574
0 0.378125 0.628806 0.012500 0.053864
0 0.393750 0.639344 0.021875 0.079625
0 0.412500 0.792740 0.037500 0.353630
0 0.453906 0.777518 0.042188 0.416862
0 0.473438 0.641686 0.018750 0.051522
0 0.504687 0.639344 0.018750 0.042155
0 0.532813 0.742389 0.037500 0.234192
0 0.582031 0.778689 0.045312 0.367681
0 0.618750 0.635831 0.018750 0.067916
0 0.646875 0.795082 0.031250 0.320843
0 0.684375 0.682670 0.034375 0.096019
0 0.655469 0.613583 0.023438 0.032787
0 0.757031 0.768150 0.095312 0.365340
0 0.816406 0.666276 0.026562 0.067916
0 0.845313 0.661593 0.025000 0.072600
0 0.900781 0.709602 0.045312 0.149883
0 0.867188 0.659251 0.025000 0.086651
0 0.940625 0.640515 0.031250 0.077283
0 0.971094 0.688525 0.042188 0.117096
0 0.982031 0.785714 0.032813 0.086651
0 0.947656 0.843091 0.060937 0.140515
