0 0.055469 0.321875 0.095312 0.256250
0 0.041406 0.054167 0.045312 0.095833
0 0.081250 0.052083 0.037500 0.070833
0 0.128125 0.059375 0.040625 0.072917
0 0.182812 0.047917 0.040625 0.091667
0 0.237500 0.044792 0.056250 0.077083
0 0.296875 0.038542 0.059375 0.072917
0 0.323437 0.018750 0.028125 0.033333
0 0.360156 0.039583 0.051562 0.075000
0 0.388281 0.025000 0.020313 0.041667
0 0.435156 0.035417 0.048438 0.062500
0 0.483594 0.030208 0.032813 0.052083
0 0.531250 0.033333 0.050000 0.054167
0 0.643750 0.027083 0.046875 0.045833
0 0.727344 0.019792 0.073438 0.035417
0 0.982031 0.146875 0.035937 0.172917
0 0.928125 0.208333 0.093750 0.270833
0 0.846875 0.272917 0.065625 0.133333
0 0.741406 0.289583 0.073438 0.179167
0 0.636719 0.262500 0.067187 0.112500
0 0.573438 0.313542 0.075000 0.156250
0 0.489844 0.320833 0.067187 0.120833
0 0.414062 0.329167 0.059375 0.137500
0 0.349219 0.540625 0.192188 0.514583
0 0.211719 0.356250 0.064062 0.133333
