2 0.338281 0.366667 0.023438 0.075000
2 0.309375 0.364583 0.018750 0.075000
0 0.457813 0.793750 0.046875 0.233333
0 0.414844 0.708333 0.026562 0.125000
0 0.371875 0.716667 0.034375 0.133333
0 0.341406 0.757292 0.048438 0.168750
0 0.303125 0.757292 0.031250 0.168750
0 0.278906 0.684375 0.020313 0.052083
0 0.266406 0.739583 0.042188 0.170833
0 0.226562 0.865625 0.100000 0.239583
0 0.181250 0.710417 0.025000 0.066667
0 0.207031 0.707292 0.029687 0.068750
0 0.215625 0.670833 0.021875 0.033333
0 0.146094 0.703125 0.023438 0.102083
0 0.128906 0.703125 0.017188 0.077083
0 0.116406 0.695833 0.017188 0.070833
0 0.070312 0.696875 0.040625 0.097917
0 0.032813 0.680208 0.021875 0.064583
0 0.521875 0.700000 0.015625 0.087500
0 0.555469 0.704167 0.023438 0.079167
0 0.585156 0.707292 0.017188 0.097917
0 0.600000 0.706250 0.012500 0.070833
0 0.613281 0.715625 0.017188 0.081250
1 0.080469 0.852083 0.145313 0.258333
0 0.735156 0.701042 0.014063 0.064583
0 0.710938 0.712500 0.018750 0.079167
0 0.755469 0.782292 0.023438 0.156250
0 0.785937 0.777083 0.031250 0.166667
0 0.817969 0.754167 0.035937 0.162500
0 0.854688 0.769792 0.037500 0.222917
0 0.907031 0.759375 0.042188 0.218750
0 0.957031 0.784375 0.042188 0.210417
0 0.991406 0.777083 0.017188 0.183333
2 0.626563 0.521875 0.025000 0.072917
2 0.661719 0.563542 0.020313 0.035417
2 0.505469 0.585417 0.017188 0.033333
