0 0.041406 0.485417 0.054688 0.100000
0 0.064844 0.414583 0.020313 0.083333
0 0.046094 0.401042 0.020313 0.047917
0 0.109375 0.453125 0.028125 0.127083
0 0.085156 0.441667 0.026562 0.141667
0 0.163281 0.411458 0.029687 0.110417
0 0.192188 0.401042 0.015625 0.068750
0 0.207813 0.433333 0.015625 0.054167
0 0.258594 0.438542 0.045312 0.077083
0 0.310937 0.412500 0.031250 0.095833
0 0.376563 0.568750 0.093750 0.220833
0 0.447656 0.476042 0.048438 0.168750
0 0.535156 0.518750 0.070312 0.245833
0 0.638281 0.385417 0.017188 0.054167
0 0.771094 0.377083 0.023438 0.066667
0 0.789844 0.577083 0.107813 0.525000
0 0.881250 0.402083 0.031250 0.166667
0 0.917969 0.518750 0.048438 0.220833
0 0.957812 0.414583 0.028125 0.075000
0 0.975000 0.495833 0.043750 0.075000
