0 0.074219 0.776347 0.035937 0.180328
0 0.034375 0.887588 0.043750 0.224824
1 0.385937 0.716628 0.143750 0.318501
1 0.514062 0.707260 0.043750 0.098361
1 0.644531 0.660422 0.207813 0.468384
1 0.767969 0.593677 0.045312 0.255269
1 0.465625 0.581967 0.065625 0.180328
1 0.521094 0.546838 0.054688 0.185012
2 0.807031 0.528103 0.014063 0.044496
0 0.834375 0.608899 0.015625 0.060890
0 0.853125 0.610070 0.015625 0.067916
0 0.874219 0.607728 0.017188 0.072600
0 0.900000 0.606557 0.009375 0.051522
0 0.915625 0.600703 0.009375 0.053864
1 0.978125 0.774005 0.043750 0.114754
1 0.839844 0.930913 0.301563 0.114754
