2 0.340625 0.518692 0.018750 0.074766
2 0.394531 0.523364 0.023438 0.070093
2 0.412500 0.614486 0.015625 0.032710
0 0.354687 0.682243 0.018750 0.102804
0 0.337500 0.684579 0.018750 0.107477
0 0.307812 0.684579 0.021875 0.093458
0 0.376563 0.691589 0.015625 0.098131
0 0.277344 0.676402 0.020313 0.123832
0 0.250000 0.684579 0.025000 0.107477
0 0.227344 0.669393 0.014063 0.091121
2 0.701562 0.356308 0.050000 0.039720
2 0.591406 0.372664 0.039062 0.039720
2 0.871875 0.342290 0.040625 0.147196
2 0.914062 0.511682 0.037500 0.079439
2 0.862500 0.515187 0.031250 0.058411
1 0.692969 0.721963 0.135937 0.158879
1 0.817969 0.702103 0.067187 0.077103
