0 0.639062 0.527601 0.150000 0.554140
0 0.496094 0.500000 0.089063 0.537155
0 0.437500 0.237792 0.043750 0.101911
0 0.381250 0.423567 0.078125 0.532909
0 0.316406 0.410828 0.064062 0.541401
0 0.278125 0.200637 0.050000 0.065817
0 0.150000 0.439490 0.115625 0.526539
0 0.099219 0.133758 0.042188 0.118896
0 0.145313 0.130573 0.037500 0.112527
0 0.020313 0.084926 0.034375 0.110403
0 0.170313 0.079618 0.028125 0.074310
0 0.198437 0.104034 0.034375 0.059448
0 0.246875 0.085987 0.053125 0.082803
0 0.324219 0.043524 0.026562 0.082803
0 0.366406 0.048832 0.035937 0.093418
0 0.403906 0.045648 0.035937 0.087049
0 0.433594 0.125265 0.035937 0.089172
0 0.470313 0.134820 0.034375 0.095541
0 0.510156 0.138004 0.032813 0.114650
0 0.549219 0.143312 0.045312 0.104034
0 0.613281 0.151805 0.032813 0.116773
0 0.460938 0.037155 0.034375 0.070064
0 0.497656 0.036093 0.026562 0.067941
0 0.536719 0.040340 0.029687 0.076433
0 0.582031 0.039278 0.039062 0.070064
0 0.645312 0.045648 0.034375 0.087049
0 0.682813 0.037155 0.028125 0.061571
0 0.662500 0.112527 0.028125 0.063694
0 0.703125 0.090234 0.028125 0.095541
0 0.735156 0.065817 0.026562 0.050955
0 0.750781 0.128450 0.026562 0.065817
0 0.737500 0.182590 0.034375 0.072187
0 0.771875 0.183652 0.025000 0.078556
0 0.786719 0.110403 0.042188 0.038217
0 0.804688 0.067941 0.025000 0.050955
0 0.789062 0.032909 0.046875 0.057325
0 0.845313 0.036093 0.037500 0.063694
0 0.852344 0.089172 0.026562 0.046709
0 0.869531 0.113588 0.029687 0.040340
0 0.842969 0.178344 0.023438 0.050955
0 0.804688 0.184713 0.025000 0.046709
0 0.892188 0.176221 0.034375 0.063694
0 0.985938 0.169851 0.028125 0.059448
0 0.987500 0.110403 0.025000 0.046709
0 0.947656 0.114650 0.023438 0.059448
0 0.980469 0.036093 0.026562 0.050955
