2 0.479687 0.110677 0.018750 0.101562
2 0.264844 0.257812 0.014063 0.072917
1 0.139844 0.632812 0.060937 0.067708
1 0.185156 0.627604 0.032813 0.057292
1 0.242188 0.627604 0.043750 0.072917
1 0.278125 0.623698 0.018750 0.049479
1 0.302344 0.621094 0.017188 0.049479
1 0.322656 0.621094 0.014063 0.033854
1 0.342969 0.625000 0.017188 0.046875
1 0.359375 0.622396 0.015625 0.041667
1 0.380469 0.623698 0.010937 0.028646
1 0.393750 0.631510 0.015625 0.028646
1 0.423438 0.621094 0.018750 0.054688
1 0.448437 0.625000 0.037500 0.078125
1 0.492969 0.630208 0.029687 0.067708
1 0.540625 0.635417 0.053125 0.109375
0 0.603906 0.738281 0.117188 0.450521
1 0.658594 0.656250 0.054688 0.109375
1 0.883594 0.677083 0.232813 0.333333
