0 0.424219 0.658465 0.129688 0.667323
0 0.247656 0.645669 0.120313 0.657480
0 0.139844 0.598425 0.082812 0.606299
0 0.051562 0.472441 0.046875 0.118110
2 0.275781 0.064961 0.029687 0.094488
0 0.577344 0.489173 0.029687 0.159449
0 0.553125 0.490157 0.018750 0.145669
0 0.625781 0.476378 0.017188 0.110236
0 0.604688 0.479331 0.021875 0.116142
0 0.778125 0.498031 0.025000 0.125984
0 0.690625 0.501969 0.028125 0.110236
0 0.716406 0.493110 0.029687 0.116142
0 0.888281 0.529528 0.135937 0.393701
0 0.982031 0.499016 0.035937 0.139764
