0 0.057866 0.258594 0.086799 0.254688
0 0.113020 0.257812 0.056058 0.193750
0 0.140145 0.192969 0.030741 0.051562
0 0.186257 0.264844 0.043400 0.129688
0 0.175407 0.190625 0.032550 0.037500
0 0.211573 0.199219 0.021700 0.048438
0 0.235081 0.252344 0.021700 0.157812
0 0.281193 0.232813 0.088608 0.203125
0 0.452984 0.300781 0.247740 0.507812
0 0.586799 0.200781 0.023508 0.045312
0 0.616637 0.253125 0.061483 0.134375
0 0.708861 0.238281 0.112116 0.201563
0 0.858951 0.237500 0.036166 0.128125
1 0.789331 0.189062 0.305606 0.150000
1 0.963834 0.195312 0.072333 0.090625
