0 0.285938 0.630208 0.087500 0.422917
0 0.348438 0.577083 0.046875 0.233333
0 0.390625 0.528125 0.046875 0.210417
0 0.440625 0.489583 0.034375 0.137500
0 0.488281 0.537500 0.039062 0.179167
2 0.388281 0.377083 0.029687 0.066667
0 0.042969 0.500000 0.020313 0.075000
0 0.017969 0.501042 0.023438 0.068750
0 0.085156 0.496875 0.014063 0.064583
0 0.117188 0.495833 0.015625 0.070833
0 0.175781 0.494792 0.017188 0.052083
0 0.196875 0.492708 0.018750 0.052083
0 0.596094 0.567708 0.060937 0.252083
0 0.656250 0.522917 0.050000 0.233333
0 0.712500 0.485417 0.037500 0.204167
0 0.750000 0.488542 0.028125 0.135417
0 0.771094 0.486458 0.014063 0.135417
0 0.804688 0.494792 0.018750 0.122917
0 0.821094 0.483333 0.017188 0.112500
0 0.846094 0.473958 0.032813 0.156250
0 0.884375 0.484375 0.034375 0.156250
0 0.929688 0.488542 0.034375 0.127083
0 0.980469 0.481250 0.039062 0.145833
2 0.866406 0.375000 0.020313 0.054167
2 0.902344 0.377083 0.020313 0.033333
