0 0.510938 0.714583 0.050000 0.220833
0 0.505469 0.581250 0.026562 0.054167
0 0.500000 0.539583 0.021875 0.045833
0 0.460938 0.609375 0.028125 0.068750
0 0.438281 0.576042 0.035937 0.143750
0 0.319531 0.550000 0.020313 0.070833
0 0.301563 0.536458 0.018750 0.077083
0 0.277344 0.564583 0.042188 0.112500
0 0.239063 0.532292 0.018750 0.039583
0 0.160938 0.581250 0.050000 0.158333
0 0.114844 0.588542 0.048438 0.235417
0 0.043750 0.584375 0.021875 0.052083
0 0.014063 0.584375 0.021875 0.056250
0 0.075781 0.588542 0.017188 0.043750
1 0.160938 0.491667 0.034375 0.037500
1 0.273438 0.481250 0.034375 0.029167
0 0.413281 0.507292 0.014063 0.060417
0 0.528906 0.492708 0.014063 0.060417
0 0.545312 0.491667 0.012500 0.054167
0 0.621875 0.523958 0.025000 0.064583
0 0.658594 0.522917 0.020313 0.070833
0 0.693750 0.579167 0.025000 0.058333
0 0.730469 0.569792 0.023438 0.047917
0 0.747656 0.527083 0.020313 0.045833
0 0.767188 0.575000 0.025000 0.050000
0 0.802344 0.495833 0.014063 0.079167
0 0.821094 0.536458 0.020313 0.097917
0 0.926562 0.528125 0.025000 0.093750
0 0.897656 0.509375 0.017188 0.072917
0 0.953125 0.491667 0.012500 0.070833
0 0.989844 0.494792 0.017188 0.064583
0 0.818750 0.448958 0.012500 0.027083
0 0.762500 0.477083 0.021875 0.054167
