0 0.123438 0.252610 0.100000 0.384134
0 0.215625 0.246347 0.087500 0.375783
0 0.433594 0.128392 0.057813 0.127349
0 0.447656 0.268267 0.048438 0.169102
0 0.564844 0.440501 0.198437 0.613779
0 0.507031 0.097077 0.026562 0.098121
0 0.550000 0.092902 0.031250 0.093946
0 0.632031 0.154489 0.057813 0.183716
0 0.732031 0.248434 0.048438 0.354906
0 0.792188 0.247390 0.056250 0.294363
0 0.856250 0.259916 0.059375 0.311065
0 0.839063 0.092902 0.028125 0.068894
0 0.934375 0.297495 0.062500 0.336117
0 0.978906 0.168058 0.042188 0.181628
0 0.922656 0.074113 0.032813 0.089770
0 0.989062 0.063674 0.021875 0.068894
1 0.416406 0.163883 0.226562 0.110647
2 0.423438 0.020877 0.046875 0.033403
2 0.536719 0.010438 0.026562 0.012526
2 0.655469 0.013570 0.020313 0.022965
