2 0.125000 0.726667 0.222000 0.093333
1 0.288000 0.733333 0.092000 0.074667
1 0.428000 0.692000 0.048000 0.050667
1 0.482000 0.716000 0.056000 0.072000
1 0.541000 0.716000 0.038000 0.050667
1 0.592000 0.746667 0.060000 0.048000
1 0.667000 0.817333 0.074000 0.061333
0 0.569000 0.852000 0.026000 0.077333
1 0.523000 0.826667 0.042000 0.069333
1 0.364000 0.590667 0.028000 0.040000
1 0.412000 0.596000 0.032000 0.040000
1 0.339000 0.565333 0.026000 0.037333
1 0.942000 0.840000 0.112000 0.112000
1 0.833000 0.796000 0.070000 0.093333
1 0.741000 0.738667 0.086000 0.069333
