0 0.046875 0.643750 0.090625 0.506250
1 0.135156 0.433594 0.095312 0.085938
1 0.243750 0.445312 0.075000 0.050000
1 0.253125 0.407031 0.062500 0.026562
1 0.335938 0.440625 0.046875 0.056250
1 0.361719 0.407031 0.054688 0.017188
0 0.378906 0.442969 0.032813 0.054688
0 0.439844 0.558594 0.123438 0.232813
0 0.569531 0.468750 0.029687 0.093750
0 0.845313 0.546875 0.109375 0.234375
0 0.977344 0.531250 0.045312 0.203125
1 0.944531 0.432812 0.067187 0.062500
1 0.899219 0.418750 0.039062 0.050000
1 0.857031 0.433594 0.107813 0.070312
1 0.728906 0.432812 0.104688 0.062500
1 0.860156 0.365625 0.051562 0.031250
1 0.923438 0.357031 0.059375 0.045312
1 0.624219 0.425781 0.060937 0.045312
1 0.335156 0.376563 0.070312 0.028125
