2 0.569531 0.371875 0.042188 0.102083
2 0.113281 0.409375 0.032813 0.056250
2 0.056250 0.403125 0.040625 0.139583
0 0.129688 0.683333 0.025000 0.225000
1 0.194531 0.639583 0.032813 0.104167
0 0.246094 0.617708 0.042188 0.164583
0 0.278125 0.636458 0.021875 0.156250
0 0.303906 0.644792 0.029687 0.139583
0 0.337500 0.633333 0.040625 0.154167
1 0.372656 0.592708 0.032813 0.060417
0 0.385937 0.666667 0.031250 0.166667
0 0.418750 0.644792 0.034375 0.164583
0 0.530469 0.638542 0.026562 0.156250
0 0.585156 0.647917 0.020313 0.158333
0 0.610938 0.644792 0.025000 0.172917
0 0.652344 0.597917 0.017188 0.070833
0 0.667188 0.569792 0.012500 0.031250
0 0.678906 0.586458 0.017188 0.043750
0 0.696094 0.578125 0.017188 0.052083
0 0.812500 0.642708 0.025000 0.147917
1 0.742969 0.647917 0.101562 0.104167
0 0.958594 0.603125 0.023438 0.102083
0 0.985938 0.600000 0.028125 0.095833
