2 0.557031 0.350000 0.023438 0.104167
2 0.525781 0.360417 0.023438 0.100000
2 0.576562 0.428125 0.025000 0.039583
2 0.201563 0.251042 0.028125 0.072917
2 0.035156 0.256250 0.042188 0.066667
1 0.049219 0.531250 0.051562 0.054167
1 0.012500 0.536458 0.018750 0.056250
1 0.125781 0.528125 0.098437 0.068750
1 0.189844 0.522917 0.020313 0.041667
1 0.236719 0.521875 0.054688 0.035417
1 0.273438 0.520833 0.018750 0.050000
1 0.310156 0.519792 0.029687 0.035417
1 0.346094 0.517708 0.020313 0.031250
1 0.375000 0.521875 0.018750 0.027083
1 0.404687 0.521875 0.031250 0.031250
0 0.440625 0.534375 0.025000 0.106250
1 0.835156 0.481250 0.329688 0.425000
