2 0.625000 0.501250 0.014000 0.027500
2 0.600000 0.502500 0.016000 0.030000
2 0.288000 0.422500 0.012000 0.045000
2 0.198000 0.422500 0.016000 0.045000
2 0.105000 0.423750 0.014000 0.042500
2 0.049000 0.516250 0.010000 0.032500
2 0.036000 0.513750 0.012000 0.032500
2 0.023000 0.508750 0.010000 0.037500
2 0.010000 0.503750 0.012000 0.042500
1 0.117000 0.646250 0.166000 0.162500
1 0.339000 0.690000 0.226000 0.205000
1 0.250000 0.598750 0.040000 0.057500
1 0.487000 0.613750 0.046000 0.072500
1 0.549000 0.613750 0.030000 0.057500
1 0.616000 0.627500 0.076000 0.095000
1 0.776000 0.657500 0.188000 0.145000
1 0.900000 0.612500 0.048000 0.035000
2 0.378000 0.532500 0.016000 0.030000
2 0.420000 0.533750 0.012000 0.027500
2 0.463000 0.533750 0.030000 0.012500
