1 0.668750 0.544531 0.179167 0.154688
1 0.682292 0.907031 0.177083 0.107813
1 0.959375 0.894531 0.081250 0.104688
1 0.368750 0.762500 0.266667 0.287500
0 0.111458 0.949219 0.047917 0.073438
2 0.036458 0.796094 0.035417 0.051562
2 0.075000 0.790625 0.041667 0.056250
1 0.346875 0.575000 0.081250 0.075000
1 0.510417 0.503125 0.050000 0.034375
1 0.479167 0.458594 0.037500 0.035937
1 0.483333 0.415625 0.037500 0.050000
1 0.498958 0.389844 0.027083 0.023438
1 0.536458 0.363281 0.035417 0.026562
1 0.570833 0.350000 0.029167 0.034375
0 0.450000 0.383594 0.012500 0.014063
0 0.572917 0.435156 0.016667 0.026562
0 0.393750 0.357031 0.016667 0.023438
0 0.511458 0.335938 0.018750 0.021875
2 0.777083 0.756250 0.025000 0.056250
2 0.711458 0.685156 0.039583 0.051562
2 0.526042 0.633594 0.018750 0.035937
2 0.153125 0.689844 0.027083 0.026562
