0 0.2078125 0.30416666666666664 0.078125 0.07083333333333333
0 0.31875000000000003 0.2635416666666667 0.1 0.08541666666666667
0 0.42109375000000004 0.2583333333333333 0.08281250000000001 0.0875
0 0.9476562500000001 0.34479166666666666 0.09531250000000001 0.08125
0 0.80859375 0.3229166666666667 0.1046875 0.0875
0 0.7015625000000001 0.3052083333333333 0.0625 0.07291666666666667
0 0.4921875 0.2739583333333333 0.015625 0.03958333333333333
0 0.509375 0.2791666666666667 0.0125 0.041666666666666664
0 0.54453125 0.28020833333333334 0.0234375 0.05625
0 0.57578125 0.28125 0.0328125 0.058333333333333334
0 0.7796875000000001 0.55 0.30625 0.21666666666666667
0 0.5234375 0.45208333333333334 0.09375 0.18333333333333332
