2 0.290625 0.828906 0.031250 0.082812
0 0.956250 0.947656 0.018750 0.067187
0 0.879687 0.942969 0.025000 0.064062
0 0.838281 0.959375 0.023438 0.037500
0 0.798438 0.939844 0.018750 0.073438
0 0.784375 0.940625 0.009375 0.059375
1 0.466406 0.959375 0.189062 0.062500
0 0.120313 0.926562 0.015625 0.028125
0 0.250781 0.938281 0.014063 0.057813
0 0.278906 0.942187 0.014063 0.056250
0 0.332031 0.938281 0.020313 0.064062
0 0.678125 0.942187 0.021875 0.062500
0 0.653125 0.938281 0.018750 0.067187
0 0.713281 0.946875 0.017188 0.062500
0 0.592969 0.938281 0.017188 0.060937
0 0.501563 0.922656 0.012500 0.017188
0 0.360938 0.938281 0.018750 0.067187
