2 0.152344 0.352459 0.104688 0.292740
2 0.314063 0.355972 0.081250 0.262295
2 0.412500 0.374707 0.062500 0.243560
2 0.495312 0.393443 0.040625 0.145199
2 0.551562 0.355972 0.075000 0.215457
2 0.650000 0.419204 0.056250 0.187354
2 0.717969 0.428571 0.032813 0.084309
2 0.781250 0.407494 0.043750 0.192037
2 0.814063 0.394614 0.040625 0.180328
2 0.891406 0.389930 0.054688 0.166276
2 0.852344 0.450820 0.023438 0.077283
1 0.877344 0.635831 0.101562 0.110070
1 0.948438 0.653396 0.090625 0.088993
1 0.637500 0.730679 0.234375 0.140515
1 0.396094 0.727166 0.270313 0.128806
1 0.106250 0.800937 0.196875 0.206089
2 0.079687 0.548009 0.040625 0.098361
2 0.553125 0.557377 0.018750 0.046838
2 0.602344 0.546838 0.020313 0.058548
