0 0.064844 0.355140 0.051562 0.172897
0 0.017969 0.351636 0.023438 0.109813
0 0.027344 0.285047 0.020313 0.037383
0 0.092969 0.375000 0.026562 0.081776
0 0.128125 0.293224 0.025000 0.063084
0 0.153125 0.306075 0.028125 0.046729
0 0.176563 0.295561 0.021875 0.053738
0 0.205469 0.376168 0.042188 0.233645
0 0.237500 0.357477 0.021875 0.182243
0 0.257812 0.362150 0.021875 0.186916
0 0.283594 0.357477 0.039062 0.205607
0 0.332031 0.320093 0.026562 0.116822
0 0.361719 0.303738 0.042188 0.102804
0 0.416406 0.290888 0.045312 0.081776
0 0.457031 0.279206 0.026562 0.072430
0 0.482031 0.280374 0.017188 0.046729
0 0.505469 0.295561 0.035937 0.067757
0 0.553125 0.352804 0.040625 0.271028
0 0.594531 0.371495 0.026562 0.266355
0 0.575000 0.260514 0.018750 0.025701
0 0.616406 0.258178 0.020313 0.049065
0 0.629687 0.401869 0.034375 0.200935
0 0.688281 0.389019 0.070312 0.464953
0 0.728906 0.250000 0.023438 0.060748
0 0.755469 0.362150 0.039062 0.313084
0 0.794531 0.267523 0.039062 0.119159
0 0.850781 0.273364 0.060937 0.112150
0 0.921094 0.275701 0.045312 0.158879
0 0.971094 0.282710 0.057813 0.154206
