1 0.680208 0.410156 0.018750 0.014063
1 0.627083 0.385156 0.029167 0.010937
1 0.625000 0.368750 0.016667 0.012500
1 0.551042 0.385156 0.031250 0.010937
1 0.586458 0.382812 0.018750 0.009375
1 0.397917 0.395313 0.025000 0.009375
1 0.215625 0.425000 0.018750 0.015625
1 0.746875 0.323437 0.018750 0.021875
1 0.719792 0.330469 0.014583 0.010937
1 0.698958 0.333594 0.010417 0.010937
1 0.680208 0.334375 0.014583 0.009375
1 0.659375 0.339062 0.010417 0.012500
1 0.631250 0.343750 0.012500 0.009375
1 0.605208 0.349219 0.014583 0.010937
1 0.555208 0.353906 0.022917 0.010937
1 0.555208 0.366406 0.018750 0.010937
1 0.513542 0.362500 0.018750 0.012500
1 0.525000 0.375781 0.020833 0.010937
1 0.493750 0.382031 0.020833 0.014063
1 0.484375 0.354687 0.027083 0.015625
1 0.459375 0.357812 0.018750 0.009375
1 0.673958 0.318750 0.027083 0.012500
1 0.629167 0.332031 0.025000 0.010937
1 0.600000 0.332031 0.020833 0.014063
