0 0.781250 0.475410 0.025000 0.131148
0 0.732031 0.482436 0.014063 0.112412
0 0.699219 0.485948 0.017188 0.100703
0 0.675000 0.477752 0.018750 0.112412
0 0.828125 0.463700 0.018750 0.084309
0 0.850781 0.468384 0.014063 0.079625
0 0.869531 0.459016 0.014063 0.088993
0 0.892188 0.460187 0.012500 0.086651
0 0.921875 0.461358 0.018750 0.074941
0 0.941406 0.461358 0.020313 0.079625
0 0.980469 0.462529 0.023438 0.081967
0 0.649219 0.536300 0.042188 0.285714
0 0.596875 0.553864 0.056250 0.306792
0 0.446094 0.631148 0.157812 0.714286
0 0.335938 0.549180 0.056250 0.344262
0 0.276562 0.552693 0.081250 0.402810
0 0.220312 0.551522 0.031250 0.222482
0 0.175781 0.524590 0.032813 0.201405
0 0.120313 0.665105 0.093750 0.613583
0 0.041406 0.564403 0.073438 0.393443
