2 0.632812 0.334112 0.059375 0.028037
2 0.860156 0.327103 0.057813 0.032710
2 0.160938 0.457944 0.018750 0.056075
2 0.192969 0.456776 0.020313 0.053738
0 0.163281 0.653037 0.020313 0.114486
0 0.186719 0.669393 0.020313 0.119159
0 0.217969 0.663551 0.023438 0.121495
0 0.250781 0.672897 0.029687 0.107477
0 0.288281 0.661215 0.017188 0.107477
0 0.310937 0.676402 0.025000 0.128505
0 0.339844 0.699766 0.032813 0.184579
0 0.361719 0.686916 0.010937 0.144860
0 0.446094 0.678738 0.020313 0.128505
0 0.482812 0.695093 0.031250 0.128505
0 0.515625 0.668224 0.021875 0.121495
0 0.569531 0.738318 0.064062 0.317757
0 0.606250 0.657710 0.025000 0.100467
0 0.589063 0.616822 0.012500 0.042056
0 0.647656 0.676402 0.026562 0.137850
0 0.668750 0.655374 0.018750 0.100467
0 0.775781 0.682243 0.026562 0.130841
0 0.825781 0.700935 0.042188 0.238318
0 0.862500 0.664720 0.025000 0.119159
2 0.789062 0.504673 0.018750 0.056075
2 0.831250 0.414720 0.034375 0.021028
