2 0.296094 0.583138 0.020313 0.060890
2 0.318750 0.579625 0.018750 0.067916
2 0.082812 0.557377 0.021875 0.088993
2 0.048438 0.778689 0.046875 0.039813
1 0.033594 0.921546 0.060937 0.156909
1 0.093750 0.907494 0.078125 0.142857
1 0.144531 0.887588 0.035937 0.098361
1 0.177344 0.898126 0.032813 0.072600
1 0.196875 0.874707 0.025000 0.063232
0 0.228125 0.865340 0.018750 0.049180
1 0.264844 0.861827 0.039062 0.042155
1 0.292969 0.847775 0.017188 0.023419
1 0.322656 0.847775 0.014063 0.023419
1 0.332813 0.861827 0.025000 0.051522
1 0.371094 0.864169 0.039062 0.042155
0 0.410938 0.902810 0.028125 0.105386
0 0.446094 0.881733 0.042188 0.110070
2 0.721875 0.593677 0.015625 0.063232
2 0.454688 0.722482 0.018750 0.044496
2 0.278906 0.723653 0.014063 0.028103
2 0.258594 0.758782 0.007812 0.023419
0 0.613281 0.855972 0.026562 0.086651
0 0.525000 0.866511 0.018750 0.074941
0 0.542969 0.860656 0.017188 0.063232
1 0.849219 0.877049 0.076563 0.091335
1 0.741406 0.884075 0.042188 0.063232
0 0.786719 0.880562 0.029687 0.149883
0 0.704688 0.870023 0.028125 0.105386
0 0.653906 0.844262 0.014063 0.049180
0 0.668750 0.843091 0.009375 0.028103
