1 0.393750 0.644444 0.075000 0.172222
1 0.471094 0.677778 0.054688 0.077778
0 0.527344 0.675000 0.023438 0.072222
0 0.550781 0.679167 0.014063 0.075000
0 0.565625 0.676389 0.009375 0.069444
1 0.574219 0.670833 0.023438 0.058333
2 0.620313 0.583333 0.006250 0.044444
2 0.503906 0.540278 0.007812 0.036111
2 0.289062 0.518056 0.012500 0.036111
2 0.302344 0.530556 0.014063 0.044444
2 0.278125 0.570833 0.015625 0.041667
2 0.257031 0.551389 0.017188 0.030556
1 0.701562 0.652778 0.100000 0.177778
0 0.726562 0.705556 0.018750 0.105556
0 0.918750 0.616667 0.018750 0.044444
0 0.118750 0.740278 0.059375 0.280556
