0 0.146094 0.480000 0.117188 0.211765
0 0.118750 0.800000 0.078125 0.376471
0 0.203125 0.710588 0.075000 0.207059
0 0.267188 0.684706 0.040625 0.150588
0 0.330469 0.691765 0.060937 0.160000
0 0.403906 0.690588 0.060937 0.176471
0 0.273438 0.485882 0.093750 0.195294
0 0.400000 0.482353 0.096875 0.174118
0 0.478125 0.697647 0.056250 0.105882
0 0.592187 0.702353 0.053125 0.110588
0 0.571094 0.508235 0.126562 0.249412
0 0.673438 0.675294 0.050000 0.169412
0 0.739062 0.696471 0.053125 0.098824
0 0.797656 0.703529 0.051562 0.150588
0 0.875000 0.734118 0.112500 0.324706
0 0.703906 0.502353 0.101562 0.204706
