0 0.303125 0.862974 0.034375 0.180758
0 0.109375 0.851312 0.037500 0.209913
0 0.067969 0.854227 0.032813 0.192420
0 0.182812 0.848397 0.025000 0.134111
0 0.215625 0.826531 0.012500 0.084548
0 0.237500 0.823615 0.012500 0.090379
0 0.228125 0.836735 0.009375 0.064140
0 0.260937 0.830904 0.012500 0.093294
0 0.275781 0.835277 0.010937 0.090379
1 0.346094 0.844023 0.054688 0.078717
0 0.359375 0.855685 0.018750 0.131195
0 0.346875 0.779883 0.009375 0.026239
0 0.517969 0.798834 0.014063 0.064140
0 0.632812 0.807580 0.018750 0.093294
0 0.660937 0.832362 0.012500 0.102041
0 0.732812 0.801749 0.015625 0.093294
1 0.645312 0.819242 0.121875 0.075802
1 0.859375 0.782799 0.096875 0.049563
1 0.887500 0.842566 0.156250 0.145773
0 0.984375 0.855685 0.031250 0.236152
