0 0.149219 0.396714 0.045312 0.093897
0 0.275781 0.428404 0.042188 0.077465
0 0.342187 0.380282 0.050000 0.131455
0 0.451562 0.399061 0.037500 0.056338
0 0.517188 0.429577 0.040625 0.089202
0 0.608594 0.434272 0.032813 0.093897
0 0.680469 0.464789 0.048438 0.126761
0 0.812500 0.490610 0.062500 0.173709
0 0.211719 0.120892 0.039062 0.180751
0 0.129688 0.171362 0.028125 0.075117
0 0.076563 0.174883 0.031250 0.086854
0 0.044531 0.197183 0.035937 0.103286
0 0.029687 0.088028 0.018750 0.049296
0 0.007812 0.107981 0.012500 0.089202
0 0.274219 0.103286 0.026562 0.046948
0 0.489063 0.106808 0.021875 0.077465
0 0.557813 0.099765 0.025000 0.068075
0 0.581250 0.103286 0.025000 0.065728
1 0.635156 0.095070 0.082812 0.105634
0 0.703906 0.106808 0.023438 0.049296
0 0.733594 0.109155 0.026562 0.044601
1 0.764062 0.079812 0.146875 0.098592
1 0.919531 0.073944 0.132812 0.100939
