1 0.821875 0.177344 0.356250 0.132812
0 0.546875 0.175000 0.064583 0.059375
0 0.375000 0.125000 0.050000 0.053125
0 0.322917 0.153906 0.045833 0.048438
1 0.317708 0.206250 0.156250 0.046875
1 0.351042 0.171094 0.152083 0.042188
1 0.536458 0.224219 0.147917 0.060937
0 0.406250 0.232813 0.045833 0.050000
1 0.371875 0.274219 0.047917 0.042188
0 0.168750 0.207031 0.045833 0.051562
1 0.170833 0.255469 0.145833 0.048438
0 0.175000 0.260937 0.050000 0.053125
1 0.163542 0.307031 0.156250 0.042188
0 0.178125 0.333594 0.043750 0.054688
1 0.171875 0.376563 0.127083 0.046875
0 0.158333 0.392969 0.045833 0.051562
1 0.152083 0.437500 0.166667 0.053125
0 0.169792 0.470313 0.064583 0.068750
1 0.145833 0.538281 0.212500 0.057813
0 0.167708 0.614062 0.052083 0.071875
1 0.171875 0.670312 0.185417 0.071875
0 0.384375 0.396094 0.064583 0.070312
1 0.381250 0.445312 0.112500 0.075000
0 0.356250 0.466406 0.050000 0.064062
1 0.358333 0.506250 0.112500 0.046875
0 0.415625 0.550781 0.056250 0.079687
1 0.430208 0.604688 0.222917 0.037500
0 0.482292 0.626563 0.072917 0.068750
1 0.460417 0.685937 0.237500 0.040625
1 0.478125 0.760156 0.260417 0.092188
0 0.494792 0.703125 0.052083 0.068750
