2 0.208333 0.378125 0.191667 0.062500
0 0.023958 0.886719 0.031250 0.117188
0 0.069792 0.860156 0.039583 0.057813
0 0.156250 0.913281 0.120833 0.167187
1 0.197917 0.942969 0.262500 0.114062
0 0.427083 0.875781 0.037500 0.085938
1 0.441667 0.875781 0.083333 0.076563
1 0.546875 0.858594 0.039583 0.029687
0 0.588542 0.865625 0.031250 0.078125
1 0.711458 0.862500 0.047917 0.040625
0 0.762500 0.924219 0.066667 0.135937
0 0.839583 0.860156 0.033333 0.076563
0 0.873958 0.870313 0.031250 0.081250
0 0.920833 0.878125 0.041667 0.090625
0 0.965625 0.872656 0.022917 0.098437
1 0.330208 0.898438 0.156250 0.112500
