2 0.336000 0.097980 0.048000 0.127273
2 0.390000 0.110101 0.056000 0.123232
0 0.042000 0.312121 0.036000 0.107071
0 0.066000 0.301010 0.024000 0.068687
0 0.091000 0.314141 0.034000 0.127273
0 0.124000 0.308081 0.020000 0.086869
0 0.143000 0.270707 0.018000 0.044444
0 0.162000 0.303030 0.020000 0.125253
0 0.190000 0.310101 0.028000 0.074747
0 0.220000 0.319192 0.036000 0.109091
1 0.306000 0.289899 0.036000 0.034343
0 0.544000 0.267677 0.072000 0.082828
0 0.830000 0.340404 0.072000 0.187879
1 0.791000 0.370707 0.418000 0.268687
1 0.690000 0.295960 0.168000 0.062626
1 0.463000 0.295960 0.082000 0.034343
1 0.404000 0.287879 0.028000 0.022222
