2 0.524219 0.241164 0.048438 0.128898
0 0.916406 0.434511 0.023438 0.141372
0 0.946094 0.610187 0.045312 0.309771
0 0.991406 0.602911 0.017188 0.316008
0 0.875000 0.601871 0.040625 0.330561
0 0.841406 0.627859 0.042188 0.295218
0 0.806250 0.621622 0.015625 0.328482
0 0.696875 0.516632 0.040625 0.143451
0 0.648438 0.606029 0.068750 0.355509
0 0.591406 0.480249 0.035937 0.120582
0 0.689063 0.433472 0.018750 0.051975
2 0.519531 0.350312 0.042188 0.060291
0 0.501563 0.613306 0.040625 0.361746
0 0.460938 0.433472 0.037500 0.068607
0 0.426563 0.612266 0.062500 0.388773
0 0.304688 0.639293 0.071875 0.326403
0 0.240625 0.652807 0.043750 0.307692
0 0.192969 0.612266 0.032813 0.388773
0 0.110156 0.630977 0.048438 0.367983
0 0.050000 0.636175 0.071875 0.357588
0 0.128906 0.292100 0.054688 0.097713
1 0.161719 0.424116 0.320312 0.195426
