1 0.101000 0.551515 0.194000 0.272727
0 0.216000 0.593939 0.024000 0.072727
0 0.240000 0.593939 0.020000 0.078788
0 0.301000 0.595455 0.026000 0.063636
0 0.343000 0.648485 0.038000 0.206061
0 0.370000 0.607576 0.024000 0.106061
0 0.395000 0.595455 0.022000 0.057576
0 0.420000 0.643939 0.028000 0.154545
0 0.454000 0.645455 0.032000 0.127273
0 0.485000 0.624242 0.030000 0.127273
1 0.334000 0.525758 0.124000 0.081818
1 0.507000 0.527273 0.202000 0.103030
0 0.654000 0.607576 0.032000 0.081818
0 0.699000 0.581818 0.038000 0.139394
2 0.761000 0.425758 0.070000 0.142424
