1 0.181250 0.799766 0.040625 0.025761
1 0.147656 0.836066 0.039062 0.028103
1 0.112500 0.816159 0.034375 0.035129
1 0.052344 0.817330 0.039062 0.032787
1 0.077344 0.788056 0.032813 0.025761
1 0.123438 0.768150 0.028125 0.023419
1 0.128906 0.743560 0.029687 0.025761
1 0.181250 0.731850 0.018750 0.030445
1 0.139844 0.699063 0.017188 0.039813
1 0.192969 0.697892 0.020313 0.032787
1 0.224219 0.694379 0.020313 0.021077
1 0.044531 0.755269 0.017188 0.030445
1 0.049219 0.724824 0.020313 0.016393
1 0.023438 0.786885 0.025000 0.037471
1 0.344531 0.697892 0.014063 0.023419
1 0.336719 0.673302 0.017188 0.025761
1 0.403125 0.667447 0.021875 0.023419
