0 0.7250000000000001 0.8947916666666667 0.1875 0.15208333333333332
0 0.70859375 0.6677083333333333 0.13593750000000002 0.25625
0 0.52734375 0.7697916666666667 0.09531250000000001 0.14375
0 0.49609375 0.5739583333333333 0.08281250000000001 0.2520833333333333
0 0.6765625000000001 0.5052083333333334 0.07500000000000001 0.06458333333333333
0 0.5125000000000001 0.4010416666666667 0.053125000000000006 0.08125
0 0.3640625 0.48854166666666665 0.134375 0.15208333333333332
0 0.35000000000000003 0.6010416666666667 0.10625000000000001 0.04791666666666666
0 0.34687500000000004 0.6770833333333334 0.09062500000000001 0.1125
0 0.18046875 0.6354166666666666 0.0578125 0.1875
0 0.12421875 0.6895833333333333 0.07968750000000001 0.10416666666666667
0 0.22109375 0.5822916666666667 0.06406250000000001 0.11041666666666666
0 0.225 0.484375 0.084375 0.06875
0 0.27265625 0.40625 0.0546875 0.09583333333333333
0 0.31953125000000004 0.32395833333333335 0.0578125 0.04791666666666666
0 0.4296875 0.2833333333333333 0.053125000000000006 0.06666666666666667
0 0.6046875 0.2635416666666667 0.040625 0.06041666666666667
0 0.45 0.19791666666666666 0.040625 0.0375
0 0.38359375 0.24479166666666666 0.0328125 0.07291666666666667
0 0.46406250000000004 0.14895833333333333 0.034375 0.04375
0 0.42578125 0.171875 0.029687500000000002 0.05625
0 0.43671875000000004 0.121875 0.0171875 0.04791666666666666
0 0.4625 0.09270833333333334 0.03125 0.03958333333333333
0 0.5320312500000001 0.090625 0.035937500000000004 0.035416666666666666
