2 0.079687 0.208726 0.034375 0.139151
0 0.026562 0.509434 0.028125 0.226415
0 0.066406 0.517689 0.020313 0.205189
0 0.096094 0.520047 0.035937 0.271226
0 0.127344 0.549528 0.042188 0.254717
0 0.496875 0.433962 0.031250 0.089623
0 0.521094 0.444575 0.017188 0.068396
0 0.613281 0.380896 0.067187 0.219340
0 0.681250 0.452830 0.021875 0.037736
0 0.718750 0.438679 0.040625 0.075472
0 0.743750 0.430425 0.034375 0.044811
0 0.786719 0.442217 0.039062 0.068396
0 0.814063 0.444575 0.028125 0.049528
0 0.854688 0.450472 0.037500 0.080189
2 0.865625 0.292453 0.043750 0.103774
2 0.906250 0.279481 0.034375 0.091981
2 0.944531 0.294811 0.035937 0.089623
0 0.956250 0.443396 0.028125 0.066038
1 0.939844 0.599057 0.120313 0.216981
