2 0.875878 0.892188 0.060890 0.068750
2 0.789227 0.895312 0.046838 0.062500
2 0.359485 0.889844 0.049180 0.054688
0 0.963700 0.989062 0.030445 0.021875
0 0.911007 0.965625 0.037471 0.037500
0 0.840749 0.966406 0.028103 0.032813
0 0.811475 0.970313 0.016393 0.037500
0 0.766979 0.969531 0.039813 0.032813
0 0.747073 0.985938 0.028103 0.028125
0 0.706089 0.974219 0.030445 0.023438
0 0.676815 0.987500 0.037471 0.025000
0 0.617096 0.960938 0.025761 0.015625
0 0.651054 0.978125 0.032787 0.018750
0 0.606557 0.982031 0.028103 0.017188
0 0.579625 0.965625 0.021077 0.015625
0 0.537471 0.983594 0.030445 0.023438
0 0.491803 0.981250 0.028103 0.037500
0 0.403981 0.980469 0.044496 0.035937
0 0.277518 0.981250 0.049180 0.031250
0 0.203747 0.976562 0.037471 0.028125
0 0.332553 0.959375 0.023419 0.021875
0 0.153396 0.981250 0.035129 0.025000
0 0.031616 0.977344 0.044496 0.020313
