2 0.611719 0.226042 0.054688 0.135417
2 0.553125 0.250000 0.062500 0.183333
2 0.377344 0.338542 0.032813 0.110417
2 0.322656 0.340625 0.035937 0.122917
2 0.282813 0.379167 0.031250 0.104167
2 0.251563 0.363542 0.025000 0.077083
0 0.021094 0.435417 0.032813 0.145833
0 0.015625 0.667708 0.028125 0.306250
0 0.077344 0.433333 0.020313 0.041667
0 0.101562 0.498958 0.040625 0.168750
0 0.204687 0.551042 0.109375 0.347917
0 0.360156 0.507292 0.039062 0.031250
0 0.300000 0.559375 0.031250 0.072917
0 0.373437 0.666667 0.062500 0.283333
0 0.453906 0.582292 0.092188 0.339583
0 0.514062 0.559375 0.015625 0.052083
0 0.536719 0.566667 0.023438 0.037500
0 0.568750 0.623958 0.046875 0.227083
0 0.602344 0.565625 0.020313 0.060417
0 0.624219 0.573958 0.020313 0.060417
0 0.652344 0.580208 0.020313 0.039583
0 0.706250 0.572917 0.078125 0.204167
0 0.848437 0.615625 0.100000 0.289583
0 0.935937 0.643750 0.015625 0.054167
0 0.953906 0.628125 0.014063 0.064583
0 0.967187 0.642708 0.012500 0.039583
0 0.985938 0.633333 0.025000 0.070833
