2 0.806250 0.416862 0.028125 0.131148
2 0.965625 0.494145 0.021875 0.074941
2 0.994531 0.494145 0.010937 0.074941
0 0.967187 0.662763 0.028125 0.126464
0 0.994531 0.663934 0.010937 0.119438
0 0.865625 0.642857 0.031250 0.091335
0 0.837500 0.628806 0.018750 0.067916
0 0.780469 0.632319 0.035937 0.079625
0 0.739844 0.653396 0.045312 0.117096
0 0.714844 0.618267 0.023438 0.065574
0 0.685156 0.663934 0.029687 0.138173
1 0.572656 0.663934 0.164062 0.156909
0 0.425000 0.659251 0.034375 0.119438
0 0.446875 0.596019 0.028125 0.039813
0 0.375781 0.624122 0.029687 0.096019
0 0.339844 0.692037 0.023438 0.185012
2 0.142969 0.409836 0.026562 0.140515
0 0.036719 0.751756 0.057813 0.355972
0 0.078125 0.704918 0.025000 0.210773
0 0.167187 0.672131 0.065625 0.149883
1 0.240625 0.646370 0.093750 0.093677
1 0.320312 0.672131 0.037500 0.070258
