0 0.861000 0.554054 0.098000 0.393393
0 0.675000 0.478979 0.022000 0.111111
0 0.619000 0.438438 0.022000 0.048048
0 0.582000 0.519520 0.048000 0.228228
0 0.509000 0.507508 0.046000 0.162162
0 0.359000 0.632132 0.046000 0.141141
0 0.299000 0.627628 0.042000 0.114114
0 0.228000 0.546547 0.064000 0.288288
0 0.162000 0.516517 0.060000 0.288288
0 0.124000 0.478979 0.028000 0.153153
0 0.059000 0.465465 0.042000 0.150150
0 0.108000 0.472973 0.020000 0.135135
0 0.353000 0.450450 0.018000 0.066066
0 0.387000 0.471471 0.026000 0.096096
0 0.429000 0.465465 0.030000 0.102102
