2 0.627344 0.378824 0.026562 0.103529
2 0.666406 0.385882 0.029687 0.056471
2 0.571094 0.443529 0.017188 0.049412
1 0.184375 0.551765 0.106250 0.058824
1 0.296875 0.551765 0.106250 0.058824
1 0.453906 0.549412 0.095312 0.063529
1 0.624219 0.552941 0.120313 0.089412
1 0.876563 0.536471 0.046875 0.037647
1 0.983594 0.574118 0.032813 0.042353
1 0.835938 0.535294 0.037500 0.035294
1 0.780469 0.529412 0.023438 0.037647
1 0.803906 0.530588 0.017188 0.035294
1 0.014844 0.545882 0.023438 0.089412
2 0.524219 0.470588 0.007812 0.028235
1 0.711719 0.524706 0.017188 0.023529
1 0.732812 0.528235 0.018750 0.030588
