2 0.422656 0.329167 0.017188 0.045833
2 0.419531 0.369792 0.017188 0.039583
2 0.432031 0.369792 0.010937 0.031250
2 0.658594 0.265625 0.026562 0.060417
2 0.923438 0.342708 0.015625 0.035417
2 0.930469 0.383333 0.029687 0.054167
1 0.017188 0.507292 0.031250 0.072917
2 0.402344 0.426042 0.010937 0.022917
1 0.407813 0.488542 0.021875 0.027083
0 0.405469 0.490625 0.004687 0.027083
1 0.529687 0.488542 0.018750 0.027083
1 0.578125 0.489583 0.031250 0.037500
1 0.611719 0.495833 0.020313 0.025000
1 0.640625 0.500000 0.028125 0.029167
