0 0.655469 0.803066 0.179688 0.393868
0 0.556250 0.895047 0.050000 0.158019
0 0.033594 0.841981 0.023438 0.136792
0 0.091406 0.867925 0.082812 0.259434
0 0.157031 0.853774 0.029687 0.051887
0 0.169531 0.939858 0.048438 0.115566
0 0.193750 0.840802 0.015625 0.063679
0 0.224219 0.915094 0.051562 0.169811
0 0.248438 0.860849 0.021875 0.061321
0 0.271875 0.869104 0.028125 0.058962
0 0.311719 0.918632 0.057813 0.162736
0 0.282031 0.817217 0.026562 0.054245
0 0.382031 0.916274 0.048438 0.167453
0 0.423438 0.898585 0.043750 0.179245
0 0.428125 0.800708 0.025000 0.044811
0 0.464844 0.889151 0.045312 0.221698
0 0.486719 0.798349 0.026562 0.040094
0 0.510156 0.879717 0.026562 0.193396
0 0.544531 0.808962 0.029687 0.047170
2 0.535156 0.621462 0.026562 0.101415
2 0.562500 0.626179 0.028125 0.087264
0 0.918750 0.833726 0.025000 0.120283
1 0.747656 0.800708 0.135937 0.195755
