2 0.810937 0.457292 0.043750 0.097917
2 0.774219 0.470833 0.032813 0.087500
2 0.703906 0.500000 0.048438 0.104167
2 0.660156 0.527083 0.035937 0.108333
2 0.578125 0.520833 0.031250 0.095833
2 0.546094 0.518750 0.035937 0.100000
2 0.460938 0.504167 0.037500 0.095833
1 0.941406 0.876042 0.057813 0.206250
1 0.978906 0.910417 0.042188 0.141667
0 0.840625 0.804167 0.040625 0.075000
0 0.782813 0.814583 0.021875 0.100000
0 0.885156 0.789583 0.032813 0.058333
0 0.725781 0.775000 0.029687 0.062500
0 0.675000 0.771875 0.025000 0.064583
0 0.636719 0.784375 0.026562 0.072917
0 0.594531 0.785417 0.020313 0.050000
0 0.612500 0.807292 0.015625 0.068750
2 0.656250 0.710417 0.021875 0.037500
0 0.553125 0.782292 0.015625 0.052083
0 0.569531 0.796875 0.017188 0.064583
0 0.530469 0.760417 0.026562 0.037500
0 0.480469 0.829167 0.039062 0.154167
0 0.445312 0.786458 0.028125 0.068750
0 0.403906 0.806250 0.029687 0.058333
0 0.408594 0.762500 0.029687 0.037500
0 0.368750 0.788542 0.028125 0.047917
0 0.335156 0.831250 0.042188 0.191667
0 0.300000 0.830208 0.028125 0.118750
0 0.260156 0.816667 0.026562 0.091667
0 0.244531 0.825000 0.035937 0.133333
0 0.162500 0.814583 0.034375 0.070833
0 0.118750 0.794792 0.021875 0.060417
0 0.026562 0.770833 0.021875 0.037500
0 0.060937 0.773958 0.025000 0.039583
1 0.076563 0.891667 0.140625 0.166667
