0 0.836806 0.835938 0.034722 0.059375
0 0.875000 0.835938 0.041667 0.068750
0 0.950231 0.836719 0.053241 0.079687
0 0.745370 0.835156 0.032407 0.057813
0 0.681713 0.821875 0.030093 0.056250
1 0.047454 0.798438 0.043981 0.050000
1 0.101852 0.825781 0.037037 0.029687
1 0.217593 0.795312 0.194444 0.137500
1 0.335648 0.838281 0.046296 0.032813
0 0.432870 0.825781 0.018519 0.039062
0 0.450231 0.828125 0.020833 0.046875
0 0.488426 0.832031 0.023148 0.042188
0 0.469907 0.821094 0.018519 0.032813
0 0.578704 0.826562 0.027778 0.040625
0 0.532407 0.836719 0.023148 0.045312
0 0.621528 0.842969 0.030093 0.039062
