0 0.027344 0.113889 0.045312 0.122222
0 0.025000 0.366667 0.046875 0.438889
0 0.078125 0.426389 0.046875 0.336111
0 0.122656 0.447222 0.045312 0.333333
0 0.195312 0.386111 0.096875 0.433333
0 0.276562 0.138889 0.071875 0.222222
0 0.337500 0.254167 0.053125 0.169444
0 0.396875 0.294444 0.059375 0.227778
0 0.589063 0.430556 0.262500 0.755556
1 0.639844 0.188889 0.417187 0.300000
1 0.944531 0.259722 0.110937 0.180556
1 0.924219 0.106944 0.151562 0.091667
1 0.757812 0.069444 0.106250 0.088889
1 0.428906 0.065278 0.067187 0.075000
1 0.352344 0.125000 0.092188 0.155556
1 0.086719 0.073611 0.085938 0.086111
1 0.061719 0.131944 0.098437 0.147222
