0 0.10208333333333333 0.8210937500000001 0.1875 0.15156250000000002
0 0.23124999999999998 0.790625 0.075 0.059375000000000004
0 0.34270833333333334 0.7835937500000001 0.05625 0.0484375
0 0.40625 0.77109375 0.05 0.0421875
0 0.45 0.76484375 0.020833333333333332 0.0328125
0 0.48541666666666666 0.7640625000000001 0.029166666666666667 0.021875000000000002
0 0.58125 0.7664062500000001 0.03333333333333333 0.029687500000000002
0 0.6635416666666667 0.7796875000000001 0.04791666666666666 0.05625
0 0.690625 0.7953125000000001 0.03125 0.07500000000000001
0 0.7208333333333333 0.79609375 0.05416666666666667 0.0765625
0 0.7854166666666667 0.8226562500000001 0.0875 0.1703125
0 0.921875 0.87890625 0.15208333333333332 0.2015625
