2 0.144531 0.385246 0.057813 0.147541
2 0.185938 0.436768 0.021875 0.100703
2 0.213281 0.447307 0.035937 0.103044
2 0.183594 0.521077 0.029687 0.053864
2 0.226562 0.526932 0.025000 0.042155
2 0.106250 0.485948 0.031250 0.067916
1 0.250781 0.725995 0.264062 0.234192
1 0.438281 0.686183 0.148438 0.210773
1 0.644531 0.617096 0.039062 0.044496
2 0.700000 0.433255 0.056250 0.103044
1 0.708594 0.621780 0.026562 0.044496
1 0.732031 0.627635 0.026562 0.107728
1 0.800000 0.631148 0.118750 0.128806
1 0.949219 0.617096 0.101562 0.096019
2 0.910156 0.325527 0.073438 0.168618
