2 0.431250 0.382353 0.034375 0.181176
2 0.585156 0.351765 0.032813 0.195294
1 0.882031 0.682353 0.123438 0.183529
1 0.982812 0.731765 0.034375 0.164706
1 0.974219 0.611765 0.051562 0.075294
1 0.754687 0.685882 0.096875 0.124706
0 0.782813 0.590588 0.021875 0.051765
1 0.864062 0.561176 0.265625 0.072941
1 0.692969 0.618824 0.060937 0.065882
1 0.409375 0.654118 0.115625 0.150588
1 0.273438 0.682353 0.150000 0.169412
1 0.140625 0.680000 0.043750 0.150588
1 0.132812 0.587059 0.215625 0.312941
1 0.013281 0.625882 0.017188 0.075294
