2 0.766406 0.258782 0.029687 0.096019
2 0.389844 0.147541 0.070312 0.145199
2 0.062500 0.137002 0.040625 0.128806
0 0.139063 0.754098 0.037500 0.192037
0 0.041406 0.741218 0.020313 0.142857
0 0.006250 0.755269 0.009375 0.156909
0 0.015625 0.660422 0.015625 0.042155
0 0.078125 0.713115 0.015625 0.091335
0 0.157031 0.673302 0.017188 0.039813
0 0.178906 0.682670 0.017188 0.049180
0 0.199219 0.659251 0.014063 0.025761
0 0.225000 0.725995 0.018750 0.131148
0 0.250000 0.674473 0.015625 0.037471
0 0.283594 0.727166 0.020313 0.152225
0 0.303906 0.662763 0.017188 0.032787
0 0.322656 0.660422 0.017188 0.023419
0 0.342187 0.710773 0.021875 0.147541
0 0.371875 0.652225 0.012500 0.035129
0 0.395313 0.665105 0.015625 0.037471
0 0.408594 0.640515 0.010937 0.030445
0 0.438281 0.646370 0.017188 0.032787
0 0.469531 0.686183 0.017188 0.098361
0 0.500781 0.682670 0.017188 0.091335
0 0.528906 0.667447 0.020313 0.088993
0 0.561719 0.654567 0.017188 0.072600
0 0.588281 0.647541 0.020313 0.053864
0 0.609375 0.668618 0.018750 0.067916
0 0.641406 0.672131 0.023438 0.079625
0 0.675000 0.673302 0.015625 0.067916
0 0.715625 0.675644 0.025000 0.086651
0 0.753906 0.656909 0.014063 0.044496
0 0.786719 0.658080 0.017188 0.046838
0 0.814063 0.654567 0.009375 0.039813
0 0.839063 0.659251 0.012500 0.044496
0 0.873437 0.638173 0.015625 0.049180
0 0.896094 0.642857 0.010937 0.039813
0 0.920312 0.653396 0.012500 0.046838
0 0.948438 0.645199 0.018750 0.044496
0 0.985938 0.646370 0.028125 0.060890
2 0.512500 0.510539 0.015625 0.014052
2 0.462500 0.522248 0.009375 0.018735
