0 0.565625 0.583594 0.197917 0.485938
0 0.736458 0.292187 0.064583 0.087500
0 0.835417 0.142187 0.037500 0.046875
0 0.875000 0.137500 0.029167 0.034375
0 0.878125 0.096875 0.035417 0.031250
0 0.888542 0.066406 0.027083 0.020313
0 0.934375 0.046094 0.018750 0.029687
0 0.958333 0.042969 0.029167 0.035937
0 0.682292 0.146094 0.027083 0.029687
0 0.695833 0.092969 0.029167 0.026562
0 0.705208 0.124219 0.031250 0.039062
0 0.630208 0.114844 0.035417 0.023438
0 0.646875 0.145313 0.056250 0.037500
0 0.587500 0.121094 0.029167 0.020313
0 0.569792 0.138281 0.022917 0.023438
0 0.601042 0.139844 0.031250 0.029687
0 0.585417 0.078125 0.033333 0.031250
0 0.545833 0.080469 0.033333 0.023438
0 0.502083 0.095312 0.037500 0.028125
0 0.504167 0.142969 0.033333 0.023438
0 0.477083 0.121094 0.033333 0.042188
0 0.445833 0.146875 0.033333 0.034375
0 0.405208 0.139063 0.035417 0.025000
0 0.438542 0.114062 0.035417 0.031250
0 0.566667 0.027344 0.033333 0.026562
0 0.598958 0.025000 0.035417 0.025000
0 0.695833 0.046875 0.029167 0.037500
0 0.730208 0.047656 0.022917 0.032813
0 0.812500 0.042969 0.033333 0.042188
0 0.478125 0.017969 0.027083 0.026562
0 0.451042 0.026562 0.035417 0.025000
0 0.382292 0.010937 0.031250 0.018750
0 0.406250 0.023438 0.037500 0.025000
0 0.416667 0.042969 0.025000 0.023438
0 0.395833 0.059375 0.029167 0.021875
0 0.366667 0.083594 0.029167 0.029687
0 0.358333 0.057031 0.025000 0.017188
0 0.332292 0.101562 0.031250 0.028125
0 0.300000 0.099219 0.029167 0.020313
0 0.300000 0.132031 0.045833 0.032813
0 0.263542 0.143750 0.043750 0.031250
0 0.201042 0.145313 0.043750 0.028125
0 0.140625 0.142187 0.031250 0.025000
0 0.161458 0.113281 0.027083 0.026562
0 0.203125 0.096875 0.027083 0.018750
0 0.267708 0.100000 0.022917 0.018750
0 0.225000 0.082031 0.033333 0.017188
0 0.232292 0.062500 0.027083 0.018750
0 0.181250 0.058594 0.033333 0.026562
0 0.172917 0.078125 0.025000 0.015625
0 0.129167 0.082031 0.033333 0.029687
0 0.088542 0.080469 0.039583 0.026562
0 0.062500 0.053125 0.033333 0.028125
0 0.096875 0.058594 0.031250 0.020313
0 0.081250 0.017969 0.025000 0.023438
0 0.039583 0.016406 0.033333 0.020313
0 0.138542 0.018750 0.027083 0.021875
0 0.178125 0.013281 0.031250 0.023438
0 0.294792 0.016406 0.035417 0.026562
0 0.193750 0.267188 0.050000 0.103125
