2 0.165625 0.834895 0.015625 0.058548
2 0.142187 0.912178 0.018750 0.035129
1 0.339844 0.975410 0.035937 0.039813
1 0.343750 0.942623 0.028125 0.021077
1 0.513281 0.959016 0.042188 0.030445
1 0.486719 0.939110 0.020313 0.037471
1 0.942187 0.949649 0.065625 0.035129
1 0.440625 0.898126 0.021875 0.035129
1 0.453125 0.911007 0.021875 0.028103
1 0.378906 0.827869 0.010937 0.021077
1 0.353125 0.908665 0.018750 0.018735
1 0.354687 0.925059 0.018750 0.018735
2 0.898438 0.675644 0.025000 0.072600
0 0.228125 0.984778 0.012500 0.030445
0 0.437500 0.975410 0.012500 0.044496
0 0.107031 0.978923 0.010937 0.042155
0 0.161719 0.980094 0.020313 0.035129
