0 0.642969 0.871866 0.032813 0.183844
0 0.733594 0.870474 0.035937 0.186630
0 0.607031 0.870474 0.029687 0.169916
0 0.587500 0.895543 0.025000 0.119777
0 0.560937 0.873259 0.034375 0.181058
0 0.516406 0.896936 0.029687 0.178273
0 0.492188 0.887187 0.018750 0.192201
1 0.317969 0.869081 0.085938 0.111421
1 0.259375 0.860724 0.040625 0.089136
1 0.227344 0.842618 0.026562 0.091922
0 0.171094 0.820334 0.014063 0.064067
1 0.178125 0.831476 0.040625 0.058496
0 0.039062 0.867688 0.034375 0.192201
1 0.071875 0.821727 0.025000 0.038997
0 0.092188 0.818942 0.009375 0.044568
1 0.128125 0.820334 0.018750 0.030641
