0 0.132812 0.240047 0.062500 0.180328
0 0.107813 0.311475 0.053125 0.145199
0 0.294531 0.509368 0.092188 0.470726
0 0.374219 0.290398 0.064062 0.318501
0 0.480469 0.364169 0.039062 0.241218
0 0.540625 0.277518 0.034375 0.292740
0 0.569531 0.163934 0.017188 0.046838
0 0.583594 0.295082 0.035937 0.285714
0 0.621875 0.277518 0.031250 0.283372
0 0.657813 0.176815 0.015625 0.086651
0 0.688281 0.300937 0.032813 0.269321
0 0.742969 0.318501 0.039062 0.145199
0 0.801562 0.316159 0.040625 0.131148
0 0.886719 0.352459 0.092188 0.170960
