1 0.323437 0.642019 0.103125 0.307512
0 0.403906 0.505869 0.020313 0.053991
0 0.228906 0.634977 0.029687 0.058685
0 0.229687 0.558685 0.028125 0.051643
0 0.263281 0.508216 0.020313 0.049296
0 0.191406 0.697183 0.029687 0.051643
0 0.100000 0.692488 0.025000 0.061033
0 0.054688 0.687793 0.034375 0.075117
0 0.021094 0.616197 0.023438 0.072770
0 0.086719 0.546948 0.023438 0.046948
0 0.130469 0.485915 0.020313 0.037559
0 0.166406 0.453052 0.010937 0.032864
0 0.196094 0.411972 0.017188 0.039906
1 0.146875 0.610329 0.118750 0.159624
1 0.392188 0.448357 0.065625 0.112676
0 0.325000 0.421362 0.018750 0.058685
0 0.346875 0.394366 0.015625 0.065728
1 0.282813 0.360329 0.078125 0.129108
0 0.096875 0.384977 0.021875 0.056338
1 0.056250 0.305164 0.078125 0.075117
0 0.434375 0.665493 0.031250 0.072770
0 0.439063 0.605634 0.034375 0.056338
0 0.439063 0.539906 0.018750 0.051643
0 0.454688 0.511737 0.018750 0.056338
0 0.453906 0.446009 0.020313 0.046948
0 0.457813 0.392019 0.015625 0.028169
0 0.471094 0.308685 0.014063 0.039906
1 0.432812 0.312207 0.037500 0.061033
1 0.421875 0.363850 0.053125 0.075117
1 0.441406 0.261737 0.042188 0.049296
1 0.447656 0.204225 0.035937 0.056338
1 0.457813 0.158451 0.025000 0.039906
1 0.466406 0.107981 0.042188 0.056338
1 0.480469 0.070423 0.020313 0.032864
1 0.504687 0.145540 0.031250 0.051643
1 0.511719 0.194836 0.026562 0.032864
1 0.503125 0.240610 0.015625 0.049296
1 0.521094 0.238263 0.039062 0.049296
1 0.525000 0.298122 0.046875 0.070423
1 0.521875 0.360329 0.043750 0.091549
1 0.525781 0.465962 0.064062 0.086854
1 0.528906 0.615023 0.085938 0.183099
1 0.354687 0.232394 0.081250 0.164319
1 0.414062 0.163146 0.028125 0.025822
1 0.422656 0.140845 0.026562 0.023474
1 0.432812 0.125587 0.025000 0.025822
1 0.442188 0.103286 0.018750 0.028169
0 0.072656 0.215962 0.017188 0.046948
0 0.053906 0.214789 0.014063 0.049296
0 0.142969 0.191315 0.010937 0.039906
1 0.274219 0.151408 0.029687 0.039906
1 0.510938 0.084507 0.025000 0.023474
1 0.603906 0.241784 0.095312 0.201878
1 0.557031 0.134977 0.026562 0.058685
1 0.550781 0.089202 0.048438 0.084507
1 0.610938 0.113850 0.043750 0.058685
1 0.673438 0.203052 0.075000 0.129108
1 0.685156 0.313380 0.048438 0.082160
1 0.726562 0.416667 0.100000 0.147887
1 0.612500 0.375587 0.059375 0.070423
1 0.615625 0.448357 0.068750 0.103286
1 0.697656 0.548122 0.101562 0.176056
0 0.635156 0.548122 0.023438 0.039906
0 0.607031 0.590376 0.029687 0.072770
0 0.639062 0.654930 0.031250 0.065728
0 0.587500 0.700704 0.025000 0.068075
0 0.518750 0.753521 0.034375 0.070423
0 0.693750 0.652582 0.028125 0.051643
0 0.783594 0.789906 0.029687 0.091549
0 0.776563 0.644366 0.021875 0.058685
0 0.830469 0.683099 0.020313 0.079812
0 0.870313 0.769953 0.021875 0.061033
0 0.965625 0.776995 0.037500 0.070423
0 0.990625 0.672535 0.018750 0.053991
0 0.927344 0.596244 0.023438 0.056338
0 0.957031 0.562207 0.029687 0.049296
0 0.874219 0.586854 0.026562 0.046948
0 0.856250 0.519953 0.021875 0.044601
0 0.896875 0.531690 0.018750 0.030516
0 0.909375 0.467136 0.025000 0.051643
0 0.831250 0.482394 0.018750 0.030516
0 0.803906 0.490610 0.023438 0.042254
0 0.788281 0.543427 0.026562 0.049296
0 0.832031 0.529343 0.026562 0.049296
0 0.837500 0.419014 0.025000 0.044601
0 0.809375 0.360329 0.025000 0.044601
0 0.814844 0.396714 0.017188 0.042254
0 0.788281 0.390845 0.026562 0.058685
0 0.775781 0.269953 0.020313 0.032864
0 0.755469 0.257042 0.017188 0.030516
2 0.820312 0.186620 0.068750 0.035211
