2 0.657031 0.593750 0.054688 0.141667
2 0.626563 0.565625 0.050000 0.206250
1 0.182031 0.931250 0.323437 0.133333
1 0.315625 0.859375 0.125000 0.110417
1 0.408594 0.853125 0.051562 0.081250
1 0.454688 0.820833 0.059375 0.070833
1 0.511719 0.800000 0.064062 0.041667
1 0.564844 0.781250 0.057813 0.054167
1 0.510156 0.870833 0.173437 0.100000
1 0.527344 0.964583 0.167187 0.070833
1 0.695312 0.898958 0.143750 0.114583
1 0.795312 0.835417 0.096875 0.112500
1 0.849219 0.783333 0.060937 0.091667
1 0.880469 0.744792 0.051562 0.047917
1 0.921094 0.718750 0.054688 0.041667
1 0.692969 0.793750 0.039062 0.075000
1 0.703125 0.731250 0.040625 0.045833
1 0.750781 0.720833 0.039062 0.045833
