2 0.748437 0.562061 0.015625 0.051522
2 0.415625 0.592506 0.015625 0.042155
2 0.375000 0.593677 0.015625 0.044496
2 0.387500 0.597190 0.012500 0.042155
2 0.246875 0.638173 0.009375 0.030445
2 0.230469 0.639344 0.010937 0.028103
2 0.220312 0.641686 0.009375 0.032787
2 0.110156 0.469555 0.026562 0.077283
2 0.014063 0.475410 0.021875 0.070258
2 0.275781 0.665105 0.007812 0.018735
2 0.262500 0.662763 0.009375 0.023419
1 0.072656 0.723653 0.064062 0.103044
1 0.095312 0.764637 0.046875 0.067916
1 0.171875 0.759953 0.043750 0.063232
1 0.141406 0.743560 0.020313 0.039813
1 0.260937 0.825527 0.146875 0.166276
1 0.185938 0.925059 0.287500 0.088993
1 0.677344 0.892272 0.314063 0.215457
1 0.854688 0.789227 0.121875 0.149883
1 0.933594 0.791569 0.054688 0.126464
1 0.970313 0.769321 0.059375 0.119438
2 0.903125 0.679157 0.018750 0.042155
1 0.700781 0.744731 0.173437 0.117096
1 0.604688 0.751756 0.050000 0.070258
1 0.550781 0.759953 0.048438 0.058548
2 0.561719 0.686183 0.010937 0.032787
2 0.573438 0.690867 0.009375 0.037471
0 0.501563 0.728337 0.025000 0.037471
1 0.427344 0.778689 0.101562 0.128806
1 0.353125 0.755269 0.037500 0.077283
1 0.321094 0.745902 0.029687 0.058548
1 0.032813 0.743560 0.025000 0.039813
1 0.009375 0.731850 0.015625 0.025761
1 0.010937 0.694379 0.018750 0.039813
