1 0.465625 0.469555 0.271875 0.559719
0 0.955469 0.627635 0.051562 0.285714
0 0.911719 0.625293 0.029687 0.243560
0 0.889062 0.553864 0.025000 0.124122
0 0.866406 0.585480 0.026562 0.168618
0 0.842187 0.584309 0.028125 0.203747
0 0.786719 0.517564 0.023438 0.074941
0 0.773438 0.596019 0.031250 0.189696
0 0.737500 0.586651 0.040625 0.217799
0 0.678906 0.596019 0.039062 0.227166
0 0.641406 0.580796 0.026562 0.210773
1 0.303906 0.507026 0.048438 0.100703
1 0.229687 0.558548 0.096875 0.142857
1 0.117188 0.439110 0.106250 0.241218
1 0.250000 0.449649 0.043750 0.046838
1 0.235156 0.357143 0.067187 0.110070
1 0.301563 0.384075 0.031250 0.037471
0 0.021094 0.647541 0.039062 0.292740
2 0.789062 0.298595 0.043750 0.175644
2 0.829688 0.346604 0.034375 0.103044
