0 0.964844 0.854953 0.070312 0.290094
0 0.807031 0.943396 0.073438 0.094340
0 0.492969 0.937500 0.054688 0.125000
0 0.349219 0.946934 0.129688 0.077830
0 0.206250 0.875000 0.103125 0.179245
0 0.049219 0.887972 0.067187 0.191038
0 0.069531 0.781840 0.076563 0.106132
1 0.246875 0.452830 0.393750 0.169811
1 0.670312 0.438679 0.428125 0.212264
0 0.676562 0.259434 0.021875 0.051887
0 0.725781 0.262972 0.017188 0.044811
1 0.881250 0.345519 0.031250 0.035377
1 0.941406 0.347877 0.020313 0.025943
1 0.977344 0.354953 0.045312 0.016509
0 0.981250 0.378538 0.015625 0.040094
1 0.928125 0.321934 0.034375 0.021226
1 0.019531 0.316038 0.029687 0.042453
1 0.049219 0.318396 0.026562 0.033019
1 0.082031 0.299528 0.023438 0.023585
1 0.096875 0.314858 0.015625 0.025943
1 0.118750 0.312500 0.018750 0.016509
1 0.117188 0.332547 0.028125 0.014151
1 0.171094 0.325472 0.029687 0.018868
1 0.221094 0.327830 0.026562 0.018868
1 0.264062 0.326651 0.021875 0.021226
1 0.289062 0.326651 0.018750 0.011792
1 0.320312 0.319575 0.028125 0.011792
1 0.314063 0.295991 0.021875 0.016509
1 0.378125 0.312500 0.031250 0.021226
1 0.388281 0.294811 0.020313 0.023585
1 0.414844 0.312500 0.026562 0.011792
1 0.444531 0.300708 0.026562 0.011792
1 0.490625 0.298349 0.028125 0.025943
