2 0.955208 0.729688 0.064583 0.053125
2 0.860417 0.746094 0.054167 0.042188
2 0.805208 0.746875 0.047917 0.053125
0 0.842708 0.837500 0.077083 0.112500
0 0.785417 0.841406 0.054167 0.142187
0 0.950000 0.822656 0.025000 0.067187
0 0.983333 0.810937 0.033333 0.084375
0 0.528125 0.892969 0.110417 0.210938
0 0.410417 0.834375 0.054167 0.143750
0 0.142708 0.889062 0.202083 0.187500
2 0.125000 0.734375 0.050000 0.050000
2 0.030208 0.726562 0.052083 0.071875
0 0.661458 0.808594 0.047917 0.085938
0 0.705208 0.795312 0.022917 0.056250
2 0.347917 0.718750 0.033333 0.040625
1 0.503125 0.740625 0.043750 0.043750
