1 0.170313 0.745902 0.328125 0.508197
1 0.479687 0.779859 0.312500 0.416862
1 0.644531 0.702576 0.164062 0.341920
1 0.776563 0.750585 0.096875 0.236534
1 0.844531 0.722482 0.073438 0.217799
1 0.914062 0.722482 0.065625 0.147541
1 0.961719 0.714286 0.032813 0.126464
0 0.985156 0.704918 0.029687 0.224824
2 0.472656 0.444965 0.017188 0.051522
2 0.454688 0.447307 0.012500 0.046838
2 0.811719 0.466042 0.014063 0.042155
2 0.797656 0.464871 0.014063 0.044496
2 0.858594 0.518735 0.014063 0.030445
1 0.900000 0.618267 0.025000 0.037471
1 0.945312 0.607728 0.015625 0.025761
