2 0.371000 0.572000 0.034000 0.104000
2 0.619000 0.714667 0.046000 0.101333
1 0.804000 0.782667 0.392000 0.434667
1 0.581000 0.953333 0.050000 0.088000
1 0.386000 0.942667 0.084000 0.088000
1 0.217000 0.938667 0.050000 0.064000
1 0.169000 0.937333 0.034000 0.061333
1 0.268000 0.925333 0.036000 0.053333
1 0.282000 0.888000 0.032000 0.037333
1 0.304000 0.873333 0.036000 0.034667
1 0.387000 0.844000 0.022000 0.034667
1 0.404000 0.838667 0.020000 0.029333
1 0.483000 0.860000 0.030000 0.034667
1 0.484000 0.838667 0.028000 0.024000
