1 0.607031 0.565625 0.101562 0.147917
1 0.739062 0.612500 0.075000 0.062500
0 0.686719 0.576042 0.014063 0.052083
0 0.727344 0.564583 0.014063 0.020833
0 0.748437 0.566667 0.015625 0.025000
0 0.860938 0.592708 0.028125 0.081250
0 0.893750 0.592708 0.018750 0.097917
0 0.944531 0.604167 0.023438 0.095833
0 0.984375 0.595833 0.031250 0.133333
0 0.455469 0.609375 0.035937 0.139583
0 0.493750 0.606250 0.025000 0.141667
0 0.515625 0.595833 0.015625 0.112500
0 0.542969 0.588542 0.023438 0.102083
0 0.404687 0.566667 0.015625 0.041667
0 0.364844 0.568750 0.020313 0.041667
