0 0.965962441314554 0.6734375 0.06338028169014084 0.05625
0 0.8884976525821596 0.66328125 0.07746478873239437 0.06406250000000001
0 0.8004694835680751 0.65625 0.06572769953051644 0.059375000000000004
0 0.727699530516432 0.6421875 0.07981220657276995 0.053125000000000006
0 0.6408450704225352 0.64375 0.08450704225352113 0.05
0 0.5751173708920188 0.6265625 0.056338028169014086 0.053125000000000006
0 0.2652582159624413 0.6390625000000001 0.10328638497652583 0.043750000000000004
0 0.08333333333333333 0.62890625 0.06807511737089202 0.060937500000000006
0 0.13615023474178403 0.6265625 0.03286384976525822 0.040625
0 0.26291079812206575 0.6492187500000001 0.11267605633802817 0.0421875
0 0.023474178403755867 0.6468750000000001 0.046948356807511735 0.059375000000000004
