0 0.385417 0.426563 0.100000 0.190625
0 0.527083 0.424219 0.104167 0.182812
0 0.448958 0.334375 0.056250 0.075000
0 0.572917 0.298438 0.075000 0.084375
0 0.489583 0.286719 0.054167 0.076563
0 0.456250 0.225781 0.050000 0.042188
0 0.573958 0.244531 0.047917 0.029687
0 0.528125 0.228125 0.031250 0.031250
0 0.740625 0.271875 0.068750 0.343750
0 0.830208 0.281250 0.081250 0.378125
0 0.929167 0.303125 0.083333 0.334375
0 0.986458 0.167187 0.027083 0.065625
1 0.082292 0.150781 0.143750 0.042188
1 0.612500 0.132812 0.070833 0.025000
1 0.687500 0.131250 0.058333 0.040625
