0 0.981250 0.608333 0.037500 0.125000
0 0.925000 0.646875 0.087500 0.168750
0 0.770312 0.753125 0.103125 0.306250
0 0.603906 0.882292 0.089063 0.181250
0 0.516406 0.675000 0.085938 0.154167
0 0.292187 0.659375 0.100000 0.168750
0 0.355469 0.556250 0.048438 0.120833
0 0.310937 0.542708 0.050000 0.085417
0 0.300000 0.480208 0.040625 0.039583
0 0.223438 0.513542 0.059375 0.110417
0 0.092969 0.715625 0.151562 0.185417
0 0.096875 0.563542 0.043750 0.072917
0 0.685937 0.581250 0.050000 0.112500
0 0.742188 0.523958 0.034375 0.064583
0 0.827344 0.545833 0.042188 0.083333
0 0.701562 0.488542 0.034375 0.060417
0 0.653125 0.516667 0.025000 0.050000
0 0.570312 0.539583 0.031250 0.054167
0 0.537500 0.515625 0.043750 0.068750
0 0.465625 0.502083 0.021875 0.050000
0 0.579688 0.461458 0.021875 0.039583
0 0.626563 0.463542 0.025000 0.047917
0 0.696094 0.475000 0.026562 0.045833
0 0.911719 0.447917 0.017188 0.033333
0 0.978906 0.440625 0.017188 0.031250
0 0.867969 0.450000 0.023438 0.037500
0 0.804688 0.435417 0.018750 0.029167
0 0.770312 0.437500 0.018750 0.045833
0 0.424219 0.482292 0.026562 0.056250
0 0.950781 0.451042 0.020313 0.035417
0 0.839063 0.434375 0.015625 0.027083
0 0.610156 0.422917 0.014063 0.029167
0 0.566406 0.416667 0.020313 0.037500
0 0.500000 0.423958 0.018750 0.014583
1 0.342969 0.459375 0.139063 0.081250
1 0.180469 0.471875 0.176563 0.089583
1 0.081250 0.525000 0.159375 0.120833
1 0.411719 0.419792 0.139063 0.072917
