2 0.444531 0.475862 0.014063 0.068966
2 0.362500 0.510345 0.006250 0.064368
2 0.542188 0.494253 0.012500 0.032184
2 0.717187 0.498851 0.009375 0.027586
1 0.739062 0.793103 0.315625 0.317241
1 0.952344 0.810345 0.095312 0.259770
1 0.868750 0.660920 0.162500 0.140230
1 0.546875 0.694253 0.081250 0.147126
1 0.474219 0.622989 0.048438 0.068966
1 0.557031 0.595402 0.045312 0.032184
1 0.069531 0.790805 0.117188 0.354023
0 0.207031 0.608046 0.010937 0.057471
0 0.090625 0.605747 0.018750 0.071264
2 0.177344 0.516092 0.023438 0.048276
0 0.180469 0.604598 0.017188 0.064368
0 0.311719 0.609195 0.017188 0.059770
0 0.293750 0.608046 0.012500 0.057471
0 0.356250 0.603448 0.018750 0.066667
