0 0.423 0.24270557029177717 0.05 0.0716180371352785
0 0.277 0.2572944297082228 0.054 0.0636604774535809
0 0.277 0.21087533156498672 0.034 0.029177718832891244
0 0.267 0.1923076923076923 0.042 0.023872679045092837
0 0.28600000000000003 0.16047745358090185 0.04 0.03978779840848806
0 0.26 0.1286472148541114 0.028 0.034482758620689655
0 0.313 0.13925729442970822 0.022 0.03978779840848806
0 0.41100000000000003 0.1856763925729443 0.05 0.042440318302387266
0 0.383 0.17374005305039786 0.022 0.06100795755968169
0 0.41400000000000003 0.1286472148541114 0.076 0.034482758620689655
0 0.367 0.13660477453580902 0.026000000000000002 0.04509283819628647
0 0.341 0.1339522546419098 0.026000000000000002 0.03978779840848806
