1 0.081250 0.782322 0.065625 0.071240
1 0.119531 0.765172 0.035937 0.094987
1 0.166406 0.770449 0.042188 0.036939
1 0.212500 0.759894 0.059375 0.058047
1 0.025000 0.777045 0.046875 0.129288
2 0.114844 0.674142 0.007812 0.023747
2 0.146875 0.672823 0.009375 0.026385
1 0.602344 0.761214 0.032813 0.029024
1 0.659375 0.749340 0.028125 0.031662
1 0.720313 0.744063 0.053125 0.036939
1 0.780469 0.732190 0.010937 0.018470
1 0.813281 0.729551 0.020313 0.029024
2 0.687500 0.633245 0.012500 0.026385
2 0.723437 0.637203 0.009375 0.029024
