0 0.332813 0.488290 0.087500 0.372365
0 0.042188 0.544496 0.081250 0.264637
0 0.175781 0.526932 0.089063 0.210773
0 0.140625 0.135831 0.046875 0.079625
0 0.215625 0.133489 0.043750 0.060890
0 0.255469 0.083138 0.060937 0.133489
0 0.185156 0.035129 0.032813 0.065574
0 0.107031 0.035129 0.042188 0.065574
0 0.040625 0.051522 0.031250 0.056206
0 0.032813 0.114754 0.043750 0.070258
0 0.370312 0.202576 0.059375 0.091335
0 0.460938 0.221311 0.046875 0.081967
0 0.497656 0.146370 0.048438 0.077283
0 0.556250 0.215457 0.046875 0.084309
0 0.577344 0.162763 0.045312 0.053864
0 0.603906 0.101874 0.035937 0.067916
0 0.519531 0.071429 0.057813 0.081967
0 0.653906 0.216628 0.042188 0.072600
0 0.739844 0.117096 0.064062 0.159251
0 0.815625 0.174473 0.028125 0.067916
0 0.840625 0.210773 0.043750 0.126464
0 0.882812 0.083138 0.031250 0.035129
0 0.900000 0.119438 0.031250 0.046838
0 0.964063 0.206089 0.053125 0.112412
0 0.963281 0.119438 0.029687 0.060890
0 0.989062 0.077283 0.021875 0.074941
0 0.868750 0.432084 0.087500 0.592506
0 0.914844 0.617096 0.139063 0.540984
0 0.717187 0.692037 0.150000 0.405152
0 0.573438 0.569087 0.200000 0.679157
0 0.475000 0.483607 0.100000 0.362998
