1 0.025781 0.254883 0.045312 0.123047
1 0.096094 0.256836 0.079687 0.103516
1 0.238281 0.237305 0.032813 0.068359
1 0.276562 0.242188 0.031250 0.066406
1 0.320312 0.255859 0.025000 0.085938
0 0.340625 0.242188 0.018750 0.046875
0 0.367188 0.203125 0.015625 0.031250
0 0.385937 0.252930 0.028125 0.099609
0 0.411719 0.218750 0.035937 0.089844
0 0.439844 0.206055 0.023438 0.044922
0 0.485156 0.209961 0.014063 0.044922
0 0.521875 0.215820 0.031250 0.052734
1 0.601562 0.241211 0.043750 0.076172
1 0.656250 0.242188 0.021875 0.050781
0 0.756250 0.230469 0.018750 0.066406
0 0.787500 0.221680 0.025000 0.083984
0 0.846094 0.341797 0.060937 0.316406
0 0.211719 0.501953 0.120313 0.683594
