0 0.782813 0.134977 0.018750 0.096244
0 0.796875 0.095070 0.009375 0.030516
0 0.808594 0.137324 0.017188 0.100939
0 0.843750 0.099765 0.009375 0.025822
0 0.850000 0.109155 0.012500 0.044601
0 0.875781 0.158451 0.020313 0.124413
0 0.903125 0.145540 0.021875 0.117371
0 0.921875 0.122066 0.015625 0.065728
0 0.937500 0.102113 0.012500 0.025822
0 0.971875 0.221831 0.031250 0.208920
0 0.713281 0.138498 0.048438 0.211268
0 0.610156 0.111502 0.045312 0.147887
0 0.650000 0.110329 0.025000 0.089202
0 0.568750 0.100939 0.031250 0.084507
0 0.505469 0.111502 0.014063 0.035211
0 0.490625 0.089202 0.012500 0.018779
0 0.463281 0.116197 0.026562 0.082160
0 0.435156 0.075117 0.014063 0.032864
0 0.418750 0.130282 0.040625 0.176056
0 0.378125 0.110329 0.056250 0.154930
0 0.336719 0.111502 0.020313 0.053991
0 0.310156 0.117371 0.017188 0.051643
0 0.250000 0.075117 0.018750 0.046948
0 0.225781 0.099765 0.039062 0.100939
0 0.063281 0.122066 0.014063 0.028169
0 0.031250 0.131455 0.015625 0.042254
