0 0.134573 0.709375 0.185996 0.184375
0 0.067834 0.893750 0.126915 0.203125
0 0.926696 0.832031 0.146608 0.185938
0 0.457330 0.322656 0.126915 0.157812
0 0.042670 0.120313 0.072210 0.103125
0 0.084245 0.259375 0.102845 0.087500
0 0.185996 0.103906 0.109409 0.198437
0 0.321663 0.066406 0.087527 0.107813
0 0.384026 0.033594 0.067834 0.051562
0 0.500000 0.078125 0.120350 0.081250
0 0.715536 0.116406 0.113786 0.107813
0 0.731947 0.220312 0.190372 0.071875
0 0.926696 0.245312 0.072210 0.096875
0 0.974836 0.242969 0.050328 0.107813
0 0.873085 0.216406 0.056893 0.101562
