2 0.301333 0.229000 0.037333 0.058000
2 0.508000 0.251000 0.034667 0.058000
2 0.824000 0.372000 0.037333 0.052000
2 0.790667 0.373000 0.029333 0.050000
2 0.649333 0.422000 0.008000 0.028000
2 0.662667 0.428000 0.013333 0.028000
2 0.650667 0.362000 0.016000 0.040000
1 0.569333 0.490000 0.045333 0.036000
2 0.809333 0.426000 0.029333 0.024000
0 0.841333 0.487000 0.029333 0.050000
0 0.809333 0.487000 0.029333 0.074000
0 0.785333 0.494000 0.018667 0.064000
0 0.936000 0.486000 0.037333 0.068000
0 0.685333 0.484000 0.021333 0.036000
0 0.644000 0.484000 0.024000 0.036000
0 0.620000 0.486000 0.018667 0.040000
0 0.378667 0.511000 0.112000 0.210000
1 0.493333 0.484000 0.048000 0.036000
1 0.257333 0.486000 0.045333 0.024000
1 0.196000 0.480000 0.050667 0.024000
1 0.141333 0.486000 0.058667 0.032000
0 0.032000 0.479000 0.016000 0.042000
0 0.057333 0.476000 0.018667 0.036000
