0 0.057813 0.584928 0.109375 0.595694
0 0.242188 0.612440 0.178125 0.660287
0 0.386719 0.470096 0.135937 0.361244
0 0.611719 0.421053 0.101562 0.263158
0 0.750000 0.399522 0.078125 0.210526
0 0.797656 0.348086 0.026562 0.131579
0 0.828906 0.366029 0.039062 0.157895
0 0.959375 0.527512 0.081250 0.562201
1 0.890625 0.392344 0.087500 0.172249
1 0.491406 0.454545 0.132812 0.196172
1 0.131250 0.535885 0.243750 0.196172
0 0.514844 0.324163 0.026562 0.055024
0 0.529687 0.321770 0.015625 0.050239
0 0.544531 0.321770 0.017188 0.050239
0 0.567187 0.322967 0.009375 0.033493
1 0.737500 0.324163 0.118750 0.117225
1 0.422656 0.318182 0.023438 0.043062
0 0.445312 0.320574 0.009375 0.023923
0 0.460156 0.320574 0.007812 0.028708
