2 0.755469 0.326698 0.007812 0.035129
2 0.952344 0.350117 0.014063 0.049180
2 0.971875 0.378220 0.009375 0.053864
2 0.957812 0.401639 0.012500 0.030445
2 0.803906 0.406323 0.014063 0.030445
2 0.679688 0.318501 0.012500 0.042155
1 0.692969 0.542155 0.179688 0.147541
1 0.805469 0.524590 0.076563 0.103044
0 0.529687 0.476581 0.034375 0.100703
1 0.511719 0.483607 0.098437 0.096019
1 0.599219 0.478923 0.057813 0.077283
1 0.452344 0.487119 0.029687 0.046838
1 0.417969 0.484778 0.035937 0.056206
1 0.353125 0.488290 0.028125 0.049180
1 0.328906 0.480094 0.026562 0.037471
1 0.309375 0.469555 0.021875 0.025761
1 0.294531 0.463700 0.017188 0.028103
1 0.276562 0.460187 0.012500 0.025761
0 0.229687 0.500000 0.034375 0.138173
1 0.104688 0.515222 0.193750 0.192037
0 0.189844 0.459016 0.023438 0.032787
2 0.100781 0.316159 0.010937 0.042155
2 0.025781 0.307963 0.017188 0.044496
2 0.137500 0.394614 0.015625 0.044496
2 0.269531 0.391101 0.010937 0.028103
