0 0.62265625 0.7820823244552059 0.1015625 0.2033898305084746
0 0.87265625 0.7711864406779662 0.1390625 0.22033898305084748
0 0.7609375 0.7857142857142857 0.07187500000000001 0.1476997578692494
0 0.703125 0.7917675544794189 0.046875 0.15012106537530268
0 0.6976562500000001 0.6767554479418887 0.0921875 0.09443099273607748
0 0.5632812500000001 0.8099273607748184 0.0421875 0.13801452784503632
0 0.53515625 0.7966101694915254 0.029687500000000002 0.09685230024213076
0 0.5085937500000001 0.8026634382566586 0.026562500000000003 0.10411622276029056
0 0.40546875000000004 0.7893462469733656 0.0703125 0.13559322033898305
0 0.4546875 0.8256658595641647 0.015625 0.05811138014527845
0 0.46328125000000003 0.7905569007263923 0.026562500000000003 0.031476997578692496
