0 0.080469 0.492708 0.095312 0.152083
0 0.146094 0.453125 0.029687 0.031250
0 0.185938 0.471875 0.103125 0.197917
0 0.247656 0.453125 0.032813 0.043750
0 0.321094 0.486458 0.110937 0.243750
0 0.405469 0.486458 0.057813 0.143750
0 0.482812 0.453125 0.043750 0.106250
0 0.532813 0.497917 0.050000 0.158333
0 0.568750 0.455208 0.031250 0.072917
0 0.621094 0.485417 0.035937 0.104167
0 0.676562 0.506250 0.062500 0.137500
0 0.718750 0.457292 0.028125 0.056250
0 0.769531 0.456250 0.067187 0.141667
0 0.841406 0.495833 0.048438 0.137500
0 0.889062 0.478125 0.043750 0.093750
0 0.925000 0.467708 0.034375 0.081250
0 0.896875 0.407292 0.034375 0.064583
0 0.923438 0.542708 0.153125 0.781250
