2 0.503125 0.074766 0.068750 0.144860
2 0.791406 0.267523 0.029687 0.091121
2 0.797656 0.372664 0.032813 0.039720
2 0.066406 0.186916 0.026562 0.070093
0 0.085938 0.503505 0.043750 0.114486
0 0.052344 0.467290 0.017188 0.051402
0 0.027344 0.616822 0.051562 0.299065
0 0.122656 0.665888 0.117188 0.271028
0 0.254688 0.550234 0.062500 0.306075
0 0.396094 0.523364 0.070312 0.214953
0 0.621875 0.640187 0.115625 0.289720
0 0.778125 0.684579 0.134375 0.317757
0 0.926562 0.667056 0.146875 0.665888
0 0.891406 0.452103 0.026562 0.077103
0 0.790625 0.449766 0.040625 0.081776
0 0.746875 0.452103 0.028125 0.058411
0 0.580469 0.449766 0.032813 0.086449
1 0.342969 0.500000 0.039062 0.060748
1 0.304688 0.491822 0.028125 0.067757
1 0.130469 0.446262 0.157812 0.154206
