2 0.430469 0.439583 0.057813 0.033333
2 0.608594 0.444792 0.054688 0.022917
2 0.082031 0.420833 0.054688 0.041667
2 0.282031 0.531250 0.035937 0.025000
1 0.107031 0.726042 0.201563 0.293750
1 0.275781 0.682292 0.095312 0.060417
2 0.248438 0.625000 0.021875 0.020833
2 0.278125 0.642708 0.028125 0.022917
2 0.824219 0.600000 0.023438 0.037500
1 0.714063 0.702083 0.034375 0.037500
1 0.504687 0.686458 0.025000 0.027083
1 0.421094 0.687500 0.039062 0.033333
1 0.546094 0.689583 0.023438 0.016667
1 0.570312 0.681250 0.018750 0.020833
