0 0.189696 0.882031 0.051522 0.079687
0 0.059719 0.837500 0.035129 0.068750
0 0.377049 0.793750 0.042155 0.059375
0 0.306792 0.834375 0.046838 0.059375
0 0.432084 0.861719 0.044496 0.048438
0 0.304450 0.775000 0.032787 0.056250
0 0.333724 0.738281 0.044496 0.057813
0 0.306792 0.725000 0.037471 0.043750
0 0.370023 0.707812 0.037471 0.050000
0 0.481265 0.691406 0.035129 0.042188
0 0.428571 0.693750 0.028103 0.040625
0 0.439110 0.757031 0.039813 0.064062
0 0.380562 0.659375 0.025761 0.053125
0 0.351288 0.648438 0.032787 0.034375
0 0.311475 0.650000 0.042155 0.056250
0 0.286885 0.657031 0.035129 0.054688
0 0.194379 0.662500 0.023419 0.053125
0 0.185012 0.590625 0.018735 0.037500
0 0.141686 0.582031 0.025761 0.048438
0 0.167447 0.578125 0.021077 0.040625
0 0.334895 0.567969 0.032787 0.042188
0 0.295082 0.551562 0.028103 0.037500
0 0.271663 0.529687 0.023419 0.037500
0 0.236534 0.535156 0.023419 0.042188
0 0.285714 0.604688 0.028103 0.031250
0 0.346604 0.452344 0.028103 0.035937
0 0.387588 0.442188 0.021077 0.025000
0 0.249415 0.444531 0.016393 0.026562
0 0.214286 0.457813 0.021077 0.028125
0 0.194379 0.453125 0.023419 0.031250
0 0.170960 0.458594 0.018735 0.032813
0 0.153396 0.460156 0.016393 0.029687
0 0.234192 0.420312 0.023419 0.028125
0 0.254098 0.403906 0.021077 0.023438
0 0.310304 0.418750 0.025761 0.028125
0 0.332553 0.387500 0.014052 0.031250
0 0.274005 0.378906 0.023419 0.035937
0 0.307963 0.364063 0.016393 0.025000
0 0.344262 0.346875 0.018735 0.028125
0 0.535129 0.979688 0.049180 0.034375
