2 0.589063 0.354167 0.043750 0.125000
2 0.631250 0.362500 0.043750 0.116667
2 0.061719 0.266667 0.051562 0.191667
2 0.075781 0.430208 0.017188 0.064583
1 0.195312 0.539583 0.031250 0.041667
1 0.304688 0.543750 0.046875 0.029167
1 0.423438 0.557292 0.062500 0.077083
1 0.453125 0.519792 0.046875 0.064583
2 0.494531 0.531250 0.017188 0.037500
2 0.528125 0.460417 0.015625 0.045833
2 0.545312 0.459375 0.015625 0.052083
2 0.829688 0.477083 0.012500 0.045833
2 0.879687 0.472917 0.009375 0.041667
2 0.902344 0.466667 0.007812 0.045833
2 0.920312 0.473958 0.012500 0.031250
1 0.843750 0.560417 0.081250 0.062500
