0 0.744131 0.603906 0.032864 0.082812
0 0.629108 0.761719 0.084507 0.148438
0 0.400235 0.758594 0.077465 0.157812
0 0.327465 0.767188 0.082160 0.162500
0 0.355634 0.628906 0.035211 0.085938
0 0.544601 0.567187 0.037559 0.034375
0 0.455399 0.561719 0.023474 0.048438
0 0.497653 0.563281 0.028169 0.039062
0 0.076291 0.375000 0.021127 0.018750
0 0.058685 0.460938 0.014085 0.015625
0 0.697183 0.435156 0.023474 0.020313
0 0.801643 0.460156 0.016432 0.023438
0 0.857981 0.460156 0.021127 0.017188
0 0.943662 0.462500 0.023474 0.018750
0 0.953052 0.485156 0.023474 0.010937
0 0.990610 0.483594 0.014085 0.014063
0 0.760563 0.430469 0.023474 0.017188
0 0.819249 0.432812 0.014085 0.018750
0 0.672535 0.450000 0.016432 0.018750
0 0.618545 0.451562 0.021127 0.009375
0 0.572770 0.442188 0.018779 0.018750
0 0.036385 0.367969 0.021127 0.020313
0 0.012911 0.431250 0.016432 0.015625
0 0.028169 0.459375 0.032864 0.018750
0 0.410798 0.463281 0.023474 0.035937
0 0.342723 0.478906 0.032864 0.029687
