0 0.054688 0.698824 0.081250 0.531765
0 0.089063 0.500000 0.028125 0.072941
1 0.172656 0.611765 0.117188 0.202353
0 0.279687 0.495294 0.031250 0.058824
0 0.287500 0.698824 0.156250 0.602353
0 0.400000 0.489412 0.018750 0.061176
0 0.417969 0.532941 0.039062 0.171765
0 0.468750 0.616471 0.109375 0.757647
0 0.580469 0.435294 0.070312 0.320000
0 0.643750 0.737647 0.143750 0.524706
0 0.771094 0.683529 0.107813 0.487059
0 0.678906 0.352941 0.142187 0.301176
1 0.923438 0.590588 0.153125 0.155294
1 0.851562 0.622353 0.115625 0.129412
