0 0.9890625000000001 0.3705636743215031 0.018750000000000003 0.056367432150313146
0 0.9515625000000001 0.337160751565762 0.059375000000000004 0.13152400835073066
0 0.88984375 0.337160751565762 0.051562500000000004 0.10229645093945719
0 0.5789062500000001 0.5469728601252609 0.7140625 0.5427974947807933
0 0.0484375 0.44676409185803756 0.08750000000000001 0.08350730688935282
0 0.14765625000000002 0.43528183716075153 0.060937500000000006 0.06471816283924843
0 0.2765625 0.41022964509394566 0.1375 0.056367432150313146
0 0.15625 0.38413361169102295 0.053125000000000006 0.025052192066805843
0 0.047656250000000004 0.38622129436325675 0.060937500000000006 0.037578288100208766
0 0.1 0.38622129436325675 0.05 0.025052192066805843
0 0.22812500000000002 0.3402922755741127 0.03125 0.025052192066805843
0 0.27265625 0.34551148225469724 0.029687500000000002 0.031315240083507306
0 0.18515625000000002 0.3298538622129436 0.035937500000000004 0.025052192066805843
0 0.23828125 0.3110647181628392 0.029687500000000002 0.025052192066805843
0 0.30625 0.30167014613778703 0.025 0.018789144050104383
0 0.00703125 0.3319415448851774 0.0140625 0.016701461377870562
