0 0.618750 0.231250 0.137500 0.241667
0 0.653906 0.092708 0.042188 0.060417
0 0.755469 0.065625 0.032813 0.114583
0 0.732031 0.059375 0.020313 0.102083
0 0.678906 0.027083 0.020313 0.045833
0 0.647656 0.018750 0.023438 0.033333
1 0.926562 0.088542 0.134375 0.168750
1 0.902344 0.795833 0.195312 0.408333
0 0.276562 0.134375 0.043750 0.181250
0 0.339844 0.080208 0.042188 0.143750
0 0.239063 0.129167 0.040625 0.166667
0 0.199219 0.117708 0.042188 0.160417
0 0.098437 0.113542 0.068750 0.206250
0 0.043750 0.064583 0.031250 0.112500
0 0.035156 0.214583 0.060937 0.283333
1 0.123438 0.051042 0.050000 0.085417
1 0.191406 0.050000 0.076563 0.079167
1 0.594531 0.061458 0.167187 0.102083
0 0.463281 0.051042 0.020313 0.093750
0 0.428906 0.057292 0.020313 0.093750
0 0.478906 0.042708 0.020313 0.081250
