2 0.853125 0.341920 0.028125 0.079625
2 0.595313 0.533958 0.040625 0.098361
2 0.559375 0.533958 0.031250 0.093677
2 0.560937 0.619438 0.028125 0.053864
1 0.806250 0.830211 0.262500 0.147541
1 0.907031 0.662763 0.185938 0.215457
1 0.762500 0.615925 0.053125 0.042155
0 0.714063 0.581967 0.015625 0.035129
0 0.732031 0.577283 0.007812 0.025761
0 0.603125 0.793911 0.034375 0.098361
0 0.560156 0.810304 0.029687 0.107728
0 0.599219 0.920375 0.029687 0.088993
0 0.570312 0.915691 0.018750 0.042155
0 0.533594 0.736534 0.026562 0.058548
0 0.503906 0.766979 0.026562 0.067916
0 0.475781 0.754098 0.023438 0.046838
0 0.440625 0.727166 0.018750 0.039813
0 0.412500 0.818501 0.021875 0.124122
0 0.367188 0.827869 0.037500 0.105386
0 0.343750 0.735363 0.018750 0.056206
0 0.322656 0.718970 0.023438 0.046838
0 0.289844 0.768150 0.014063 0.070258
0 0.261719 0.748244 0.020313 0.039813
0 0.245312 0.743560 0.025000 0.049180
0 0.225781 0.734192 0.014063 0.039813
0 0.245312 0.690867 0.021875 0.028103
0 0.211719 0.702576 0.023438 0.028103
0 0.169531 0.690867 0.020313 0.042155
0 0.146094 0.695550 0.023438 0.046838
0 0.052344 0.697892 0.023438 0.084309
0 0.055469 0.612412 0.014063 0.049180
0 0.035937 0.604215 0.015625 0.051522
2 0.136719 0.529274 0.020313 0.042155
0 0.013281 0.789227 0.023438 0.135831
