0 0.150000 0.450000 0.056250 0.166667
0 0.143750 0.656250 0.062500 0.212500
0 0.218750 0.634375 0.081250 0.227083
0 0.084375 0.664583 0.075000 0.233333
0 0.027344 0.655208 0.051562 0.227083
0 0.294531 0.546875 0.064062 0.239583
0 0.371094 0.594792 0.051562 0.127083
0 0.416406 0.577083 0.032813 0.095833
0 0.511719 0.547917 0.173437 0.316667
0 0.621875 0.488542 0.021875 0.114583
0 0.650781 0.498958 0.023438 0.118750
0 0.671875 0.464583 0.021875 0.058333
0 0.670312 0.546875 0.025000 0.064583
0 0.713281 0.548958 0.057813 0.185417
0 0.752344 0.557292 0.023438 0.085417
0 0.809375 0.572917 0.046875 0.087500
0 0.803125 0.455208 0.021875 0.039583
0 0.839063 0.496875 0.025000 0.135417
0 0.865625 0.539583 0.021875 0.120833
0 0.888281 0.515625 0.023438 0.135417
0 0.925000 0.539583 0.037500 0.212500
0 0.973437 0.485417 0.046875 0.179167
0 0.957812 0.803125 0.084375 0.381250
