2 0.636719 0.245833 0.029687 0.087500
2 0.536719 0.426042 0.014063 0.043750
2 0.512500 0.435417 0.012500 0.037500
2 0.504687 0.486458 0.009375 0.027083
2 0.482812 0.482292 0.012500 0.027083
2 0.414062 0.445833 0.012500 0.041667
2 0.398438 0.491667 0.009375 0.020833
2 0.358594 0.489583 0.007812 0.025000
2 0.340625 0.478125 0.012500 0.031250
2 0.303125 0.469792 0.009375 0.018750
2 0.114062 0.507292 0.012500 0.022917
2 0.120313 0.542708 0.012500 0.018750
2 0.523438 0.542708 0.018750 0.018750
2 0.717969 0.444792 0.014063 0.039583
2 0.779687 0.476042 0.012500 0.035417
1 0.812500 0.555208 0.025000 0.022917
1 0.782813 0.567708 0.018750 0.022917
1 0.766406 0.567708 0.014063 0.022917
1 0.725781 0.580208 0.026562 0.022917
1 0.675781 0.580208 0.026562 0.035417
1 0.701562 0.584375 0.021875 0.035417
1 0.022656 0.600000 0.026562 0.037500
