0 0.500781 0.733577 0.057813 0.274939
0 0.567187 0.656934 0.018750 0.077859
0 0.550000 0.655718 0.015625 0.080292
0 0.535937 0.654501 0.018750 0.092457
0 0.892188 0.734793 0.031250 0.204380
0 0.932031 0.733577 0.048438 0.236010
0 0.438281 0.677616 0.035937 0.128954
0 0.408594 0.680049 0.026562 0.109489
0 0.363281 0.666667 0.020313 0.111922
0 0.381250 0.675182 0.018750 0.109489
0 0.179688 0.650852 0.018750 0.104623
0 0.207813 0.647202 0.018750 0.092457
0 0.137500 0.632603 0.015625 0.058394
0 0.153906 0.644769 0.020313 0.063260
2 0.519531 0.163017 0.064062 0.043796
