1 0.290625 0.632319 0.140625 0.346604
1 0.411719 0.905152 0.185938 0.189696
1 0.683594 0.899297 0.242188 0.187354
1 0.535156 0.813817 0.120313 0.128806
1 0.460938 0.722482 0.109375 0.119438
1 0.553125 0.677986 0.062500 0.081967
1 0.653125 0.621780 0.175000 0.170960
0 0.959375 0.751756 0.031250 0.131148
0 0.883594 0.708431 0.020313 0.086651
1 0.457031 0.626464 0.045312 0.049180
1 0.441406 0.576112 0.095312 0.098361
2 0.485938 0.564403 0.012500 0.037471
0 0.103125 0.701405 0.028125 0.152225
0 0.378125 0.633489 0.012500 0.030445
