0 0.066406 0.420375 0.120313 0.316159
0 0.072656 0.052693 0.048438 0.100703
0 0.080469 0.105386 0.042188 0.154567
0 0.128125 0.052693 0.053125 0.100703
0 0.152344 0.168618 0.067187 0.168618
0 0.207031 0.175644 0.057813 0.117096
0 0.182812 0.056206 0.037500 0.084309
0 0.229687 0.069087 0.053125 0.133489
0 0.277344 0.195550 0.029687 0.063232
0 0.324219 0.183841 0.042188 0.105386
0 0.300781 0.057377 0.048438 0.110070
0 0.354687 0.053864 0.050000 0.093677
0 0.419531 0.126464 0.032813 0.070258
0 0.439063 0.042155 0.031250 0.065574
0 0.468750 0.090164 0.028125 0.067916
0 0.478125 0.159251 0.028125 0.056206
0 0.417969 0.216628 0.039062 0.067916
0 0.494531 0.210773 0.042188 0.056206
0 0.463281 0.272834 0.045312 0.063232
0 0.507031 0.322014 0.042188 0.096019
0 0.462500 0.374707 0.034375 0.079625
0 0.376563 0.264637 0.046875 0.117096
0 0.367188 0.193208 0.031250 0.044496
0 0.320312 0.586651 0.103125 0.672131
0 0.545312 0.584309 0.093750 0.597190
0 0.612500 0.292740 0.037500 0.135831
0 0.535156 0.132319 0.032813 0.147541
0 0.535156 0.043326 0.029687 0.049180
0 0.582031 0.045667 0.023438 0.021077
0 0.591406 0.139344 0.070312 0.152225
0 0.610938 0.295082 0.040625 0.145199
0 0.644531 0.268150 0.035937 0.138173
0 0.691406 0.230679 0.029687 0.053864
0 0.694531 0.185012 0.026562 0.051522
0 0.683594 0.122951 0.035937 0.072600
0 0.714844 0.103044 0.026562 0.042155
0 0.728906 0.188525 0.032813 0.063232
0 0.735938 0.141686 0.025000 0.030445
0 0.747656 0.103044 0.017188 0.037471
0 0.780469 0.154567 0.023438 0.051522
0 0.785937 0.199063 0.034375 0.046838
0 0.771094 0.120609 0.026562 0.039813
0 0.792969 0.088993 0.026562 0.037471
0 0.850000 0.119438 0.031250 0.088993
0 0.881250 0.112412 0.031250 0.056206
0 0.855469 0.297424 0.035937 0.192037
0 0.819531 0.249415 0.045312 0.096019
0 0.753906 0.508197 0.095312 0.580796
0 0.936719 0.542155 0.126562 0.915691
0 0.857812 0.292740 0.031250 0.182670
0 0.886719 0.229508 0.026562 0.042155
