2 0.212000 0.324324 0.024000 0.096096
2 0.187000 0.333333 0.030000 0.084084
0 0.074000 0.720721 0.020000 0.066066
0 0.103000 0.710210 0.014000 0.045045
0 0.115000 0.720721 0.014000 0.042042
1 0.127000 0.812312 0.122000 0.135135
1 0.204000 0.777778 0.096000 0.144144
1 0.267000 0.767267 0.062000 0.135135
1 0.333000 0.750751 0.054000 0.120120
0 0.362000 0.680180 0.020000 0.039039
1 0.401000 0.735736 0.038000 0.066066
1 0.493000 0.804805 0.150000 0.186186
1 0.491000 0.690691 0.074000 0.060060
1 0.548000 0.677177 0.048000 0.069069
1 0.581000 0.657658 0.034000 0.072072
2 0.547000 0.439940 0.014000 0.069069
2 0.526000 0.555556 0.016000 0.036036
1 0.613000 0.629129 0.046000 0.075075
1 0.648000 0.603604 0.032000 0.066066
1 0.677000 0.581081 0.046000 0.075075
0 0.710000 0.554054 0.012000 0.033033
2 0.661000 0.429429 0.010000 0.042042
2 0.648000 0.432432 0.008000 0.042042
2 0.681000 0.307808 0.018000 0.093093
2 0.705000 0.303303 0.026000 0.096096
2 0.725000 0.403904 0.010000 0.045045
2 0.736000 0.400901 0.012000 0.045045
2 0.793000 0.442943 0.014000 0.051051
2 0.834000 0.433934 0.012000 0.045045
1 0.754000 0.546547 0.044000 0.060060
1 0.821000 0.525526 0.046000 0.054054
0 0.927000 0.543544 0.014000 0.066066
1 0.963000 0.515015 0.070000 0.105105
