0 0.0765625 0.5833333333333334 0.1125 0.12916666666666665
0 0.2265625 0.575 0.05625 0.06666666666666667
0 0.30000000000000004 0.584375 0.07500000000000001 0.06458333333333333
0 0.39765625000000004 0.6 0.0671875 0.07916666666666666
0 0.3359375 0.6479166666666667 0.08125 0.041666666666666664
0 0.384375 0.540625 0.05625 0.05625
0 0.4453125 0.5552083333333333 0.046875 0.06041666666666667
0 0.47734375 0.4979166666666667 0.0328125 0.03333333333333333
0 0.51875 0.5302083333333333 0.046875 0.04791666666666666
0 0.42109375000000004 0.8072916666666666 0.3359375 0.3104166666666667
