0 0.415625 0.714932 0.162500 0.375566
0 0.282031 0.831448 0.110937 0.260181
0 0.161719 0.798643 0.114062 0.307692
0 0.567187 0.397059 0.068750 0.219457
0 0.821875 0.427602 0.065625 0.244344
0 0.463281 0.268100 0.042188 0.128959
0 0.047656 0.324661 0.054688 0.128959
0 0.040625 0.231900 0.021875 0.061086
0 0.061719 0.225113 0.023438 0.038462
0 0.079687 0.227376 0.021875 0.038462
0 0.009375 0.237557 0.015625 0.054299
0 0.012500 0.192308 0.015625 0.027149
0 0.024219 0.162896 0.017188 0.031674
0 0.053906 0.149321 0.020313 0.031674
0 0.107031 0.219457 0.017188 0.027149
0 0.121875 0.233032 0.021875 0.031674
0 0.180469 0.219457 0.026562 0.067873
0 0.199219 0.182127 0.023438 0.033937
0 0.225781 0.170814 0.017188 0.038462
0 0.243750 0.214932 0.021875 0.045249
0 0.263281 0.204751 0.020313 0.033937
0 0.278125 0.214932 0.021875 0.054299
0 0.292969 0.200226 0.017188 0.042986
0 0.316406 0.209276 0.026562 0.056561
0 0.344531 0.210407 0.032813 0.040724
0 0.365625 0.203620 0.021875 0.058824
0 0.264844 0.134615 0.014063 0.029412
0 0.150781 0.157240 0.017188 0.020362
0 0.135156 0.157240 0.014063 0.024887
0 0.117188 0.133484 0.018750 0.027149
0 0.111719 0.160633 0.020313 0.027149
0 0.052344 0.147059 0.017188 0.031674
0 0.019531 0.121041 0.014063 0.038462
0 0.048438 0.104072 0.025000 0.022624
0 0.008594 0.092760 0.014063 0.031674
0 0.031250 0.065611 0.015625 0.022624
0 0.051562 0.055430 0.015625 0.024887
0 0.065625 0.072398 0.015625 0.022624
0 0.008594 0.038462 0.014063 0.022624
0 0.129688 0.049774 0.018750 0.040724
0 0.150000 0.031674 0.018750 0.027149
0 0.182812 0.056561 0.015625 0.027149
0 0.179688 0.097285 0.018750 0.027149
0 0.207813 0.117647 0.012500 0.036199
0 0.223438 0.113122 0.012500 0.027149
0 0.271875 0.040724 0.012500 0.018100
0 0.314063 0.063348 0.015625 0.022624
0 0.329688 0.104072 0.012500 0.022624
0 0.342187 0.091629 0.012500 0.024887
0 0.351562 0.119910 0.012500 0.022624
0 0.364063 0.127828 0.012500 0.020362
0 0.396094 0.119910 0.014063 0.022624
0 0.395313 0.141403 0.015625 0.024887
0 0.413281 0.135747 0.010937 0.018100
0 0.442969 0.138009 0.010937 0.031674
0 0.478906 0.180995 0.014063 0.031674
0 0.486719 0.149321 0.017188 0.022624
0 0.505469 0.135747 0.017188 0.022624
0 0.596875 0.174208 0.025000 0.063348
0 0.637500 0.170814 0.025000 0.065611
0 0.660937 0.147059 0.028125 0.040724
0 0.678906 0.140271 0.014063 0.040724
0 0.693750 0.170814 0.015625 0.033937
0 0.711719 0.167421 0.020313 0.045249
0 0.725000 0.134615 0.015625 0.038462
0 0.755469 0.160633 0.017188 0.036199
0 0.781250 0.154977 0.021875 0.042986
0 0.811719 0.160633 0.017188 0.036199
0 0.832812 0.147059 0.012500 0.027149
0 0.853125 0.145928 0.025000 0.047511
0 0.923438 0.154977 0.028125 0.052036
0 0.899219 0.152715 0.017188 0.042986
0 0.921094 0.147059 0.014063 0.045249
0 0.957031 0.149321 0.010937 0.040724
0 0.975000 0.153846 0.015625 0.040724
0 0.994531 0.149321 0.010937 0.045249
0 0.979688 0.080317 0.018750 0.024887
0 0.975781 0.054299 0.017188 0.036199
0 0.953906 0.063348 0.017188 0.031674
0 0.861719 0.065611 0.020313 0.049774
0 0.881250 0.066742 0.021875 0.038462
0 0.989062 0.023756 0.018750 0.029412
0 0.782813 0.021493 0.015625 0.029412
0 0.800781 0.048643 0.026562 0.042986
0 0.752344 0.062217 0.020313 0.029412
0 0.728906 0.050905 0.014063 0.029412
0 0.713281 0.062217 0.017188 0.029412
0 0.684375 0.076923 0.018750 0.036199
0 0.642969 0.035068 0.020313 0.024887
0 0.627344 0.062217 0.017188 0.024887
0 0.524219 0.080317 0.014063 0.020362
0 0.533594 0.058824 0.017188 0.031674
0 0.457031 0.065611 0.017188 0.027149
