0 0.539000 0.888000 0.030000 0.144000
0 0.572000 0.884000 0.036000 0.162667
1 0.610000 0.861333 0.040000 0.053333
1 0.659000 0.848000 0.046000 0.053333
1 0.706000 0.852000 0.024000 0.061333
1 0.741000 0.853333 0.042000 0.058667
1 0.774000 0.845333 0.020000 0.032000
0 0.854000 0.861333 0.024000 0.090667
0 0.907000 0.890667 0.050000 0.144000
1 0.964000 0.885333 0.060000 0.112000
2 0.794000 0.742667 0.012000 0.029333
2 0.817000 0.777333 0.010000 0.018667
2 0.813000 0.812000 0.010000 0.018667
2 0.682000 0.745333 0.012000 0.024000
2 0.715000 0.762667 0.010000 0.021333
1 0.523000 0.868000 0.026000 0.066667
0 0.387000 0.901333 0.030000 0.144000
0 0.352000 0.900000 0.036000 0.157333
0 0.293000 0.912000 0.042000 0.149333
0 0.245000 0.873333 0.022000 0.061333
0 0.230000 0.869333 0.012000 0.048000
0 0.200000 0.878667 0.028000 0.109333
0 0.154000 0.904000 0.024000 0.128000
0 0.130000 0.902667 0.036000 0.114667
0 0.099000 0.904000 0.022000 0.122667
0 0.061000 0.870667 0.022000 0.077333
1 0.039000 0.910667 0.066000 0.178667
2 0.149000 0.768000 0.018000 0.037333
2 0.864000 0.460000 0.032000 0.082667
2 0.910000 0.465333 0.040000 0.109333
