0 0.582812 0.683333 0.037500 0.108333
0 0.553906 0.606250 0.010937 0.033333
0 0.660937 0.584375 0.015625 0.039583
0 0.708594 0.572917 0.007812 0.033333
0 0.907813 0.555208 0.012500 0.022917
0 0.985156 0.516667 0.007812 0.029167
0 0.971094 0.519792 0.007812 0.027083
0 0.946875 0.523958 0.009375 0.022917
0 0.917969 0.533333 0.010937 0.025000
0 0.373437 0.671875 0.028125 0.077083
0 0.346094 0.629167 0.020313 0.041667
0 0.346094 0.673958 0.014063 0.052083
0 0.320312 0.665625 0.031250 0.077083
0 0.289062 0.715625 0.050000 0.160417
0 0.148438 0.647917 0.012500 0.050000
