0 0.7203125 0.7091097308488613 0.12812500000000002 0.08074534161490683
0 0.75703125 0.8043478260869565 0.1390625 0.10559006211180125
0 0.75 0.9254658385093169 0.12187500000000001 0.11180124223602485
0 0.92890625 0.8664596273291926 0.11093750000000001 0.15942028985507248
0 0.9015625 0.7298136645962734 0.134375 0.10973084886128365
0 0.8132812500000001 0.6107660455486543 0.1015625 0.10351966873706005
0 0.9085937500000001 0.5662525879917185 0.09843750000000001 0.08488612836438925
0 0.85546875 0.4927536231884058 0.0671875 0.07867494824016563
0 0.83984375 0.4389233954451346 0.0703125 0.04554865424430642
0 0.8226562500000001 0.4213250517598344 0.0546875 0.04347826086956522
0 0.80078125 0.37991718426501037 0.0578125 0.035196687370600416
0 0.7445312500000001 0.5279503105590062 0.0671875 0.05797101449275363
0 0.73046875 0.4782608695652174 0.051562500000000004 0.053830227743271224
0 0.7367187500000001 0.4368530020703934 0.0421875 0.04968944099378882
0 0.72421875 0.4078674948240166 0.0484375 0.033126293995859216
0 0.7156250000000001 0.3830227743271222 0.05625 0.04554865424430642
0 0.7078125000000001 0.3478260869565218 0.040625 0.037267080745341616
0 0.6960937500000001 0.28778467908902694 0.026562500000000003 0.033126293995859216
0 0.696875 0.27122153209109734 0.028125 0.033126293995859216
0 0.6820312500000001 0.24120082815734992 0.026562500000000003 0.031055900621118016
0 0.68359375 0.2215320910973085 0.029687500000000002 0.028985507246376815
0 0.6781250000000001 0.19668737060041408 0.021875000000000002 0.033126293995859216
0 0.640625 0.2153209109730849 0.028125 0.033126293995859216
0 0.6429687500000001 0.2639751552795031 0.0390625 0.031055900621118016
0 0.64609375 0.31055900621118016 0.0328125 0.033126293995859216
0 0.64453125 0.34057971014492755 0.035937500000000004 0.02277432712215321
0 0.6429687500000001 0.3612836438923396 0.045312500000000006 0.026915113871635612
0 0.634375 0.3995859213250518 0.05 0.04554865424430642
0 0.62421875 0.4544513457556936 0.0734375 0.039337474120082816
0 0.62890625 0.484472049689441 0.06406250000000001 0.04968944099378882
0 0.6546875000000001 0.5590062111801243 0.1125 0.07867494824016563
0 0.11875000000000001 0.34368530020703936 0.07187500000000001 0.09109730848861285
0 0.045312500000000006 0.34368530020703936 0.040625 0.06625258799171843
0 0.3953125 0.28467908902691513 0.025 0.035196687370600416
0 0.45078125 0.27743271221532095 0.026562500000000003 0.033126293995859216
0 0.47109375000000003 0.25155279503105593 0.026562500000000003 0.026915113871635612
0 0.48046875 0.3643892339544514 0.026562500000000003 0.04554865424430642
0 0.48984375 0.32608695652173914 0.035937500000000004 0.04761904761904762
