0 0.235156 0.510539 0.017188 0.065574
0 0.191406 0.510539 0.014063 0.046838
0 0.075781 0.354801 0.014063 0.035129
0 0.321875 0.370023 0.009375 0.023419
0 0.412500 0.377049 0.012500 0.028103
0 0.449219 0.538642 0.020313 0.084309
0 0.664062 0.488290 0.012500 0.049180
0 0.876563 0.517564 0.015625 0.032787
0 0.863281 0.522248 0.010937 0.032787
0 0.911719 0.483607 0.017188 0.058548
0 0.976562 0.511710 0.009375 0.049180
0 0.933594 0.594848 0.017188 0.060890
0 0.959375 0.572600 0.015625 0.044496
0 0.815625 0.598361 0.025000 0.058548
0 0.758594 0.612412 0.020313 0.063232
0 0.720313 0.605386 0.015625 0.039813
0 0.600000 0.652225 0.056250 0.063232
0 0.458594 0.686183 0.029687 0.056206
0 0.406250 0.677986 0.043750 0.086651
