0 0.2234375 0.43691588785046725 0.44375000000000003 0.8644859813084111
0 0.5765625 0.7523364485981308 0.28125 0.3878504672897196
0 0.690625 0.6179906542056074 0.07500000000000001 0.12850467289719625
0 0.7835937500000001 0.8504672897196262 0.08281250000000001 0.22429906542056072
0 0.77734375 0.7242990654205607 0.0546875 0.07009345794392523
0 0.8265625000000001 0.7605140186915887 0.040625 0.05841121495327102
0 0.86875 0.8948598130841121 0.05625 0.1308411214953271
0 0.8757812500000001 0.8119158878504672 0.045312500000000006 0.04906542056074766
0 0.91328125 0.8656542056074765 0.026562500000000003 0.0397196261682243
0 0.925 0.8948598130841121 0.018750000000000003 0.03271028037383177
0 0.9460937500000001 0.9228971962616822 0.026562500000000003 0.0514018691588785
