0 0.27187500000000003 0.665625 0.14375000000000002 0.19791666666666666
0 0.42890625000000004 0.49374999999999997 0.0734375 0.07916666666666666
0 0.5476562500000001 0.5208333333333334 0.07968750000000001 0.07083333333333333
0 0.36171875000000003 0.6333333333333333 0.0328125 0.14166666666666666
0 0.38984375000000004 0.6166666666666667 0.029687500000000002 0.09583333333333333
0 0.40937500000000004 0.5677083333333334 0.03125 0.07291666666666667
0 0.47500000000000003 0.4583333333333333 0.025 0.041666666666666664
0 0.5421875 0.4583333333333333 0.046875 0.041666666666666664
0 0.6390625000000001 0.47604166666666664 0.046875 0.06458333333333333
0 0.6125 0.4635416666666667 0.018750000000000003 0.06041666666666667
0 0.596875 0.459375 0.025 0.04791666666666666
0 0.8523437500000001 0.65 0.1171875 0.14166666666666666
0 0.8250000000000001 0.5645833333333333 0.10625000000000001 0.025
0 0.7625000000000001 0.578125 0.05625 0.07708333333333334
0 0.7609375 0.5166666666666666 0.08750000000000001 0.029166666666666667
0 0.69921875 0.55 0.035937500000000004 0.075
0 0.84296875 0.4979166666666667 0.0734375 0.06666666666666667
