0 0.189696 0.434375 0.056206 0.112500
0 0.243560 0.435156 0.056206 0.129688
0 0.261124 0.353125 0.044496 0.046875
0 0.300937 0.431250 0.030445 0.150000
0 0.341920 0.432812 0.056206 0.150000
0 0.388759 0.427344 0.051522 0.160938
0 0.385246 0.329688 0.030445 0.028125
0 0.419204 0.278906 0.042155 0.054688
0 0.480094 0.296875 0.056206 0.096875
0 0.460187 0.374219 0.049180 0.051562
0 0.495316 0.419531 0.025761 0.035937
0 0.528103 0.424219 0.039813 0.045312
0 0.586651 0.303906 0.442623 0.492188
0 0.722482 0.349219 0.133489 0.217188
0 0.802108 0.420312 0.039813 0.062500
0 0.848946 0.432812 0.049180 0.087500
0 0.820843 0.356250 0.049180 0.056250
0 0.877049 0.335156 0.063232 0.048438
0 0.921546 0.369531 0.053864 0.042188
