0 0.709375 0.624122 0.087500 0.391101
0 0.883594 0.538642 0.017188 0.103044
0 0.903906 0.535129 0.017188 0.114754
0 0.910156 0.470726 0.010937 0.037471
0 0.817187 0.528103 0.012500 0.044496
0 0.781250 0.505855 0.018750 0.084309
0 0.754687 0.512881 0.015625 0.060890
0 0.674219 0.504684 0.010937 0.086651
0 0.657813 0.509368 0.021875 0.091335
0 0.591406 0.500000 0.020313 0.096019
0 0.522656 0.505855 0.010937 0.103044
0 0.504687 0.496487 0.012500 0.117096
0 0.445312 0.495316 0.015625 0.081967
0 0.380469 0.553864 0.017188 0.049180
0 0.335156 0.544496 0.017188 0.067916
0 0.352344 0.556206 0.014063 0.053864
0 0.353125 0.487119 0.025000 0.093677
0 0.327344 0.480094 0.017188 0.070258
0 0.310156 0.487119 0.014063 0.051522
0 0.289062 0.481265 0.015625 0.058548
0 0.229687 0.444965 0.018750 0.060890
0 0.207031 0.468384 0.023438 0.112412
0 0.188281 0.476581 0.014063 0.105386
0 0.162500 0.480094 0.018750 0.107728
0 0.139063 0.478923 0.015625 0.105386
0 0.127344 0.482436 0.020313 0.093677
0 0.108594 0.468384 0.014063 0.093677
0 0.094531 0.467213 0.014063 0.100703
0 0.070312 0.442623 0.015625 0.046838
0 0.054688 0.484778 0.021875 0.145199
0 0.030469 0.478923 0.010937 0.114754
1 0.013281 0.427400 0.020313 0.025761
1 0.254688 0.437939 0.031250 0.032787
1 0.349219 0.448478 0.057813 0.025761
1 0.420312 0.442623 0.053125 0.032787
1 0.503906 0.449649 0.057813 0.037471
1 0.570312 0.457845 0.043750 0.030445
1 0.802344 0.468384 0.057813 0.032787
1 0.862500 0.477752 0.040625 0.032787
1 0.942969 0.477752 0.051562 0.028103
