0 0.043750 0.559375 0.071875 0.535417
0 0.288281 0.321875 0.073438 0.164583
0 0.130469 0.345833 0.029687 0.145833
0 0.257812 0.589583 0.090625 0.379167
0 0.450000 0.591667 0.078125 0.279167
0 0.479687 0.431250 0.065625 0.125000
0 0.357812 0.340625 0.043750 0.131250
0 0.476562 0.325000 0.028125 0.070833
0 0.593750 0.438542 0.062500 0.156250
0 0.621875 0.351042 0.043750 0.068750
0 0.814063 0.290625 0.037500 0.118750
0 0.809375 0.452083 0.034375 0.158333
0 0.768750 0.504167 0.037500 0.212500
0 0.656250 0.545833 0.056250 0.279167
0 0.850781 0.344792 0.023438 0.064583
0 0.875781 0.468750 0.060937 0.295833
0 0.921875 0.308333 0.028125 0.079167
0 0.971094 0.395833 0.057813 0.287500
