0 0.336719 0.651709 0.010937 0.055556
1 0.321875 0.628205 0.090625 0.068376
0 0.179688 0.650641 0.015625 0.057692
0 0.032813 0.661325 0.018750 0.074786
0 0.013281 0.662393 0.017188 0.072650
0 0.100781 0.650641 0.020313 0.066239
0 0.454688 0.638889 0.012500 0.042735
1 0.481250 0.618590 0.031250 0.027778
1 0.567969 0.625000 0.067187 0.044872
1 0.610938 0.622863 0.037500 0.036325
0 0.654687 0.632479 0.012500 0.029915
1 0.675000 0.620726 0.025000 0.032051
1 0.728125 0.631410 0.031250 0.036325
0 0.798438 0.657051 0.015625 0.053419
0 0.849219 0.678419 0.017188 0.074786
