2 0.336000 0.465465 0.096000 0.306306
2 0.576000 0.477477 0.068000 0.312312
2 0.293000 0.605105 0.074000 0.237237
0 0.112000 0.933934 0.048000 0.114114
2 0.264000 0.789790 0.012000 0.030030
0 0.155000 0.917417 0.018000 0.069069
0 0.185000 0.902402 0.014000 0.087087
0 0.238000 0.882883 0.016000 0.066066
1 0.318000 0.881381 0.040000 0.057057
0 0.356000 0.923423 0.048000 0.141141
0 0.404000 0.935435 0.048000 0.117117
1 0.416000 0.861862 0.112000 0.114114
1 0.460000 0.962462 0.056000 0.069069
1 0.445000 0.777778 0.066000 0.066066
1 0.516000 0.801802 0.060000 0.108108
1 0.562000 0.929429 0.060000 0.111111
1 0.675000 0.941441 0.130000 0.117117
0 0.773000 0.911411 0.030000 0.117117
0 0.796000 0.915916 0.020000 0.108108
1 0.947000 0.902402 0.106000 0.195195
2 0.871000 0.788288 0.034000 0.063063
