1 0.093750 0.597917 0.184375 0.250000
1 0.380469 0.539583 0.048438 0.054167
1 0.413281 0.544792 0.020313 0.047917
1 0.435937 0.536458 0.025000 0.043750
1 0.467969 0.530208 0.023438 0.035417
1 0.500000 0.533333 0.028125 0.037500
1 0.544531 0.538542 0.035937 0.043750
1 0.706250 0.540625 0.043750 0.035417
1 0.659375 0.526042 0.018750 0.035417
1 0.636719 0.528125 0.017188 0.022917
1 0.614062 0.517708 0.015625 0.018750
1 0.596875 0.517708 0.009375 0.010417
2 0.316406 0.178125 0.026562 0.035417
2 0.638281 0.261458 0.017188 0.068750
2 0.710156 0.273958 0.029687 0.052083
0 0.823438 0.529167 0.015625 0.070833
1 0.948438 0.555208 0.103125 0.072917
