0 0.104688 0.553864 0.196875 0.892272
1 0.408594 0.505855 0.164062 0.215457
0 0.546875 0.433255 0.062500 0.103044
0 0.268750 0.400468 0.031250 0.131148
0 0.227344 0.379391 0.020313 0.056206
1 0.296875 0.380562 0.050000 0.096019
0 0.310156 0.355972 0.014063 0.046838
0 0.322656 0.373536 0.010937 0.049180
0 0.380469 0.318501 0.017188 0.023419
1 0.392969 0.367681 0.114062 0.074941
0 0.431250 0.307963 0.034375 0.053864
1 0.517969 0.398126 0.054688 0.060890
0 0.594531 0.408665 0.023438 0.086651
0 0.636719 0.436768 0.035937 0.166276
0 0.751563 0.501171 0.065625 0.276347
0 0.838281 0.567916 0.067187 0.400468
1 0.957031 0.515222 0.085938 0.229508
1 0.803906 0.485948 0.057813 0.142857
1 0.698438 0.467213 0.037500 0.138173
1 0.676562 0.401639 0.031250 0.053864
2 0.704688 0.233021 0.021875 0.077283
2 0.835156 0.196721 0.035937 0.070258
2 0.769531 0.118267 0.026562 0.091335
