0 0.018750 0.177230 0.031250 0.077465
0 0.070312 0.196009 0.037500 0.063380
0 0.110937 0.197183 0.034375 0.070423
0 0.082812 0.145540 0.025000 0.051643
0 0.073438 0.085681 0.028125 0.044601
0 0.125000 0.084507 0.028125 0.037559
0 0.139063 0.137324 0.040625 0.063380
0 0.192969 0.208920 0.039062 0.079812
0 0.210156 0.151408 0.023438 0.049296
0 0.220312 0.109155 0.025000 0.049296
0 0.212500 0.030516 0.028125 0.056338
0 0.242969 0.032864 0.023438 0.051643
0 0.275000 0.037559 0.028125 0.070423
0 0.295312 0.156103 0.037500 0.082160
0 0.280469 0.218310 0.032813 0.051643
0 0.315625 0.217136 0.018750 0.053991
0 0.357812 0.463615 0.115625 0.546948
0 0.402344 0.237089 0.035937 0.056338
0 0.432812 0.215962 0.034375 0.070423
0 0.506250 0.246479 0.025000 0.056338
0 0.578125 0.253521 0.046875 0.070423
0 0.380469 0.084507 0.051562 0.150235
0 0.518750 0.110329 0.050000 0.215962
0 0.751563 0.078638 0.056250 0.147887
0 0.984375 0.056338 0.031250 0.093897
0 0.537500 0.431925 0.062500 0.070423
0 0.601562 0.430751 0.034375 0.063380
0 0.639844 0.386150 0.045312 0.082160
0 0.648438 0.449531 0.031250 0.053991
0 0.714063 0.390845 0.037500 0.091549
0 0.741406 0.421362 0.035937 0.091549
0 0.777344 0.423709 0.026562 0.063380
0 0.801562 0.501174 0.050000 0.105634
0 0.842969 0.414319 0.023438 0.039906
0 0.874219 0.434272 0.035937 0.103286
0 0.771094 0.300469 0.042188 0.103286
0 0.814844 0.346244 0.035937 0.077465
0 0.878906 0.293427 0.026562 0.046948
0 0.864062 0.348592 0.043750 0.058685
0 0.952344 0.350939 0.035937 0.068075
0 0.928906 0.407277 0.039062 0.063380
0 0.982812 0.443662 0.034375 0.061033
0 0.949219 0.281690 0.042188 0.075117
0 0.979688 0.262911 0.025000 0.065728
