2 0.676000 0.105392 0.040000 0.147059
2 0.424000 0.132353 0.044000 0.137255
2 0.197000 0.169118 0.046000 0.117647
2 0.073000 0.511029 0.022000 0.090686
2 0.037000 0.513480 0.034000 0.095588
1 0.209000 0.638480 0.082000 0.041667
1 0.580000 0.609069 0.132000 0.100490
2 0.776000 0.580882 0.012000 0.029412
2 0.665000 0.563725 0.018000 0.039216
2 0.172000 0.580882 0.024000 0.044118
1 0.842000 0.675245 0.100000 0.095588
1 0.939000 0.653186 0.046000 0.056373
2 0.969000 0.482843 0.042000 0.112745
1 0.991000 0.631127 0.018000 0.026961
