2 0.501563 0.570258 0.018750 0.058548
2 0.374219 0.560890 0.020313 0.044496
2 0.503125 0.656909 0.015625 0.025761
2 0.446875 0.661593 0.009375 0.025761
1 0.072656 0.802108 0.126562 0.259953
1 0.190625 0.785714 0.068750 0.110070
2 0.158594 0.652225 0.014063 0.044496
2 0.167187 0.695550 0.012500 0.032787
2 0.196094 0.511710 0.029687 0.081967
2 0.117969 0.474239 0.060937 0.044496
2 0.026562 0.516393 0.028125 0.063232
2 0.128906 0.676815 0.010937 0.032787
2 0.125000 0.617096 0.050000 0.025761
1 0.285938 0.792740 0.112500 0.166276
1 0.371875 0.761124 0.056250 0.121780
1 0.410156 0.790398 0.020313 0.096019
1 0.429688 0.745902 0.034375 0.039813
1 0.435156 0.708431 0.023438 0.021077
1 0.539062 0.819672 0.171875 0.234192
1 0.684375 0.803279 0.087500 0.163934
2 0.720313 0.673302 0.028125 0.044496
2 0.932031 0.540984 0.017188 0.074941
2 0.953906 0.540984 0.023438 0.046838
1 0.792969 0.775176 0.092188 0.079625
0 0.925000 0.743560 0.028125 0.049180
