0 0.886719 0.573113 0.089063 0.320755
0 0.800781 0.681604 0.095312 0.485849
0 0.710938 0.704009 0.103125 0.511792
0 0.527344 0.575472 0.057813 0.254717
0 0.093750 0.667453 0.056250 0.349057
0 0.053906 0.509434 0.032813 0.084906
0 0.145313 0.514151 0.037500 0.207547
0 0.178125 0.515330 0.031250 0.195755
0 0.235156 0.425708 0.023438 0.049528
0 0.278125 0.509434 0.028125 0.254717
0 0.315625 0.540094 0.046875 0.264151
0 0.392188 0.554245 0.037500 0.278302
0 0.359375 0.548349 0.037500 0.275943
0 0.070312 0.432783 0.018750 0.040094
0 0.605469 0.494104 0.032813 0.233491
0 0.557813 0.451651 0.040625 0.129717
0 0.664844 0.393868 0.032813 0.084906
0 0.692187 0.390330 0.028125 0.068396
0 0.739062 0.400943 0.034375 0.084906
0 0.769531 0.386792 0.026562 0.113208
0 0.959375 0.380896 0.015625 0.087264
0 0.916406 0.367925 0.017188 0.094340
0 0.885156 0.354953 0.020313 0.082547
2 0.642969 0.220519 0.017188 0.106132
2 0.698438 0.233491 0.009375 0.061321
2 0.404687 0.251179 0.018750 0.073113
2 0.201563 0.248821 0.031250 0.110849
2 0.059375 0.228774 0.021875 0.080189
2 0.022656 0.255896 0.035937 0.110849
0 0.033594 0.471698 0.026562 0.094340
0 0.065625 0.363208 0.025000 0.047170
0 0.766406 0.391509 0.020313 0.084906
