2 0.703906 0.300475 0.020313 0.068884
2 0.726562 0.296912 0.015625 0.042755
2 0.818750 0.407363 0.015625 0.030879
0 0.899219 0.640143 0.048438 0.235154
1 0.975781 0.585511 0.048438 0.087886
1 0.848437 0.581948 0.062500 0.095012
1 0.792969 0.571259 0.045312 0.111639
1 0.735156 0.581948 0.048438 0.071259
1 0.603906 0.581948 0.048438 0.090261
1 0.508594 0.579572 0.048438 0.052257
0 0.442969 0.548694 0.023438 0.085511
0 0.655469 0.672209 0.064062 0.394299
0 0.414062 0.693587 0.050000 0.313539
0 0.339844 0.662708 0.070312 0.361045
1 0.376563 0.515439 0.093750 0.090261
1 0.148438 0.545131 0.025000 0.045131
0 0.168750 0.554632 0.018750 0.059382
0 0.190625 0.560570 0.015625 0.066508
0 0.089063 0.630641 0.034375 0.301663
0 0.117188 0.547506 0.025000 0.111639
1 0.010937 0.574822 0.018750 0.042755
