0 0.039062 0.412500 0.031250 0.041667
0 0.171875 0.394792 0.012500 0.031250
0 0.126562 0.393750 0.015625 0.025000
0 0.147656 0.392708 0.017188 0.027083
0 0.240625 0.386458 0.012500 0.035417
0 0.303125 0.460417 0.068750 0.283333
0 0.364063 0.460417 0.046875 0.262500
0 0.418750 0.464583 0.050000 0.241667
0 0.464844 0.472917 0.045312 0.216667
0 0.503125 0.498958 0.046875 0.214583
0 0.572656 0.485417 0.107813 0.250000
0 0.657031 0.393750 0.007812 0.016667
0 0.700000 0.396875 0.012500 0.031250
0 0.728125 0.393750 0.006250 0.020833
0 0.740625 0.396875 0.009375 0.031250
0 0.793750 0.401042 0.012500 0.027083
0 0.974219 0.436458 0.026562 0.052083
0 0.925000 0.408333 0.009375 0.025000
0 0.866406 0.398958 0.007812 0.018750
