0 0.492958 0.224219 0.164319 0.257812
0 0.650235 0.230469 0.122066 0.204687
0 0.789906 0.234375 0.147887 0.215625
0 0.755869 0.501563 0.201878 0.306250
0 0.653756 0.769531 0.387324 0.307812
0 0.051643 0.070312 0.065728 0.056250
0 0.092723 0.043750 0.053991 0.040625
0 0.131455 0.021094 0.032864 0.035937
0 0.180751 0.054688 0.042254 0.028125
0 0.211268 0.073438 0.061033 0.031250
0 0.186620 0.028906 0.044601 0.029687
0 0.253521 0.032031 0.056338 0.051562
0 0.575117 0.038281 0.056338 0.032813
0 0.500000 0.070312 0.070423 0.053125
0 0.656103 0.071875 0.039906 0.040625
0 0.607981 0.014063 0.051643 0.025000
0 0.728873 0.019531 0.058685 0.026562
0 0.761737 0.071875 0.044601 0.031250
0 0.834507 0.050000 0.030516 0.025000
0 0.848592 0.078906 0.053991 0.035937
0 0.822770 0.017188 0.039906 0.028125
0 0.895540 0.054688 0.053991 0.046875
0 0.974178 0.061719 0.051643 0.045312
0 0.929577 0.025000 0.051643 0.034375
