0 0.269531 0.411007 0.076563 0.208431
0 0.624219 0.435597 0.092188 0.262295
0 0.868750 0.433255 0.050000 0.131148
0 0.026562 0.451991 0.025000 0.210773
0 0.028125 0.337237 0.015625 0.028103
0 0.057031 0.392272 0.029687 0.138173
0 0.113281 0.348946 0.020313 0.032787
0 0.131250 0.373536 0.028125 0.049180
0 0.092188 0.413349 0.028125 0.114754
0 0.203906 0.361827 0.014063 0.053864
0 0.178906 0.386417 0.020313 0.046838
0 0.221094 0.382904 0.014063 0.035129
0 0.296875 0.374707 0.012500 0.032787
0 0.317969 0.403981 0.017188 0.049180
0 0.343750 0.412178 0.025000 0.074941
0 0.377344 0.403981 0.023438 0.096019
0 0.400781 0.419204 0.023438 0.107728
0 0.423438 0.393443 0.028125 0.084309
0 0.446094 0.400468 0.020313 0.088993
0 0.469531 0.396956 0.017188 0.067916
0 0.493750 0.391101 0.015625 0.032787
0 0.506250 0.387588 0.012500 0.030445
0 0.520312 0.387588 0.012500 0.025761
0 0.528906 0.388759 0.010937 0.023419
0 0.541406 0.392272 0.014063 0.035129
0 0.562500 0.414520 0.015625 0.051522
0 0.579688 0.409836 0.015625 0.042155
0 0.660937 0.374707 0.018750 0.093677
0 0.679688 0.379391 0.018750 0.103044
0 0.695312 0.373536 0.018750 0.091335
0 0.712500 0.368852 0.012500 0.067916
0 0.728906 0.367681 0.017188 0.074941
0 0.761719 0.361827 0.023438 0.081967
0 0.765625 0.426230 0.021875 0.070258
0 0.781250 0.366511 0.015625 0.063232
0 0.801562 0.354801 0.012500 0.053864
0 0.823438 0.348946 0.012500 0.037471
0 0.840625 0.361827 0.012500 0.030445
0 0.993750 0.468384 0.012500 0.079625
