1 0.589844 0.797917 0.620313 0.354167
1 0.920312 0.496875 0.159375 0.147917
1 0.767188 0.380208 0.181250 0.110417
1 0.846094 0.331250 0.176563 0.112500
1 0.642969 0.273958 0.114062 0.114583
1 0.539844 0.309375 0.076563 0.102083
1 0.325781 0.405208 0.251563 0.114583
1 0.189844 0.342708 0.185938 0.122917
1 0.041406 0.359375 0.079687 0.097917
1 0.065625 0.300000 0.118750 0.054167
1 0.050000 0.245833 0.096875 0.054167
1 0.164062 0.219792 0.087500 0.035417
1 0.252344 0.251042 0.104688 0.068750
1 0.038281 0.169792 0.051562 0.047917
1 0.098437 0.169792 0.062500 0.043750
1 0.228125 0.157292 0.090625 0.077083
1 0.394531 0.223958 0.201563 0.168750
1 0.529687 0.210417 0.040625 0.058333
1 0.571094 0.202083 0.042188 0.037500
1 0.637500 0.169792 0.125000 0.060417
1 0.747656 0.158333 0.042188 0.037500
1 0.778125 0.152083 0.018750 0.025000
