2 0.767969 0.302301 0.026562 0.089958
2 0.793750 0.306485 0.021875 0.073222
2 0.292187 0.334728 0.025000 0.075314
2 0.319531 0.339958 0.017188 0.069038
1 0.932031 0.722803 0.135937 0.299163
1 0.558594 0.877615 0.701562 0.244770
1 0.132031 0.744770 0.260937 0.121339
0 0.271094 0.668410 0.029687 0.069038
1 0.259375 0.665272 0.081250 0.041841
1 0.475781 0.676778 0.092188 0.064854
0 0.610156 0.661088 0.020313 0.066946
1 0.411719 0.664226 0.051562 0.064854
1 0.369531 0.658996 0.026562 0.058577
1 0.335156 0.660042 0.032813 0.052301
1 0.165625 0.649582 0.040625 0.048117
1 0.160156 0.607741 0.023438 0.035565
0 0.198437 0.638075 0.009375 0.033473
0 0.018750 0.667364 0.018750 0.075314
