2 0.571875 0.211449 0.018750 0.067757
2 0.611719 0.043224 0.032813 0.081776
2 0.232031 0.278037 0.010937 0.074766
2 0.189844 0.357477 0.014063 0.037383
2 0.083594 0.327103 0.017188 0.056075
0 0.029687 0.510514 0.028125 0.165888
0 0.047656 0.429907 0.014063 0.037383
0 0.075000 0.481308 0.025000 0.144860
0 0.105469 0.492991 0.020313 0.116822
0 0.150000 0.468458 0.021875 0.095794
0 0.192969 0.492991 0.029687 0.102804
1 0.219531 0.447430 0.045312 0.058411
0 0.497656 0.599299 0.304688 0.717290
1 0.774219 0.538551 0.217188 0.221963
1 0.921875 0.582944 0.046875 0.100467
1 0.971094 0.606308 0.057813 0.133178
1 0.614844 0.480140 0.064062 0.100467
2 0.700000 0.372664 0.031250 0.039720
2 0.782813 0.393692 0.018750 0.049065
1 0.331250 0.435748 0.034375 0.035047
1 0.338281 0.517523 0.057813 0.044393
