1 0.027928 0.192969 0.052252 0.073438
1 0.121622 0.180469 0.091892 0.076563
1 0.201802 0.140625 0.075676 0.034375
1 0.240541 0.183594 0.088288 0.060937
1 0.322523 0.168750 0.075676 0.053125
1 0.437838 0.166406 0.079279 0.060937
1 0.510811 0.152344 0.059459 0.054688
1 0.418919 0.118750 0.073874 0.028125
1 0.350450 0.117969 0.070270 0.042188
1 0.582883 0.133594 0.055856 0.051562
1 0.730631 0.132812 0.088288 0.043750
1 0.775676 0.105469 0.045045 0.042188
1 0.791892 0.080469 0.063063 0.032813
1 0.836937 0.032031 0.052252 0.045312
1 0.736036 0.018750 0.055856 0.025000
1 0.629730 0.018750 0.063063 0.025000
1 0.584685 0.057031 0.055856 0.042188
1 0.561261 0.076563 0.045045 0.034375
1 0.536937 0.086719 0.043243 0.035937
1 0.693694 0.303906 0.223423 0.148438
1 0.908108 0.145313 0.068468 0.078125
