0 0.483000 0.535000 0.354000 0.402000
0 0.841000 0.585000 0.054000 0.130000
0 0.905000 0.632000 0.074000 0.172000
0 0.908000 0.542000 0.028000 0.036000
0 0.125000 0.380000 0.102000 0.192000
0 0.344000 0.159000 0.084000 0.166000
0 0.431000 0.126000 0.082000 0.196000
0 0.521000 0.098000 0.026000 0.092000
0 0.610000 0.130000 0.060000 0.084000
0 0.706000 0.153000 0.060000 0.058000
0 0.783000 0.171000 0.046000 0.150000
0 0.903000 0.154000 0.058000 0.152000
0 0.887000 0.369000 0.162000 0.186000
0 0.169000 0.676000 0.054000 0.120000
0 0.127000 0.871000 0.150000 0.198000
0 0.116000 0.673000 0.052000 0.138000
0 0.051000 0.655000 0.050000 0.086000
0 0.050000 0.557000 0.036000 0.098000
0 0.024000 0.562000 0.024000 0.092000
0 0.127000 0.559000 0.042000 0.082000
0 0.176000 0.556000 0.052000 0.096000
0 0.233000 0.562000 0.046000 0.100000
0 0.232000 0.687000 0.028000 0.098000
0 0.317000 0.877000 0.050000 0.186000
0 0.398000 0.881000 0.044000 0.182000
0 0.449000 0.881000 0.054000 0.166000
0 0.597000 0.864000 0.154000 0.176000
0 0.883000 0.805000 0.030000 0.046000
0 0.877000 0.824000 0.190000 0.124000
0 0.274000 0.802000 0.032000 0.088000
0 0.358000 0.771000 0.016000 0.030000
0 0.385000 0.772000 0.030000 0.028000
0 0.448000 0.773000 0.024000 0.034000
0 0.472000 0.788000 0.024000 0.068000
