0 0.032813 0.421546 0.040625 0.182670
0 0.012500 0.384075 0.018750 0.088993
0 0.078125 0.319672 0.028125 0.081967
0 0.107031 0.351288 0.026562 0.112412
0 0.164062 0.323185 0.015625 0.037471
0 0.201563 0.498829 0.109375 0.313817
0 0.263281 0.371194 0.032813 0.124122
0 0.229687 0.298595 0.018750 0.072600
0 0.194531 0.304450 0.020313 0.051522
0 0.253125 0.261124 0.018750 0.035129
0 0.279687 0.272834 0.018750 0.072600
0 0.299219 0.323185 0.020313 0.046838
0 0.338281 0.358314 0.039062 0.107728
0 0.304688 0.281030 0.018750 0.046838
0 0.335156 0.277518 0.017188 0.044496
0 0.362500 0.295082 0.021875 0.074941
0 0.398438 0.296253 0.015625 0.058548
0 0.385156 0.350117 0.020313 0.049180
0 0.425000 0.368852 0.075000 0.180328
0 0.507031 0.372365 0.079687 0.163934
0 0.601562 0.391101 0.062500 0.154567
0 0.522656 0.217799 0.045312 0.112412
0 0.567187 0.225995 0.065625 0.189696
0 0.656250 0.250585 0.059375 0.154567
0 0.711719 0.359485 0.051562 0.110070
0 0.791406 0.450820 0.132812 0.419204
0 0.814063 0.298595 0.050000 0.086651
0 0.888281 0.375878 0.073438 0.259953
0 0.962500 0.418033 0.068750 0.362998
