0 0.532031 0.758763 0.104688 0.420619
0 0.622656 0.787629 0.070312 0.375258
0 0.683594 0.807216 0.039062 0.356701
0 0.735938 0.688660 0.059375 0.164948
0 0.795312 0.796907 0.062500 0.369072
0 0.860156 0.724742 0.042188 0.220619
0 0.909375 0.775258 0.050000 0.329897
0 0.970313 0.785567 0.059375 0.342268
0 0.432812 0.808247 0.059375 0.309278
0 0.334375 0.793814 0.078125 0.309278
0 0.455469 0.629897 0.023438 0.063918
0 0.485938 0.639175 0.034375 0.037113
0 0.297656 0.613402 0.045312 0.063918
0 0.336719 0.624742 0.032813 0.057732
1 0.705469 0.562887 0.585938 0.214433
