1 0.599219 0.737028 0.048438 0.087264
1 0.675000 0.742925 0.056250 0.075472
1 0.654687 0.797170 0.053125 0.047170
1 0.644531 0.843160 0.045312 0.073113
1 0.493750 0.738208 0.059375 0.066038
1 0.205469 0.853774 0.082812 0.075472
1 0.064844 0.806604 0.064062 0.075472
1 0.057813 0.965802 0.090625 0.068396
2 0.207813 0.613208 0.025000 0.051887
1 0.365625 0.603774 0.037500 0.047170
2 0.417187 0.487028 0.015625 0.040094
1 0.533594 0.484670 0.026562 0.030660
1 0.384375 0.508255 0.028125 0.035377
2 0.715625 0.466981 0.015625 0.018868
2 0.639844 0.470519 0.017188 0.035377
