0 0.681250 0.417943 0.021875 0.048140
1 0.703125 0.792123 0.181250 0.161926
0 0.873437 0.833698 0.031250 0.056893
1 0.870313 0.909190 0.065625 0.072210
0 0.673438 0.947484 0.018750 0.039387
0 0.649219 0.950766 0.020313 0.041575
0 0.614844 0.879650 0.020313 0.048140
0 0.589063 0.880744 0.021875 0.045952
1 0.582812 0.973742 0.065625 0.043764
1 0.014063 0.503282 0.025000 0.039387
1 0.018750 0.572210 0.031250 0.054705
1 0.167187 0.551422 0.090625 0.096280
0 0.325781 0.554705 0.017188 0.085339
0 0.355469 0.555799 0.017188 0.065646
0 0.371094 0.525164 0.014063 0.026258
0 0.382031 0.551422 0.020313 0.035011
0 0.469531 0.503282 0.023438 0.039387
0 0.512500 0.514223 0.021875 0.061269
0 0.041406 0.436543 0.023438 0.032823
0 0.135156 0.482495 0.017188 0.028446
