0 0.184375 0.489461 0.037500 0.126464
0 0.242188 0.447307 0.031250 0.084309
0 0.366406 0.384075 0.054688 0.271663
0 0.447656 0.392272 0.035937 0.269321
0 0.499219 0.456674 0.123438 0.234192
1 0.565625 0.757611 0.221875 0.222482
0 0.796094 0.129977 0.017188 0.049180
0 0.769531 0.133489 0.017188 0.046838
0 0.738281 0.126464 0.014063 0.056206
0 0.696875 0.111241 0.012500 0.063232
0 0.598437 0.092506 0.012500 0.035129
1 0.500000 0.053864 0.015625 0.018735
1 0.469531 0.051522 0.017188 0.023419
1 0.552344 0.056206 0.032813 0.023419
0 0.172656 0.062061 0.010937 0.030445
0 0.157031 0.062061 0.010937 0.035129
0 0.146094 0.060890 0.007812 0.023419
0 0.083594 0.052693 0.014063 0.035129
0 0.052344 0.053864 0.014063 0.037471
1 0.035156 0.043326 0.020313 0.039813
