1 0.822656 0.293750 0.135937 0.104167
1 0.956250 0.276042 0.087500 0.114583
1 0.710156 0.295833 0.079687 0.070833
1 0.724219 0.238542 0.057813 0.027083
1 0.657031 0.269792 0.017188 0.047917
0 0.581250 0.508333 0.265625 0.945833
0 0.416406 0.315625 0.039062 0.193750
0 0.295312 0.322917 0.053125 0.279167
0 0.362500 0.303125 0.034375 0.160417
0 0.377344 0.232292 0.014063 0.039583
0 0.249219 0.317708 0.045312 0.231250
0 0.207813 0.323958 0.043750 0.247917
0 0.150000 0.332292 0.059375 0.252083
0 0.105469 0.312500 0.020313 0.179167
0 0.062500 0.266667 0.021875 0.058333
0 0.048438 0.385417 0.087500 0.416667
