1 0.235156 0.597190 0.070312 0.070258
1 0.490625 0.583138 0.034375 0.042155
1 0.539844 0.592506 0.023438 0.028103
1 0.536719 0.564403 0.017188 0.014052
1 0.521094 0.585480 0.010937 0.018735
1 0.589844 0.542155 0.014063 0.016393
1 0.612500 0.522248 0.015625 0.023419
1 0.622656 0.503513 0.010937 0.014052
1 0.632812 0.494145 0.009375 0.018735
1 0.645312 0.466042 0.012500 0.014052
1 0.676562 0.454333 0.018750 0.028103
1 0.774219 0.581967 0.042188 0.025761
1 0.673438 0.571429 0.021875 0.023419
0 0.467187 0.649883 0.034375 0.058548
0 0.482031 0.720141 0.067187 0.175644
