2 0.460938 0.199125 0.015625 0.052516
2 0.495312 0.219912 0.015625 0.045952
2 0.851562 0.298687 0.028125 0.028446
2 0.364844 0.319475 0.020313 0.035011
0 0.014844 0.512035 0.026562 0.192560
0 0.062500 0.502188 0.043750 0.207877
0 0.094531 0.495624 0.029687 0.199125
0 0.122656 0.513129 0.029687 0.238512
0 0.150000 0.552516 0.043750 0.269147
0 0.183594 0.531729 0.039062 0.249453
0 0.198437 0.427790 0.025000 0.054705
0 0.225000 0.479212 0.025000 0.205689
0 0.211719 0.382932 0.017188 0.043764
1 0.178906 0.371991 0.042188 0.035011
1 0.296875 0.398249 0.050000 0.052516
0 0.264062 0.529540 0.046875 0.245077
0 0.304688 0.524070 0.028125 0.221007
0 0.346094 0.481400 0.029687 0.157549
0 0.374219 0.423414 0.023438 0.124726
0 0.394531 0.466083 0.023438 0.170678
0 0.425781 0.492341 0.026562 0.157549
0 0.452344 0.424508 0.023438 0.074398
0 0.497656 0.449672 0.029687 0.085339
0 0.521094 0.429978 0.023438 0.072210
0 0.540625 0.412473 0.015625 0.050328
0 0.510938 0.375274 0.015625 0.037199
0 0.556250 0.413567 0.012500 0.030635
0 0.585156 0.435449 0.023438 0.048140
0 0.612500 0.412473 0.018750 0.072210
0 0.637500 0.412473 0.018750 0.063457
0 0.665625 0.410284 0.012500 0.024070
0 0.675000 0.450766 0.015625 0.061269
0 0.689844 0.427790 0.014063 0.067834
0 0.705469 0.423414 0.017188 0.089716
0 0.734375 0.417943 0.021875 0.109409
0 0.757031 0.429978 0.017188 0.129103
0 0.791406 0.405908 0.014063 0.115974
0 0.805469 0.419037 0.010937 0.102845
0 0.828906 0.424508 0.020313 0.100656
0 0.880469 0.370897 0.014063 0.067834
0 0.935937 0.427790 0.025000 0.133479
0 0.992188 0.419037 0.015625 0.115974
0 0.970313 0.411379 0.025000 0.122538
0 0.967969 0.409190 0.014063 0.122538
0 0.558594 0.571116 0.060937 0.253829
1 0.496875 0.739606 0.403125 0.231947
0 0.937500 0.739606 0.125000 0.490153
0 0.087500 0.810722 0.162500 0.361050
