0 0.395313 0.560606 0.121875 0.463869
0 0.094531 0.470862 0.048438 0.060606
0 0.171094 0.674825 0.176563 0.351981
0 0.141406 0.491841 0.070312 0.074592
1 0.258594 0.468531 0.085938 0.051282
0 0.528125 0.495338 0.018750 0.081585
0 0.460156 0.456876 0.010937 0.041958
0 0.492188 0.468531 0.018750 0.069930
1 0.529687 0.465035 0.059375 0.048951
0 0.590625 0.466200 0.025000 0.125874
0 0.624219 0.470862 0.017188 0.116550
0 0.643750 0.463869 0.025000 0.111888
0 0.678906 0.453380 0.017188 0.100233
0 0.812500 0.608392 0.315625 0.344988
