2 0.717969 0.467512 0.032813 0.066561
2 0.982812 0.538035 0.034375 0.058637
2 0.887500 0.584786 0.031250 0.044374
2 0.768750 0.533281 0.034375 0.033281
2 0.680469 0.614105 0.054688 0.052298
1 0.948438 0.770206 0.103125 0.104596
1 0.926562 0.708399 0.034375 0.044374
1 0.833594 0.717116 0.029687 0.030111
1 0.814844 0.714739 0.020313 0.025357
1 0.778125 0.722662 0.025000 0.038035
0 0.755469 0.720285 0.020313 0.052298
0 0.663281 0.727417 0.032813 0.095087
0 0.633594 0.729794 0.029687 0.087163
0 0.594531 0.685420 0.017188 0.017433
0 0.582812 0.709984 0.025000 0.069731
0 0.570312 0.688590 0.018750 0.026941
0 0.522656 0.714739 0.039062 0.082409
0 0.400781 0.807448 0.117188 0.312203
2 0.195312 0.497623 0.081250 0.082409
2 0.137500 0.511886 0.062500 0.088748
1 0.610156 0.728209 0.023438 0.039620
