0 0.5171875 0.9635416666666666 0.08125 0.06041666666666667
0 0.5703125 0.915625 0.078125 0.08541666666666667
0 0.45703125 0.9718749999999999 0.045312500000000006 0.052083333333333336
0 0.31015625 0.978125 0.0671875 0.03958333333333333
0 0.40234375 0.9552083333333333 0.045312500000000006 0.04791666666666666
0 0.4625 0.9302083333333333 0.040625 0.022916666666666665
0 0.42734375 0.9125 0.0390625 0.025
0 0.35546875 0.9479166666666666 0.045312500000000006 0.0625
0 0.29375 0.9229166666666666 0.028125 0.029166666666666667
0 0.25703125 0.9270833333333334 0.045312500000000006 0.020833333333333332
0 0.1078125 0.9364583333333333 0.040625 0.035416666666666666
0 0.15703125 0.9270833333333334 0.0234375 0.041666666666666664
