0 0.084375 0.542904 0.103125 0.491749
0 0.065625 0.582508 0.034375 0.141914
0 0.194531 0.443894 0.017188 0.102310
0 0.218750 0.440594 0.012500 0.108911
0 0.239063 0.468647 0.025000 0.171617
0 0.225000 0.636964 0.050000 0.237624
0 0.293750 0.622112 0.034375 0.247525
0 0.268750 0.504950 0.025000 0.211221
0 0.297656 0.425743 0.020313 0.099010
0 0.319531 0.491749 0.023438 0.198020
0 0.347656 0.448845 0.035937 0.118812
0 0.356250 0.630363 0.056250 0.244224
0 0.388281 0.612211 0.039062 0.254125
0 0.422656 0.618812 0.042188 0.227723
0 0.471094 0.623762 0.029687 0.231023
0 0.515625 0.618812 0.034375 0.247525
0 0.547656 0.613861 0.039062 0.264026
0 0.581250 0.623762 0.028125 0.257426
0 0.616406 0.612211 0.035937 0.247525
0 0.662500 0.610561 0.037500 0.231023
0 0.707812 0.620462 0.040625 0.237624
0 0.778125 0.613861 0.037500 0.231023
0 0.902344 0.585809 0.032813 0.247525
0 0.827344 0.447195 0.010937 0.128713
0 0.814844 0.450495 0.010937 0.115512
0 0.850000 0.452145 0.025000 0.138614
0 0.939063 0.541254 0.053125 0.468647
0 0.977344 0.508251 0.045312 0.402640
0 0.608594 0.448845 0.010937 0.099010
0 0.469531 0.442244 0.017188 0.125413
0 0.489844 0.445545 0.023438 0.105611
