1 0.265625 0.107728 0.065625 0.051522
0 0.321875 0.101874 0.012500 0.067916
0 0.339844 0.099532 0.010937 0.058548
0 0.370312 0.100703 0.006250 0.046838
1 0.392969 0.114754 0.020313 0.051522
1 0.426563 0.111241 0.034375 0.072600
1 0.600781 0.134660 0.082812 0.081967
0 0.672656 0.131148 0.010937 0.074941
0 0.775000 0.131148 0.021875 0.112412
0 0.811719 0.139344 0.014063 0.100703
0 0.928906 0.137002 0.020313 0.105386
0 0.906250 0.139344 0.015625 0.110070
0 0.857031 0.114754 0.010937 0.051522
0 0.838281 0.119438 0.014063 0.056206
