1 0.046094 0.678125 0.089063 0.089583
1 0.035937 0.636458 0.028125 0.022917
0 0.067969 0.632292 0.010937 0.043750
0 0.092969 0.629167 0.007812 0.037500
0 0.113281 0.631250 0.014063 0.054167
0 0.139063 0.630208 0.012500 0.047917
0 0.157812 0.625000 0.012500 0.033333
0 0.175000 0.613542 0.009375 0.039583
1 0.194531 0.631250 0.023438 0.037500
1 0.260156 0.636458 0.095312 0.047917
0 0.269531 0.656250 0.032813 0.112500
0 0.350781 0.627083 0.020313 0.070833
0 0.386719 0.675000 0.029687 0.158333
0 0.336719 0.620833 0.010937 0.029167
0 0.481250 0.614583 0.012500 0.050000
0 0.469531 0.606250 0.007812 0.029167
0 0.500000 0.616667 0.009375 0.041667
0 0.514062 0.602083 0.009375 0.041667
0 0.542188 0.615625 0.021875 0.043750
0 0.604688 0.620833 0.025000 0.062500
1 0.608594 0.622917 0.101562 0.100000
1 0.727344 0.645833 0.135937 0.116667
1 0.797656 0.598958 0.048438 0.035417
1 0.753125 0.601042 0.037500 0.035417
1 0.841406 0.601042 0.032813 0.035417
1 0.904687 0.596875 0.046875 0.031250
1 0.985156 0.592708 0.029687 0.022917
1 0.942187 0.594792 0.028125 0.027083
2 0.954688 0.444792 0.012500 0.035417
2 0.982812 0.440625 0.015625 0.018750
