0 0.135000 0.564000 0.162000 0.776000
0 0.408000 0.542667 0.152000 0.792000
0 0.355000 0.222667 0.034000 0.104000
0 0.276000 0.297333 0.056000 0.210667
0 0.216000 0.282667 0.048000 0.176000
0 0.085000 0.258667 0.034000 0.106667
0 0.038000 0.294667 0.056000 0.205333
0 0.600000 0.412000 0.072000 0.386667
0 0.628000 0.262667 0.036000 0.098667
0 0.512000 0.330667 0.072000 0.202667
0 0.683000 0.246667 0.042000 0.093333
0 0.722000 0.257333 0.028000 0.104000
0 0.825000 0.342667 0.098000 0.301333
0 0.941000 0.348000 0.106000 0.418667
