0 0.178906 0.379391 0.020313 0.032787
0 0.167969 0.487119 0.020313 0.042155
0 0.127344 0.475410 0.020313 0.032787
0 0.114062 0.496487 0.021875 0.042155
0 0.096875 0.455504 0.021875 0.039813
0 0.067969 0.471897 0.017188 0.030445
0 0.014063 0.481265 0.018750 0.025761
0 0.015625 0.523419 0.028125 0.058548
0 0.046875 0.494145 0.031250 0.042155
0 0.146875 0.524590 0.028125 0.056206
0 0.269531 0.436768 0.020313 0.035129
0 0.278125 0.471897 0.018750 0.030445
0 0.258594 0.489461 0.035937 0.037471
0 0.310937 0.504684 0.021875 0.025761
0 0.338281 0.473068 0.017188 0.042155
0 0.353906 0.455504 0.014063 0.021077
0 0.367188 0.481265 0.018750 0.021077
0 0.639062 0.450820 0.015625 0.035129
0 0.657031 0.450820 0.017188 0.025761
0 0.971875 0.456674 0.021875 0.088993
2 0.982031 0.389930 0.017188 0.025761
0 0.482812 0.380562 0.209375 0.480094
0 0.802344 0.403981 0.017188 0.030445
0 0.789062 0.409836 0.015625 0.028103
