2 0.795082 0.209375 0.081967 0.121875
2 0.704918 0.216406 0.065574 0.107813
2 0.064403 0.532031 0.025761 0.023438
2 0.519906 0.536719 0.028103 0.032813
2 0.322014 0.564063 0.021077 0.018750
2 0.365340 0.573438 0.018735 0.015625
2 0.743560 0.602344 0.025761 0.017188
1 0.252927 0.643750 0.079625 0.056250
1 0.140515 0.626563 0.046838 0.031250
1 0.043326 0.641406 0.063232 0.029687
0 0.340749 0.638281 0.044496 0.042188
1 0.432084 0.641406 0.086651 0.035937
1 0.552693 0.630469 0.046838 0.032813
1 0.622951 0.660156 0.042155 0.060937
1 0.693208 0.659375 0.046838 0.046875
1 0.733021 0.678906 0.018735 0.070312
1 0.804450 0.682813 0.067916 0.090625
1 0.927400 0.709375 0.145199 0.121875
1 0.448478 0.601562 0.072600 0.034375
1 0.482436 0.816406 0.927400 0.273438
