0 0.762000 0.605333 0.040000 0.234667
0 0.796000 0.613333 0.032000 0.218667
1 0.825000 0.542667 0.058000 0.072000
1 0.622000 0.568000 0.116000 0.096000
1 0.287000 0.821333 0.550000 0.357333
2 0.073000 0.194667 0.082000 0.042667
0 0.101000 0.537333 0.022000 0.125333
0 0.134000 0.536000 0.020000 0.117333
0 0.175000 0.541333 0.030000 0.122667
0 0.214000 0.538667 0.024000 0.117333
0 0.238000 0.534667 0.016000 0.114667
0 0.260000 0.553333 0.024000 0.120000
2 0.263000 0.368000 0.030000 0.080000
0 0.308000 0.540000 0.016000 0.120000
0 0.324000 0.548000 0.016000 0.120000
0 0.345000 0.544000 0.010000 0.117333
0 0.459000 0.546667 0.018000 0.096000
0 0.492000 0.540000 0.012000 0.098667
0 0.515000 0.537333 0.014000 0.093333
0 0.551000 0.542667 0.010000 0.088000
0 0.534000 0.540000 0.012000 0.093333
0 0.413000 0.538667 0.022000 0.112000
