2 0.068750 0.400000 0.068750 0.233333
2 0.097656 0.165625 0.057813 0.160417
2 0.202344 0.617708 0.023438 0.081250
2 0.182031 0.689583 0.042188 0.041667
2 0.401562 0.439583 0.028125 0.070833
2 0.806250 0.441667 0.031250 0.079167
1 0.854688 0.779167 0.103125 0.054167
1 0.707812 0.785417 0.087500 0.045833
1 0.758594 0.762500 0.032813 0.029167
0 0.792969 0.751042 0.017188 0.085417
1 0.589844 0.759375 0.035937 0.056250
0 0.653125 0.739583 0.009375 0.037500
0 0.664844 0.735417 0.014063 0.033333
1 0.497656 0.763542 0.045312 0.052083
0 0.489063 0.806250 0.028125 0.095833
1 0.376563 0.750000 0.028125 0.037500
1 0.441406 0.768750 0.026562 0.041667
1 0.411719 0.769792 0.026562 0.039583
1 0.337500 0.746875 0.021875 0.027083
2 0.257812 0.696875 0.021875 0.031250
