0 0.9796875 0.65807962529274 0.037500000000000006 0.0702576112412178
0 0.8625 0.6194379391100703 0.053125000000000006 0.0585480093676815
0 0.7984375 0.5901639344262295 0.040625 0.046838407494145196
0 0.76953125 0.5749414519906323 0.026562500000000003 0.03981264637002342
0 0.74765625 0.5433255269320844 0.0328125 0.03278688524590164
0 0.15234375 0.6463700234192038 0.06406250000000001 0.08430913348946135
0 0.22265625 0.5971896955503513 0.0421875 0.046838407494145196
0 0.2734375 0.6018735362997658 0.040625 0.06557377049180328
0 0.30703125000000003 0.5819672131147541 0.029687500000000002 0.0585480093676815
0 0.3609375 0.5655737704918032 0.028125 0.04449648711943794
