1 0.365625 0.580796 0.240625 0.243560
1 0.614062 0.578454 0.275000 0.309133
0 0.873437 0.628806 0.031250 0.110070
1 0.767188 0.625293 0.021875 0.079625
0 0.565625 0.652225 0.034375 0.166276
1 0.174219 0.542155 0.123438 0.152225
0 0.135937 0.608899 0.031250 0.117096
1 0.071094 0.647541 0.082812 0.119438
1 0.096094 0.596019 0.060937 0.077283
1 0.021094 0.537471 0.039062 0.049180
2 0.092969 0.367681 0.014063 0.037471
2 0.139844 0.437939 0.010937 0.028103
2 0.148438 0.413349 0.012500 0.025761
2 0.386719 0.381733 0.014063 0.046838
2 0.402344 0.378220 0.017188 0.044496
