0 0.871875 0.799296 0.031250 0.171362
0 0.894531 0.791080 0.020313 0.164319
0 0.948438 0.842723 0.025000 0.140845
0 0.981250 0.834507 0.037500 0.180751
0 0.710156 0.839202 0.026562 0.105634
0 0.690625 0.859155 0.015625 0.061033
0 0.660156 0.859155 0.020313 0.051643
0 0.639844 0.850939 0.017188 0.049296
0 0.625781 0.840376 0.014063 0.046948
0 0.611719 0.859155 0.017188 0.032864
0 0.511719 0.863850 0.026562 0.122066
0 0.468750 0.862676 0.031250 0.147887
0 0.390625 0.855634 0.037500 0.152582
0 0.307812 0.883803 0.015625 0.049296
0 0.329688 0.880282 0.012500 0.042254
0 0.357812 0.880282 0.012500 0.032864
0 0.768750 0.802817 0.006250 0.018779
0 0.812500 0.805164 0.009375 0.018779
0 0.661719 0.801643 0.010937 0.016432
0 0.551562 0.872066 0.015625 0.035211
0 0.575781 0.853286 0.017188 0.068075
