0 0.018750 0.651563 0.029167 0.037500
0 0.073958 0.790625 0.093750 0.287500
0 0.178125 0.680469 0.043750 0.076563
0 0.203125 0.635156 0.014583 0.014063
0 0.231250 0.670312 0.012500 0.068750
0 0.256250 0.664062 0.025000 0.084375
0 0.297917 0.624219 0.020833 0.017188
0 0.325000 0.634375 0.020833 0.031250
0 0.354167 0.636719 0.020833 0.020313
0 0.408333 0.627344 0.029167 0.032813
0 0.468750 0.639062 0.025000 0.043750
0 0.584375 0.639844 0.031250 0.039062
0 0.628125 0.625000 0.018750 0.021875
0 0.650000 0.630469 0.020833 0.023438
0 0.683333 0.648438 0.037500 0.034375
0 0.794792 0.644531 0.035417 0.042188
0 0.837500 0.636719 0.037500 0.032813
0 0.954167 0.672656 0.045833 0.132812
1 0.436458 0.641406 0.035417 0.020313
1 0.260417 0.815625 0.258333 0.096875
1 0.543750 0.788281 0.225000 0.101562
1 0.793750 0.752344 0.254167 0.085938
