0 0.079687 0.518962 0.084375 0.451098
0 0.165625 0.533932 0.059375 0.401198
0 0.225781 0.602794 0.054688 0.295409
0 0.253906 0.400200 0.070312 0.177645
0 0.346875 0.366267 0.075000 0.141717
0 0.332813 0.576846 0.081250 0.291417
0 0.417187 0.614770 0.056250 0.243513
0 0.495312 0.615768 0.062500 0.245509
0 0.428125 0.402196 0.071875 0.197605
0 0.513281 0.389222 0.070312 0.155689
0 0.566406 0.597804 0.057813 0.249501
0 0.609375 0.396208 0.056250 0.157685
0 0.638281 0.602794 0.079687 0.251497
0 0.682031 0.407186 0.048438 0.151697
0 0.755469 0.613772 0.101562 0.289421
0 0.757031 0.382236 0.067187 0.153693
0 0.843750 0.378244 0.078125 0.125749
0 0.857031 0.595808 0.110937 0.297405
0 0.923438 0.528942 0.065625 0.447106
