0 0.415625 0.629167 0.071875 0.212500
0 0.534375 0.601042 0.025000 0.043750
0 0.570312 0.638542 0.018750 0.043750
0 0.546875 0.652083 0.025000 0.045833
0 0.539844 0.693750 0.023438 0.045833
0 0.971094 0.219792 0.048438 0.127083
0 0.288281 0.581250 0.023438 0.033333
0 0.281250 0.642708 0.025000 0.047917
0 0.268750 0.703125 0.031250 0.043750
0 0.333594 0.650000 0.020313 0.033333
0 0.310156 0.654167 0.020313 0.033333
0 0.271094 0.523958 0.020313 0.043750
0 0.250000 0.550000 0.018750 0.045833
0 0.478906 0.557292 0.017188 0.027083
0 0.292187 0.342708 0.034375 0.056250
0 0.340625 0.338542 0.031250 0.047917
