0 0.21 0.7288828337874659 0.116 0.1335149863760218
0 0.317 0.7057220708446866 0.07 0.10354223433242507
0 0.379 0.7029972752043596 0.046 0.07084468664850135
0 0.41200000000000003 0.6825613079019073 0.028 0.07356948228882834
0 0.44 0.6730245231607629 0.02 0.043596730245231606
0 0.464 0.6662125340599455 0.032 0.03542234332425068
0 0.5650000000000001 0.7220708446866485 0.10200000000000001 0.11989100817438691
0 0.634 0.6880108991825613 0.024 0.04632152588555858
0 0.757 0.723433242506812 0.08600000000000001 0.11171662125340599
0 0.6910000000000001 0.6989100817438691 0.046 0.08991825613079019
0 0.922 0.7520435967302452 0.052000000000000005 0.17983651226158037
0 0.978 0.7643051771117166 0.04 0.18256130790190736
