0 0.332031 0.703529 0.114062 0.348235
0 0.167187 0.763529 0.115625 0.284706
0 0.142969 0.315294 0.032813 0.094118
0 0.859375 0.383529 0.046875 0.098824
0 0.868750 0.516471 0.087500 0.185882
0 0.385937 0.103529 0.021875 0.075294
0 0.425000 0.102353 0.021875 0.072941
0 0.528125 0.091765 0.021875 0.075294
0 0.560156 0.109412 0.010937 0.068235
0 0.595313 0.096471 0.018750 0.080000
0 0.575000 0.098824 0.021875 0.070588
0 0.107031 0.181176 0.029687 0.080000
0 0.174219 0.182353 0.020313 0.072941
0 0.203125 0.182353 0.021875 0.068235
0 0.086719 0.092941 0.023438 0.077647
0 0.074219 0.090588 0.010937 0.082353
0 0.070312 0.148235 0.012500 0.042353
0 0.922656 0.101176 0.023438 0.080000
0 0.941406 0.098824 0.014063 0.075294
0 0.734375 0.100000 0.018750 0.077647
