1 0.357031 0.509368 0.254688 0.339578
1 0.170313 0.502342 0.046875 0.044496
1 0.104688 0.512881 0.037500 0.065574
1 0.134375 0.480094 0.028125 0.060890
1 0.107031 0.461358 0.035937 0.028103
1 0.097656 0.427400 0.029687 0.021077
1 0.095312 0.401639 0.028125 0.021077
1 0.090625 0.375878 0.025000 0.021077
2 0.250000 0.257611 0.037500 0.028103
2 0.202344 0.262295 0.017188 0.028103
1 0.042969 0.489461 0.064062 0.060890
1 0.053125 0.626464 0.096875 0.180328
1 0.068750 0.852459 0.134375 0.295082
1 0.674219 0.571429 0.120313 0.107728
0 0.756250 0.556206 0.046875 0.138173
1 0.874219 0.624122 0.089063 0.180328
1 0.957031 0.618267 0.045312 0.215457
1 0.987500 0.653396 0.025000 0.177986
1 0.564063 0.580796 0.050000 0.088993
1 0.522656 0.580796 0.035937 0.093677
