2 0.813000 0.207207 0.038000 0.120120
2 0.855000 0.210210 0.030000 0.114114
2 0.542000 0.199700 0.028000 0.117117
2 0.584000 0.199700 0.036000 0.123123
1 0.352000 0.762763 0.120000 0.174174
1 0.395000 0.603604 0.090000 0.168168
1 0.422000 0.472973 0.068000 0.093093
1 0.442000 0.405405 0.060000 0.090090
1 0.453000 0.339339 0.050000 0.054054
1 0.536000 0.340841 0.084000 0.189189
1 0.454000 0.298799 0.040000 0.033033
1 0.451000 0.252252 0.030000 0.030030
1 0.457000 0.217718 0.030000 0.039039
1 0.522000 0.211712 0.032000 0.051051
1 0.520000 0.174174 0.020000 0.030030
1 0.462000 0.168168 0.024000 0.036036
1 0.509000 0.132132 0.026000 0.030030
1 0.463000 0.124625 0.030000 0.027027
1 0.423000 0.136637 0.034000 0.039039
1 0.400000 0.165165 0.028000 0.036036
1 0.373000 0.307808 0.078000 0.165165
1 0.608000 0.067568 0.032000 0.045045
1 0.555000 0.075075 0.022000 0.024024
1 0.535000 0.069069 0.018000 0.024024
1 0.521000 0.078078 0.022000 0.030030
1 0.386000 0.094595 0.032000 0.063063
1 0.417000 0.079580 0.026000 0.033033
1 0.441000 0.057057 0.018000 0.024024
1 0.324000 0.148649 0.024000 0.039039
1 0.361000 0.115616 0.022000 0.039039
1 0.305000 0.202703 0.034000 0.039039
1 0.325000 0.186186 0.026000 0.048048
1 0.278000 0.312312 0.104000 0.174174
1 0.218000 0.391892 0.124000 0.165165
1 0.189000 0.507508 0.054000 0.144144
1 0.078000 0.614114 0.152000 0.357357
1 0.120000 0.409910 0.060000 0.039039
0 0.062000 0.292793 0.020000 0.075075
0 0.087000 0.298799 0.022000 0.069069
0 0.163000 0.229730 0.018000 0.063063
0 0.204000 0.165165 0.012000 0.048048
0 0.568000 0.818318 0.060000 0.141141
