0 0.312500 0.509346 0.075000 0.434579
0 0.389062 0.460280 0.146875 0.476636
0 0.542969 0.515187 0.189062 0.717290
0 0.176563 0.464953 0.031250 0.135514
0 0.085938 0.471963 0.021875 0.154206
0 0.014063 0.468458 0.021875 0.147196
1 0.057031 0.475467 0.048438 0.077103
1 0.129688 0.489486 0.050000 0.063084
1 0.220312 0.470794 0.046875 0.058411
1 0.551562 0.438084 0.053125 0.086449
0 0.592969 0.467290 0.029687 0.149533
1 0.620313 0.447430 0.028125 0.067757
1 0.691406 0.448598 0.054688 0.074766
1 0.745313 0.449766 0.046875 0.091121
0 0.785937 0.443925 0.028125 0.116822
0 0.812500 0.455607 0.021875 0.140187
1 0.853906 0.445093 0.054688 0.067757
1 0.917188 0.450935 0.075000 0.070093
