0 0.597000 0.560606 0.046000 0.139394
0 0.523000 0.601515 0.026000 0.106061
0 0.489000 0.583333 0.054000 0.178788
0 0.296000 0.430303 0.016000 0.084848
0 0.369000 0.427273 0.026000 0.078788
0 0.953000 0.437879 0.026000 0.112121
0 0.904000 0.395455 0.024000 0.069697
0 0.574000 0.418182 0.020000 0.084848
0 0.649000 0.365152 0.014000 0.045455
0 0.689000 0.784848 0.110000 0.230303
0 0.775000 0.839394 0.074000 0.163636
0 0.845000 0.819697 0.030000 0.045455
0 0.864000 0.863636 0.040000 0.096970
0 0.913000 0.883333 0.062000 0.221212
0 0.965000 0.851515 0.026000 0.078788
0 0.612000 0.960606 0.120000 0.078788
0 0.527000 0.878788 0.098000 0.121212
0 0.429000 0.901515 0.074000 0.142424
0 0.331000 0.898485 0.138000 0.166667
0 0.251000 0.881818 0.038000 0.103030
0 0.201000 0.843939 0.038000 0.063636
0 0.165000 0.916667 0.054000 0.100000
0 0.108000 0.869697 0.028000 0.054545
0 0.075000 0.951515 0.146000 0.096970
0 0.019000 0.863636 0.022000 0.066667
0 0.068000 0.857576 0.044000 0.072727
