2 0.553906 0.169792 0.123438 0.322917
2 0.703125 0.171875 0.134375 0.331250
1 0.771094 0.459375 0.442188 0.306250
2 0.417187 0.403125 0.012500 0.027083
2 0.384375 0.404167 0.009375 0.025000
2 0.361719 0.401042 0.007812 0.022917
2 0.337500 0.403125 0.009375 0.022917
1 0.023438 0.504167 0.043750 0.037500
2 0.074219 0.406250 0.014063 0.029167
2 0.113281 0.408333 0.007812 0.025000
1 0.159375 0.481250 0.021875 0.020833
1 0.194531 0.477083 0.023438 0.029167
1 0.226562 0.479167 0.028125 0.029167
1 0.264844 0.500000 0.029687 0.029167
1 0.300781 0.494792 0.020313 0.035417
1 0.262500 0.473958 0.021875 0.014583
1 0.465625 0.471875 0.018750 0.027083
1 0.514844 0.480208 0.060937 0.014583
