1 0.719531 0.328283 0.345313 0.257576
1 0.882812 0.244949 0.165625 0.126263
1 0.778125 0.200758 0.068750 0.058081
1 0.558594 0.204545 0.104688 0.060606
1 0.430469 0.353535 0.360938 0.237374
1 0.173437 0.319444 0.100000 0.159091
1 0.208594 0.215909 0.079687 0.032828
1 0.278906 0.227273 0.039062 0.045455
1 0.383594 0.202020 0.089063 0.030303
1 0.073438 0.280303 0.084375 0.136364
1 0.009375 0.303030 0.012500 0.156566
0 0.025781 0.349747 0.026562 0.184343
2 0.075000 0.018939 0.015625 0.032828
2 0.056250 0.020202 0.012500 0.035354
2 0.350000 0.036616 0.018750 0.042929
2 0.332813 0.039141 0.015625 0.047980
1 0.500000 0.164141 0.040625 0.030303
1 0.464062 0.169192 0.025000 0.025253
2 0.657813 0.135101 0.021875 0.037879
