2 0.517188 0.611222 0.031250 0.140281
2 0.472656 0.552104 0.042188 0.138277
2 0.515625 0.371743 0.034375 0.130261
2 0.566406 0.407816 0.048438 0.142285
2 0.503125 0.235471 0.065625 0.134269
2 0.454688 0.266533 0.050000 0.120240
2 0.450781 0.399800 0.039062 0.134269
2 0.483594 0.351703 0.032813 0.094188
2 0.416406 0.459920 0.032813 0.126253
2 0.410938 0.627255 0.034375 0.128257
2 0.372656 0.481964 0.042188 0.154309
2 0.403906 0.297595 0.042188 0.134269
2 0.400000 0.166333 0.037500 0.112224
2 0.353906 0.146293 0.039062 0.120240
2 0.360156 0.279559 0.051562 0.134269
2 0.331250 0.436874 0.050000 0.136273
2 0.264062 0.575150 0.037500 0.136273
2 0.303906 0.601202 0.029687 0.076152
2 0.327344 0.609218 0.039062 0.120240
2 0.371094 0.669339 0.039062 0.056112
2 0.214844 0.605210 0.039062 0.136273
2 0.255469 0.678357 0.042188 0.058116
2 0.200000 0.512024 0.046875 0.114228
2 0.211719 0.403808 0.060937 0.142285
2 0.257812 0.344689 0.043750 0.152305
2 0.202344 0.325651 0.032813 0.082164
2 0.248438 0.211423 0.043750 0.086172
2 0.294531 0.195391 0.035937 0.110220
2 0.295312 0.113226 0.056250 0.058116
