1 0.557031 0.594792 0.360938 0.439583
1 0.760156 0.684375 0.039062 0.106250
1 0.798438 0.660417 0.040625 0.083333
1 0.825781 0.666667 0.014063 0.029167
1 0.842969 0.658333 0.017188 0.033333
1 0.862500 0.640625 0.028125 0.047917
0 0.864062 0.665625 0.009375 0.031250
0 0.910156 0.688542 0.017188 0.056250
0 0.941406 0.692708 0.014063 0.072917
0 0.955469 0.701042 0.010937 0.085417
0 0.967969 0.701042 0.014063 0.081250
0 0.989844 0.704167 0.017188 0.087500
2 0.987500 0.444792 0.025000 0.168750
2 0.964844 0.455208 0.035937 0.168750
