0 0.649219 0.544922 0.110937 0.511719
0 0.723437 0.549805 0.053125 0.216797
0 0.764062 0.592773 0.021875 0.134766
0 0.815625 0.613281 0.028125 0.097656
0 0.832031 0.557617 0.014063 0.044922
0 0.955469 0.587891 0.017188 0.097656
0 0.915625 0.563477 0.015625 0.060547
0 0.876563 0.561523 0.025000 0.060547
1 0.841406 0.528320 0.092188 0.044922
0 0.959375 0.500000 0.009375 0.046875
0 0.946094 0.497070 0.017188 0.044922
0 0.565625 0.571289 0.015625 0.087891
0 0.553125 0.560547 0.012500 0.046875
0 0.527344 0.578125 0.026562 0.089844
0 0.492188 0.581055 0.031250 0.099609
0 0.472656 0.545898 0.014063 0.037109
0 0.455469 0.540039 0.014063 0.041016
0 0.442969 0.541016 0.014063 0.054688
1 0.551562 0.516602 0.056250 0.025391
0 0.317188 0.498047 0.075000 0.398438
0 0.366406 0.541992 0.010937 0.072266
0 0.384375 0.549805 0.012500 0.048828
0 0.247656 0.529297 0.057813 0.183594
0 0.157031 0.492188 0.045312 0.242188
0 0.202344 0.539062 0.045312 0.144531
0 0.092188 0.525391 0.043750 0.156250
0 0.019531 0.505859 0.026562 0.164062
0 0.053125 0.531250 0.028125 0.093750
1 0.080469 0.412109 0.092188 0.062500
1 0.371094 0.450195 0.032813 0.025391
1 0.472656 0.452148 0.032813 0.021484
1 0.528125 0.451172 0.031250 0.027344
0 0.773438 0.479492 0.012500 0.033203
