0 0.217969 0.466667 0.054688 0.212500
0 0.280469 0.468750 0.039062 0.191667
0 0.310937 0.466667 0.021875 0.083333
0 0.337500 0.465625 0.043750 0.206250
0 0.507812 0.442708 0.021875 0.047917
0 0.538281 0.484375 0.032813 0.118750
0 0.560937 0.464583 0.015625 0.066667
0 0.580469 0.470833 0.017188 0.079167
0 0.615625 0.445833 0.018750 0.037500
0 0.659375 0.443750 0.021875 0.037500
0 0.698438 0.454167 0.012500 0.054167
0 0.712500 0.442708 0.012500 0.035417
0 0.760156 0.485417 0.026562 0.120833
0 0.780469 0.472917 0.020313 0.083333
0 0.801562 0.477083 0.015625 0.066667
0 0.830469 0.451042 0.007812 0.035417
0 0.848437 0.443750 0.015625 0.037500
0 0.860156 0.437500 0.014063 0.037500
0 0.923438 0.485417 0.031250 0.137500
