0 0.885156 0.576042 0.026562 0.118750
0 0.835156 0.571875 0.029687 0.118750
0 0.993750 0.555208 0.012500 0.031250
0 0.681250 0.548958 0.021875 0.064583
0 0.625781 0.575000 0.017188 0.033333
0 0.450000 0.510417 0.021875 0.041667
0 0.015625 0.467708 0.012500 0.022917
0 0.021875 0.508333 0.012500 0.033333
0 0.033594 0.513542 0.017188 0.035417
0 0.083594 0.497917 0.014063 0.029167
0 0.196094 0.506250 0.020313 0.045833
0 0.282813 0.517708 0.015625 0.027083
0 0.403906 0.493750 0.010937 0.016667
0 0.589063 0.503125 0.012500 0.014583
0 0.039062 0.570833 0.028125 0.050000
0 0.840625 0.693750 0.165625 0.037500
0 0.778125 0.710417 0.053125 0.062500
0 0.688281 0.727083 0.035937 0.095833
0 0.710938 0.661458 0.028125 0.027083
0 0.729688 0.693750 0.031250 0.045833
0 0.597656 0.667708 0.026562 0.039583
0 0.623437 0.692708 0.034375 0.039583
0 0.647656 0.654167 0.032813 0.041667
