0 0.045312 0.447917 0.018750 0.050000
1 0.012500 0.514583 0.021875 0.225000
1 0.082812 0.475000 0.053125 0.058333
1 0.088281 0.431250 0.048438 0.041667
0 0.342187 0.505208 0.078125 0.297917
0 0.421875 0.460417 0.021875 0.083333
0 0.459375 0.467708 0.025000 0.131250
1 0.511719 0.437500 0.073438 0.050000
0 0.507031 0.440625 0.020313 0.047917
0 0.614844 0.526042 0.057813 0.285417
1 0.617969 0.611458 0.214062 0.131250
0 0.832031 0.428125 0.032813 0.177083
0 0.891406 0.584375 0.114062 0.414583
0 0.975781 0.458333 0.048438 0.175000
1 0.775000 0.461458 0.059375 0.064583
