0 0.204687 0.890593 0.075000 0.157464
0 0.127344 0.892638 0.085938 0.161554
1 0.300781 0.713701 0.051562 0.032720
1 0.377344 0.700409 0.085938 0.067485
1 0.439844 0.713701 0.060937 0.057260
1 0.509375 0.713701 0.078125 0.053170
1 0.667188 0.695297 0.187500 0.085890
0 0.591406 0.736196 0.032813 0.106339
0 0.639062 0.703476 0.015625 0.049080
0 0.741406 0.715746 0.014063 0.069530
0 0.760156 0.717791 0.017188 0.065440
1 0.811719 0.710634 0.064062 0.071575
1 0.865625 0.728016 0.071875 0.057260
1 0.925781 0.762781 0.148438 0.114519
0 0.872656 0.693252 0.020313 0.049080
1 0.097656 0.717791 0.035937 0.036810
1 0.069531 0.716769 0.023438 0.034765
0 0.195312 0.711656 0.012500 0.036810
