2 0.532000 0.620482 0.012000 0.042169
2 0.403000 0.507530 0.010000 0.039157
2 0.271000 0.503012 0.010000 0.048193
2 0.201000 0.528614 0.014000 0.033133
0 0.074000 0.638554 0.024000 0.060241
0 0.052000 0.640060 0.012000 0.057229
0 0.094000 0.805723 0.028000 0.099398
0 0.223000 0.831325 0.026000 0.090361
0 0.390000 0.792169 0.012000 0.090361
0 0.411000 0.802711 0.026000 0.099398
0 0.446000 0.817771 0.016000 0.081325
0 0.450000 0.765060 0.016000 0.024096
0 0.509000 0.765060 0.014000 0.048193
0 0.523000 0.816265 0.018000 0.084337
0 0.541000 0.835843 0.018000 0.081325
0 0.544000 0.789157 0.016000 0.024096
0 0.582000 0.876506 0.024000 0.096386
0 0.659000 0.825301 0.018000 0.084337
0 0.667000 0.750000 0.018000 0.072289
0 0.702000 0.753012 0.024000 0.072289
0 0.760000 0.834337 0.020000 0.090361
0 0.826000 0.793675 0.020000 0.081325
0 0.863000 0.807229 0.022000 0.078313
1 0.770000 0.954819 0.104000 0.090361
2 0.795000 0.695783 0.018000 0.042169
1 0.802000 0.638554 0.384000 0.108434
0 0.596000 0.668675 0.016000 0.060241
0 0.578000 0.679217 0.016000 0.063253
0 0.565000 0.679217 0.018000 0.063253
0 0.548000 0.615964 0.012000 0.051205
0 0.562000 0.614458 0.012000 0.042169
0 0.582000 0.611446 0.020000 0.048193
1 0.483000 0.554217 0.038000 0.030120
2 0.520000 0.567771 0.008000 0.027108
1 0.401000 0.638554 0.034000 0.054217
1 0.397000 0.593373 0.046000 0.054217
1 0.363000 0.585843 0.030000 0.087349
1 0.328000 0.567771 0.024000 0.027108
1 0.342000 0.540663 0.028000 0.021084
0 0.296000 0.635542 0.012000 0.060241
0 0.283000 0.641566 0.018000 0.054217
0 0.268000 0.638554 0.012000 0.048193
0 0.255000 0.643072 0.010000 0.051205
0 0.229000 0.641566 0.014000 0.048193
0 0.193000 0.626506 0.014000 0.036145
0 0.211000 0.609940 0.014000 0.039157
0 0.136000 0.631024 0.016000 0.039157
2 0.159000 0.566265 0.018000 0.030120
1 0.206000 0.947289 0.100000 0.105422
1 0.057000 0.554217 0.038000 0.024096
