0 0.748437 0.364583 0.118750 0.391667
0 0.845313 0.320833 0.056250 0.091667
0 0.955469 0.271875 0.085938 0.168750
0 0.517188 0.295833 0.040625 0.108333
0 0.541406 0.291667 0.029687 0.104167
0 0.567969 0.289583 0.023438 0.062500
0 0.616406 0.314583 0.029687 0.045833
1 0.306250 0.290625 0.128125 0.093750
0 0.206250 0.292708 0.021875 0.060417
0 0.185938 0.296875 0.015625 0.052083
0 0.149219 0.306250 0.023438 0.108333
1 0.043750 0.307292 0.078125 0.077083
1 0.138281 0.294792 0.092188 0.043750
1 0.224219 0.283333 0.026562 0.025000
