1 0.831000 0.397878 0.114000 0.090186
1 0.935000 0.509284 0.130000 0.084881
1 0.994000 0.348806 0.012000 0.045093
1 0.659000 0.351459 0.102000 0.066313
0 0.795000 0.322281 0.010000 0.045093
1 0.916000 0.289125 0.076000 0.074271
1 0.954000 0.242706 0.064000 0.039788
1 0.985000 0.190981 0.030000 0.047745
1 0.949000 0.175066 0.050000 0.053050
1 0.771000 0.152520 0.062000 0.045093
1 0.877000 0.110080 0.054000 0.039788
1 0.832000 0.124668 0.044000 0.031830
1 0.689000 0.094164 0.050000 0.029178
1 0.742000 0.071618 0.028000 0.031830
1 0.786000 0.059682 0.032000 0.029178
1 0.843000 0.039788 0.042000 0.031830
1 0.883000 0.033156 0.030000 0.029178
1 0.631000 0.057029 0.042000 0.023873
1 0.679000 0.046419 0.034000 0.018568
1 0.652000 0.015915 0.044000 0.026525
1 0.462000 0.064987 0.048000 0.029178
1 0.335000 0.198939 0.042000 0.037135
1 0.232000 0.145889 0.040000 0.031830
0 0.267000 0.094164 0.018000 0.045093
0 0.215000 0.072944 0.014000 0.045093
0 0.183000 0.043767 0.010000 0.013263
