0 0.714844 0.804907 0.048438 0.165888
0 0.896875 0.788551 0.031250 0.119159
0 0.162500 0.828271 0.018750 0.091121
0 0.054688 0.831776 0.015625 0.060748
0 0.034375 0.839953 0.012500 0.044393
0 0.139063 0.830607 0.012500 0.039720
0 0.217969 0.829439 0.010937 0.042056
0 0.313281 0.827103 0.020313 0.088785
0 0.282813 0.838785 0.015625 0.046729
0 0.357031 0.834112 0.010937 0.032710
0 0.438281 0.841121 0.010937 0.046729
0 0.484375 0.828271 0.018750 0.077103
0 0.471875 0.838785 0.012500 0.037383
0 0.513281 0.832944 0.014063 0.049065
0 0.534375 0.831776 0.009375 0.046729
0 0.856250 0.804907 0.025000 0.105140
0 0.816406 0.810748 0.020313 0.070093
0 0.799219 0.810748 0.010937 0.042056
0 0.770312 0.813084 0.018750 0.046729
0 0.934375 0.825935 0.018750 0.058411
0 0.960156 0.816589 0.032813 0.067757
0 0.677344 0.821262 0.017188 0.058411
0 0.657813 0.818925 0.018750 0.044393
0 0.636719 0.825935 0.017188 0.058411
0 0.398438 0.831776 0.012500 0.032710
0 0.426563 0.836449 0.012500 0.028037
0 0.577344 0.829439 0.017188 0.046729
0 0.092969 0.836449 0.010937 0.032710
