2 0.955469 0.619792 0.045312 0.147917
2 0.964844 0.763542 0.023438 0.043750
2 0.710938 0.689583 0.040625 0.029167
2 0.692187 0.660417 0.025000 0.045833
2 0.675781 0.662500 0.017188 0.041667
2 0.585156 0.667708 0.032813 0.052083
2 0.562500 0.685417 0.040625 0.058333
2 0.452344 0.585417 0.054688 0.050000
2 0.433594 0.611458 0.051562 0.052083
2 0.421094 0.706250 0.014063 0.041667
2 0.409375 0.706250 0.012500 0.033333
2 0.397656 0.704167 0.007812 0.037500
2 0.330469 0.722917 0.007812 0.029167
1 0.470313 0.882292 0.025000 0.039583
1 0.546094 0.928125 0.126562 0.122917
1 0.624219 0.882292 0.020313 0.022917
