0 0.323437 0.651747 0.087500 0.325328
0 0.407813 0.567686 0.021875 0.061135
0 0.422656 0.551310 0.020313 0.050218
0 0.456250 0.516376 0.015625 0.032751
0 0.479687 0.562227 0.034375 0.089520
0 0.540625 0.622271 0.031250 0.157205
0 0.574219 0.554585 0.039062 0.104803
0 0.537500 0.509825 0.018750 0.037118
0 0.559375 0.500000 0.015625 0.043668
1 0.891406 0.693231 0.217188 0.220524
1 0.773438 0.605895 0.065625 0.089520
1 0.728125 0.586245 0.043750 0.067686
1 0.886719 0.527293 0.110937 0.054585
1 0.977344 0.518559 0.045312 0.058952
1 0.960156 0.489083 0.060937 0.026201
1 0.915625 0.486900 0.031250 0.034934
1 0.832812 0.495633 0.053125 0.052402
1 0.862500 0.437773 0.028125 0.045852
1 0.928906 0.456332 0.032813 0.039301
1 0.984375 0.462882 0.031250 0.052402
2 0.898438 0.322052 0.009375 0.032751
2 0.917188 0.324236 0.009375 0.032751
2 0.961719 0.324236 0.010937 0.032751
2 0.872656 0.318777 0.010937 0.039301
