0 0.022656250000000003 0.7577854671280277 0.0421875 0.20761245674740486
0 0.08828125 0.7335640138408305 0.0703125 0.22145328719723184
0 0.15546875000000002 0.7179930795847751 0.045312500000000006 0.18339100346020762
0 0.52890625 0.740484429065744 0.09843750000000001 0.18685121107266436
0 0.45703125 0.6833910034602076 0.060937500000000006 0.13494809688581316
0 0.40703125 0.6262975778546713 0.0421875 0.06228373702422146
0 0.57734375 0.6522491349480969 0.0328125 0.08650519031141869
0 0.70625 0.6522491349480969 0.09062500000000001 0.08650519031141869
0 0.62265625 0.6211072664359861 0.045312500000000006 0.051903114186851215
0 0.984375 0.6695501730103807 0.028125 0.2179930795847751
0 0.94296875 0.7197231833910035 0.0484375 0.11764705882352941
0 0.8835937500000001 0.6816608996539792 0.0546875 0.13148788927335642
0 0.36640625000000004 0.5743944636678201 0.026562500000000003 0.04152249134948097
