2 0.489063 0.250000 0.040625 0.100000
2 0.521875 0.234375 0.037500 0.122917
2 0.649219 0.156250 0.064062 0.054167
2 0.994531 0.296875 0.010937 0.056250
2 0.781250 0.297917 0.015625 0.054167
1 0.730469 0.458333 0.323437 0.283333
1 0.950000 0.520833 0.100000 0.154167
0 0.880469 0.392708 0.020313 0.093750
0 0.899219 0.390625 0.017188 0.106250
0 0.917188 0.395833 0.018750 0.083333
0 0.951562 0.389583 0.021875 0.087500
0 0.992188 0.388542 0.015625 0.089583
0 0.125781 0.480208 0.029687 0.164583
0 0.098437 0.478125 0.034375 0.172917
0 0.067969 0.451042 0.026562 0.152083
0 0.029687 0.469792 0.031250 0.168750
0 0.007031 0.398958 0.010937 0.064583
2 0.010937 0.311458 0.018750 0.052083
2 0.075000 0.292708 0.021875 0.093750
2 0.110156 0.305208 0.026562 0.047917
2 0.171875 0.295833 0.021875 0.062500
2 0.196875 0.304167 0.012500 0.037500
1 0.149219 0.339583 0.195312 0.145833
2 0.332813 0.291667 0.018750 0.045833
2 0.369531 0.293750 0.017188 0.041667
2 0.259375 0.297917 0.015625 0.033333
1 0.376563 0.518750 0.409375 0.416667
