2 0.630469 0.286325 0.051562 0.145299
2 0.561719 0.323718 0.064062 0.207265
2 0.486719 0.316239 0.048438 0.239316
2 0.432812 0.317308 0.053125 0.228632
2 0.234375 0.330128 0.056250 0.177350
2 0.175781 0.334402 0.045312 0.155983
0 0.013281 0.618590 0.023438 0.177350
0 0.103906 0.638889 0.089063 0.303419
0 0.227344 0.571581 0.026562 0.138889
0 0.282813 0.570513 0.062500 0.136752
0 0.298438 0.766026 0.068750 0.275641
0 0.363281 0.779915 0.051562 0.226496
0 0.397656 0.592949 0.054688 0.155983
0 0.496094 0.788462 0.060937 0.226496
0 0.618750 0.697650 0.040625 0.395299
0 0.733594 0.706197 0.073438 0.395299
0 0.790625 0.704060 0.053125 0.378205
0 0.843750 0.707265 0.068750 0.367521
0 0.907031 0.560897 0.032813 0.091880
0 0.938281 0.594017 0.039062 0.166667
0 0.984375 0.572650 0.028125 0.132479
2 0.726562 0.440171 0.018750 0.081197
2 0.748437 0.432692 0.018750 0.087607
2 0.778125 0.433761 0.040625 0.098291
1 0.181250 0.596154 0.103125 0.115385
1 0.135156 0.529915 0.039062 0.051282
1 0.667188 0.560897 0.059375 0.066239
