0 0.650000 0.436458 0.040625 0.102083
1 0.905469 0.489583 0.185938 0.129167
1 0.765625 0.407292 0.071875 0.043750
1 0.967969 0.403125 0.064062 0.027083
1 0.660156 0.410417 0.082812 0.045833
1 0.704688 0.373958 0.162500 0.056250
1 0.834375 0.366667 0.096875 0.020833
1 0.551562 0.373958 0.090625 0.022917
1 0.583594 0.417708 0.048438 0.027083
1 0.457813 0.413542 0.034375 0.043750
0 0.543750 0.415625 0.043750 0.047917
0 0.493750 0.410417 0.028125 0.037500
0 0.406250 0.452083 0.031250 0.066667
0 0.344531 0.422917 0.032813 0.054167
0 0.376563 0.408333 0.031250 0.058333
0 0.273438 0.450000 0.031250 0.083333
0 0.228125 0.414583 0.046875 0.054167
0 0.192188 0.407292 0.025000 0.043750
0 0.099219 0.422917 0.029687 0.041667
1 0.108594 0.396875 0.145313 0.085417
2 0.456250 0.298958 0.031250 0.014583
