2 0.716000 0.588000 0.036000 0.109333
2 0.789000 0.592000 0.034000 0.106667
2 0.824000 0.596000 0.024000 0.082667
2 0.932000 0.573333 0.052000 0.144000
2 0.681000 0.585333 0.030000 0.082667
2 0.591000 0.606667 0.030000 0.104000
2 0.412000 0.660000 0.032000 0.056000
2 0.332000 0.665333 0.016000 0.040000
2 0.072000 0.580000 0.040000 0.109333
2 0.064000 0.662667 0.024000 0.050667
1 0.265000 0.733333 0.046000 0.053333
1 0.353000 0.736000 0.086000 0.053333
1 0.587000 0.746667 0.094000 0.048000
2 0.645000 0.689333 0.018000 0.034667
2 0.760000 0.684000 0.020000 0.045333
2 0.826000 0.689333 0.016000 0.045333
1 0.897000 0.837333 0.194000 0.288000
1 0.670000 0.846667 0.232000 0.242667
