0 0.09166666666666666 0.371875 0.15 0.065625
0 0.03229166666666666 0.321875 0.05625 0.037500000000000006
0 0.12604166666666666 0.31328125 0.03958333333333333 0.035937500000000004
0 0.17083333333333334 0.31875000000000003 0.041666666666666664 0.025
0 0.27708333333333335 0.30234375 0.04583333333333333 0.0328125
0 0.37395833333333334 0.33828125000000003 0.08541666666666667 0.0546875
0 0.5677083333333334 0.32734375000000004 0.035416666666666666 0.035937500000000004
0 0.7395833333333334 0.28359375000000003 0.0375 0.0390625
0 0.7864583333333334 0.28828125 0.035416666666666666 0.035937500000000004
0 0.8458333333333333 0.28515625 0.05 0.026562500000000003
0 0.9625 0.27265625 0.041666666666666664 0.0484375
0 0.4270833333333333 0.3015625 0.0375 0.028125
