2 0.449219 0.304167 0.017188 0.075000
2 0.702344 0.362500 0.020313 0.104167
2 0.957812 0.347917 0.034375 0.108333
1 0.896875 0.508333 0.200000 0.100000
1 0.657813 0.512500 0.203125 0.075000
1 0.457031 0.513542 0.173437 0.089583
1 0.352344 0.497917 0.070312 0.070833
1 0.303125 0.501042 0.031250 0.056250
1 0.257812 0.516667 0.062500 0.075000
1 0.168750 0.515625 0.100000 0.081250
1 0.057031 0.516667 0.107813 0.120833
0 0.114062 0.473958 0.025000 0.035417
1 0.559375 0.482292 0.021875 0.039583
2 0.105469 0.377083 0.020313 0.100000
