1 0.837500 0.482436 0.031250 0.023419
1 0.782031 0.469555 0.023438 0.025761
1 0.706250 0.443794 0.031250 0.030445
1 0.674219 0.437939 0.023438 0.023419
1 0.645312 0.428571 0.025000 0.023419
1 0.614062 0.423888 0.021875 0.018735
1 0.582031 0.412178 0.029687 0.028103
1 0.505469 0.389930 0.020313 0.025761
1 0.307812 0.370023 0.025000 0.018735
1 0.282031 0.385246 0.023438 0.011710
1 0.173437 0.444965 0.021875 0.018735
1 0.198437 0.433255 0.021875 0.018735
1 0.071875 0.456674 0.012500 0.018735
1 0.051562 0.453162 0.015625 0.021077
1 0.257812 0.375878 0.018750 0.021077
