2 0.954688 0.825497 0.031250 0.016275
1 0.935156 0.955696 0.035937 0.034358
1 0.970313 0.953888 0.028125 0.023508
0 0.908594 0.939421 0.010937 0.012658
1 0.886719 0.938517 0.029687 0.025316
1 0.834375 0.957505 0.050000 0.027125
0 0.765625 0.950271 0.021875 0.037975
2 0.803906 0.883363 0.017188 0.048825
1 0.820312 0.983725 0.109375 0.032550
1 0.638281 0.975588 0.126562 0.048825
1 0.734375 0.971067 0.050000 0.047016
0 0.496094 0.957505 0.014063 0.052441
0 0.468750 0.957505 0.021875 0.048825
1 0.402344 0.985533 0.104688 0.028933
0 0.293750 0.960217 0.031250 0.054250
0 0.077344 0.959313 0.026562 0.056058
0 0.056250 0.955696 0.018750 0.037975
0 0.018750 0.962929 0.025000 0.059675
