0 0.03359375 0.5395833333333333 0.0578125 0.14166666666666666
0 0.9539062500000001 0.49374999999999997 0.0890625 0.18333333333333332
0 0.8296875 0.4927083333333333 0.140625 0.16041666666666665
0 0.6984375 0.49895833333333334 0.10312500000000001 0.12291666666666666
0 0.6078125000000001 0.496875 0.078125 0.12708333333333333
0 0.5140625 0.4979166666666667 0.09375 0.075
0 0.44296875 0.4895833333333333 0.045312500000000006 0.08333333333333333
0 0.37734375000000003 0.48854166666666665 0.0859375 0.05625
0 0.3203125 0.4770833333333333 0.05 0.016666666666666666
0 0.284375 0.5041666666666667 0.05 0.0625
0 0.2015625 0.4947916666666667 0.03125 0.04375
0 0.17421875 0.49166666666666664 0.0203125 0.05
0 0.15390625000000002 0.4979166666666667 0.0203125 0.041666666666666664
0 0.13046875 0.5 0.0234375 0.041666666666666664
