0 0.046094 0.676042 0.079687 0.389583
0 0.196875 0.608333 0.087500 0.233333
0 0.407813 0.521875 0.059375 0.106250
0 0.363281 0.801042 0.089063 0.156250
0 0.478125 0.505208 0.034375 0.072917
0 0.495312 0.444792 0.028125 0.047917
0 0.600781 0.618750 0.079687 0.137500
0 0.581250 0.419792 0.034375 0.072917
0 0.666406 0.406250 0.045312 0.075000
0 0.728125 0.407292 0.018750 0.047917
0 0.753906 0.423958 0.026562 0.093750
0 0.797656 0.400000 0.017188 0.037500
0 0.820312 0.447917 0.031250 0.100000
0 0.872656 0.402083 0.023438 0.050000
0 0.941406 0.506250 0.054688 0.158333
0 0.974219 0.052083 0.017188 0.050000
0 0.943750 0.045833 0.015625 0.050000
0 0.925000 0.036458 0.012500 0.039583
0 0.989062 0.012500 0.012500 0.020833
0 0.967187 0.015625 0.012500 0.022917
0 0.898438 0.051042 0.021875 0.060417
0 0.882031 0.055208 0.017188 0.031250
0 0.872656 0.069792 0.014063 0.035417
0 0.852344 0.059375 0.020313 0.039583
0 0.854688 0.022917 0.021875 0.037500
0 0.835938 0.020833 0.009375 0.029167
0 0.815625 0.027083 0.012500 0.029167
0 0.824219 0.012500 0.010937 0.016667
0 0.804688 0.069792 0.012500 0.043750
0 0.829688 0.059375 0.015625 0.047917
0 0.769531 0.079167 0.014063 0.029167
0 0.748437 0.070833 0.018750 0.037500
0 0.701562 0.052083 0.009375 0.045833
0 0.723437 0.027083 0.015625 0.020833
0 0.659375 0.057292 0.015625 0.031250
0 0.647656 0.056250 0.014063 0.033333
0 0.625000 0.060417 0.012500 0.033333
0 0.620313 0.031250 0.012500 0.020833
0 0.599219 0.059375 0.014063 0.027083
0 0.578906 0.037500 0.010937 0.033333
0 0.589063 0.021875 0.018750 0.022917
0 0.553906 0.070833 0.010937 0.037500
0 0.556250 0.036458 0.012500 0.031250
0 0.532031 0.016667 0.014063 0.025000
0 0.494531 0.031250 0.010937 0.016667
0 0.493750 0.011458 0.012500 0.018750
0 0.479687 0.055208 0.015625 0.022917
0 0.493750 0.066667 0.021875 0.020833
0 0.457813 0.061458 0.015625 0.027083
0 0.442188 0.060417 0.018750 0.029167
0 0.426563 0.017708 0.012500 0.018750
0 0.404687 0.038542 0.015625 0.027083
0 0.418750 0.072917 0.018750 0.020833
0 0.360938 0.059375 0.012500 0.018750
0 0.387500 0.057292 0.015625 0.022917
0 0.358594 0.027083 0.014063 0.020833
0 0.382031 0.019792 0.010937 0.014583
0 0.324219 0.046875 0.010937 0.018750
0 0.343750 0.057292 0.012500 0.014583
0 0.321094 0.008333 0.010937 0.012500
0 0.302344 0.031250 0.014063 0.020833
0 0.287500 0.032292 0.018750 0.027083
0 0.288281 0.062500 0.020313 0.033333
0 0.263281 0.062500 0.020313 0.050000
0 0.234375 0.011458 0.015625 0.018750
0 0.050000 0.060417 0.018750 0.029167
0 0.065625 0.061458 0.015625 0.031250
0 0.082031 0.056250 0.017188 0.025000
0 0.107031 0.047917 0.020313 0.041667
0 0.083594 0.020833 0.017188 0.037500
0 0.127344 0.063542 0.014063 0.031250
0 0.024219 0.038542 0.020313 0.035417
