2 0.175000 0.287500 0.070833 0.096875
2 0.235417 0.269531 0.050000 0.070312
1 0.716667 0.218750 0.116667 0.053125
1 0.677083 0.380469 0.629167 0.207813
1 0.751042 0.258594 0.097917 0.045312
1 0.575000 0.206250 0.091667 0.059375
1 0.683333 0.160156 0.075000 0.032813
1 0.661458 0.133594 0.064583 0.026562
1 0.630208 0.108594 0.072917 0.045312
1 0.472917 0.112500 0.066667 0.043750
1 0.304167 0.150000 0.079167 0.043750
1 0.609375 0.051562 0.060417 0.031250
1 0.425000 0.057031 0.058333 0.026562
1 0.345833 0.083594 0.050000 0.035937
1 0.279167 0.195312 0.070833 0.028125
1 0.280208 0.170313 0.072917 0.018750
1 0.440625 0.150781 0.085417 0.029687
1 0.428125 0.192969 0.097917 0.020313
1 0.538542 0.868750 0.418750 0.256250
