0 0.015625 0.862353 0.009375 0.030588
0 0.021875 0.875294 0.012500 0.028235
0 0.053125 0.896471 0.021875 0.084706
0 0.089844 0.903529 0.017188 0.032941
0 0.084375 0.876471 0.012500 0.035294
1 0.113281 0.882353 0.026562 0.028235
0 0.141406 0.908235 0.020313 0.098824
0 0.164844 0.937647 0.020313 0.068235
0 0.199219 0.915294 0.007812 0.061176
0 0.219531 0.911765 0.014063 0.063529
0 0.257031 0.911765 0.010937 0.068235
0 0.292969 0.898824 0.007812 0.042353
0 0.278125 0.901176 0.009375 0.037647
0 0.318750 0.892941 0.009375 0.035294
0 0.312500 0.924706 0.009375 0.042353
0 0.367969 0.905882 0.014063 0.051765
0 0.383594 0.897647 0.014063 0.054118
0 0.417187 0.945882 0.021875 0.098824
0 0.427344 0.888235 0.017188 0.025882
0 0.483594 0.922353 0.010937 0.056471
0 0.517188 0.923529 0.009375 0.044706
1 0.514844 0.895294 0.020313 0.011765
0 0.614062 0.925882 0.015625 0.040000
0 0.664062 0.922353 0.021875 0.051765
0 0.645312 0.924706 0.015625 0.056471
1 0.660156 0.903529 0.067187 0.075294
1 0.842187 0.892941 0.012500 0.011765
1 0.790625 0.894118 0.018750 0.014118
