2 0.255469 0.681075 0.017188 0.072430
2 0.580469 0.517523 0.010937 0.039720
1 0.854688 0.566589 0.040625 0.049065
1 0.855469 0.533879 0.035937 0.035047
2 0.903125 0.448598 0.012500 0.028037
1 0.916406 0.774533 0.142187 0.170561
1 0.667188 0.504673 0.040625 0.046729
1 0.406250 0.490654 0.018750 0.028037
1 0.390625 0.474299 0.015625 0.028037
1 0.366406 0.461449 0.017188 0.021028
1 0.354687 0.454439 0.012500 0.025701
1 0.319531 0.509346 0.035937 0.056075
1 0.242969 0.452103 0.023438 0.030374
2 0.033594 0.442757 0.051562 0.058411
