1 0.701562 0.812500 0.196875 0.245833
0 0.800000 0.743750 0.015625 0.066667
0 0.822656 0.727083 0.029687 0.033333
0 0.817187 0.767708 0.031250 0.052083
0 0.853125 0.769792 0.028125 0.064583
0 0.878125 0.741667 0.031250 0.050000
0 0.921094 0.767708 0.026562 0.047917
0 0.958594 0.758333 0.042188 0.091667
1 0.480469 0.713542 0.220312 0.322917
0 0.330469 0.750000 0.035937 0.087500
1 0.335938 0.848958 0.068750 0.106250
0 0.150781 0.869792 0.129688 0.235417
1 0.129688 0.750000 0.131250 0.200000
2 0.328906 0.635417 0.010937 0.016667
2 0.580469 0.447917 0.026562 0.050000
