0 0.449000 0.834667 0.066000 0.330667
0 0.549000 0.682667 0.046000 0.197333
0 0.816000 0.720000 0.056000 0.256000
0 0.891000 0.646667 0.014000 0.072000
0 0.877000 0.650667 0.010000 0.064000
0 0.953000 0.656000 0.014000 0.069333
0 0.994000 0.644000 0.008000 0.040000
0 0.980000 0.644000 0.012000 0.056000
0 0.741000 0.629333 0.018000 0.069333
0 0.774000 0.628000 0.012000 0.061333
0 0.704000 0.618667 0.012000 0.037333
0 0.632000 0.616000 0.016000 0.042667
0 0.651000 0.617333 0.014000 0.045333
0 0.591000 0.617333 0.010000 0.056000
0 0.484000 0.617333 0.016000 0.056000
0 0.501000 0.614667 0.014000 0.056000
0 0.463000 0.612000 0.014000 0.061333
0 0.422000 0.618667 0.016000 0.058667
0 0.362000 0.605333 0.016000 0.069333
0 0.381000 0.604000 0.010000 0.061333
0 0.340000 0.609333 0.020000 0.088000
0 0.296000 0.613333 0.016000 0.074667
0 0.272000 0.625333 0.016000 0.093333
0 0.248000 0.618667 0.020000 0.090667
0 0.230000 0.606667 0.016000 0.082667
0 0.218000 0.618667 0.024000 0.101333
0 0.197000 0.601333 0.018000 0.066667
0 0.175000 0.605333 0.022000 0.096000
0 0.134000 0.612000 0.036000 0.114667
0 0.111000 0.593333 0.010000 0.077333
0 0.028000 0.605333 0.024000 0.101333
0 0.064000 0.592000 0.016000 0.074667
