0 0.891406 0.717813 0.032813 0.056437
1 0.909375 0.805996 0.181250 0.119929
0 0.689844 0.703704 0.020313 0.028219
1 0.678906 0.786596 0.210938 0.112875
1 0.610938 0.888889 0.206250 0.197531
1 0.335938 0.878307 0.253125 0.186949
1 0.391406 0.768078 0.139063 0.075838
1 0.164062 0.862434 0.078125 0.155203
1 0.045312 0.787478 0.087500 0.079365
1 0.188281 0.776014 0.164062 0.059965
1 0.033594 0.742504 0.060937 0.049383
1 0.232813 0.687831 0.346875 0.123457
0 0.290625 0.717813 0.031250 0.056437
0 0.342969 0.715168 0.026562 0.037037
0 0.203125 0.708113 0.021875 0.033510
0 0.178906 0.713404 0.020313 0.037037
0 0.196875 0.738095 0.021875 0.033510
1 0.699219 0.649912 0.517188 0.061728
