2 0.493750 0.666667 0.028125 0.083333
0 0.035156 0.802083 0.020313 0.114583
0 0.011719 0.803385 0.020313 0.106771
2 0.033594 0.144531 0.042188 0.143229
0 0.073438 0.796875 0.012500 0.083333
0 0.092188 0.795573 0.012500 0.080729
0 0.121094 0.798177 0.020313 0.080729
0 0.142969 0.792969 0.017188 0.091146
0 0.167969 0.785156 0.014063 0.085938
0 0.189062 0.778646 0.018750 0.083333
0 0.211719 0.770833 0.020313 0.067708
0 0.234375 0.757812 0.012500 0.078125
1 0.328125 0.751302 0.031250 0.044271
0 0.458594 0.812500 0.020313 0.130208
0 0.482031 0.803385 0.017188 0.143229
0 0.524219 0.792969 0.020313 0.138021
0 0.546094 0.796875 0.023438 0.135417
0 0.630469 0.796875 0.020313 0.130208
1 0.415625 0.700521 0.031250 0.057292
1 0.390625 0.684896 0.021875 0.036458
1 0.413281 0.643229 0.020313 0.031250
1 0.460938 0.622396 0.012500 0.020833
1 0.438281 0.611979 0.017188 0.020833
1 0.450781 0.592448 0.020313 0.023438
1 0.489063 0.593750 0.025000 0.041667
0 0.375781 0.636719 0.007812 0.028646
0 0.367188 0.657552 0.009375 0.028646
0 0.350000 0.680990 0.009375 0.039062
