0 0.752344 0.505855 0.120313 0.440281
0 0.854688 0.514052 0.084375 0.386417
0 0.921875 0.519906 0.059375 0.318501
0 0.973437 0.544496 0.053125 0.302108
0 0.654687 0.627635 0.053125 0.177986
0 0.592969 0.610070 0.060937 0.236534
0 0.296875 0.611241 0.046875 0.192037
0 0.266406 0.571429 0.026562 0.098361
0 0.244531 0.580796 0.029687 0.098361
0 0.221094 0.579625 0.026562 0.100703
0 0.191406 0.570258 0.017188 0.058548
0 0.171094 0.629977 0.032813 0.065574
0 0.169531 0.560890 0.020313 0.063232
0 0.135156 0.571429 0.026562 0.093677
0 0.107031 0.522248 0.020313 0.037471
0 0.078125 0.557377 0.056250 0.163934
0 0.010156 0.556206 0.017188 0.166276
0 0.028906 0.560890 0.023438 0.147541
