0 0.333594 0.946875 0.032813 0.106250
0 0.171094 0.944792 0.026562 0.110417
1 0.577344 0.954167 0.101562 0.091667
0 0.478125 0.917708 0.015625 0.064583
0 0.503125 0.907292 0.018750 0.060417
0 0.669531 0.931250 0.020313 0.087500
1 0.713281 0.919792 0.067187 0.072917
1 0.638281 0.902083 0.035937 0.045833
1 0.664844 0.886458 0.032813 0.035417
1 0.959375 0.926042 0.081250 0.093750
1 0.886719 0.929167 0.057813 0.070833
1 0.840625 0.917708 0.040625 0.081250
1 0.803125 0.918750 0.028125 0.058333
1 0.771094 0.916667 0.029687 0.066667
