1 0.261719 0.881733 0.117188 0.072600
1 0.332813 0.978923 0.112500 0.037471
0 0.361719 0.928571 0.020313 0.058548
0 0.378125 0.925059 0.012500 0.046838
0 0.371875 0.872365 0.015625 0.044496
0 0.421875 0.953162 0.012500 0.056206
0 0.403125 0.941452 0.015625 0.060890
0 0.416406 0.891101 0.017188 0.039813
1 0.164844 0.743560 0.032813 0.058548
0 0.189062 0.744731 0.015625 0.056206
0 0.217188 0.737705 0.012500 0.056206
0 0.234375 0.737705 0.015625 0.056206
0 0.161719 0.674473 0.007812 0.037471
0 0.595313 0.689696 0.009375 0.021077
0 0.581250 0.692037 0.009375 0.021077
0 0.587500 0.693208 0.009375 0.018735
0 0.535937 0.668618 0.006250 0.016393
0 0.132031 0.637002 0.007812 0.023419
0 0.138281 0.666276 0.014063 0.035129
