1 0.109375 0.475410 0.215625 0.936768
1 0.270313 0.470726 0.053125 0.163934
1 0.327344 0.489461 0.048438 0.103044
2 0.321875 0.372365 0.012500 0.032787
1 0.384375 0.464871 0.078125 0.119438
1 0.442188 0.464871 0.028125 0.072600
1 0.465625 0.462529 0.031250 0.053864
2 0.505469 0.197892 0.042188 0.105386
2 0.582812 0.189696 0.062500 0.079625
2 0.597656 0.291569 0.032813 0.072600
0 0.529687 0.400468 0.043750 0.060890
0 0.503906 0.375878 0.023438 0.049180
0 0.580469 0.374707 0.054688 0.103044
0 0.676562 0.401639 0.043750 0.096019
0 0.742188 0.406323 0.068750 0.170960
0 0.806250 0.444965 0.015625 0.046838
0 0.828125 0.461358 0.018750 0.070258
0 0.849219 0.428571 0.010937 0.032787
0 0.861719 0.453162 0.017188 0.049180
0 0.941406 0.519906 0.117188 0.496487
