2 0.546729 0.421094 0.046729 0.064062
2 0.026869 0.656250 0.021028 0.025000
2 0.051402 0.657031 0.023364 0.039062
1 0.297897 0.864844 0.586449 0.270313
1 0.422897 0.789844 0.093458 0.032813
1 0.674065 0.789844 0.123832 0.048438
1 0.765187 0.792188 0.058411 0.021875
1 0.892523 0.787500 0.042056 0.015625
1 0.966121 0.785937 0.044393 0.028125
2 0.959112 0.692187 0.016355 0.012500
2 0.725467 0.699219 0.021028 0.032813
2 0.447430 0.703906 0.011682 0.023438
2 0.400701 0.696875 0.021028 0.021875
2 0.294393 0.683594 0.018692 0.020313
2 0.239486 0.682031 0.016355 0.017188
2 0.106308 0.665625 0.011682 0.015625
2 0.164720 0.672656 0.007009 0.023438
