0 0.943750 0.604460 0.028125 0.035211
0 0.961719 0.632629 0.017188 0.030516
0 0.968750 0.546948 0.015625 0.018779
0 0.762500 0.726526 0.093750 0.410798
0 0.860938 0.761737 0.050000 0.133803
0 0.839844 0.660798 0.039062 0.077465
0 0.950781 0.793427 0.057813 0.159624
0 0.651563 0.638498 0.059375 0.187793
0 0.560156 0.697183 0.095312 0.323944
0 0.445312 0.696009 0.046875 0.194836
0 0.482031 0.612676 0.026562 0.075117
0 0.379688 0.671362 0.075000 0.201878
0 0.296875 0.832160 0.128125 0.288732
0 0.160938 0.829812 0.109375 0.321596
0 0.042969 0.915493 0.070312 0.140845
0 0.038281 0.746479 0.073438 0.178404
0 0.100000 0.841549 0.046875 0.260563
0 0.442969 0.467136 0.010937 0.037559
0 0.417969 0.465962 0.010937 0.030516
0 0.406250 0.473005 0.012500 0.030516
0 0.398438 0.476526 0.012500 0.032864
0 0.375000 0.471831 0.012500 0.032864
0 0.361719 0.477700 0.010937 0.039906
1 0.868750 0.420188 0.062500 0.032864
1 0.982031 0.402582 0.029687 0.035211
1 0.911719 0.397887 0.032813 0.044601
1 0.685937 0.474178 0.050000 0.046948
1 0.577344 0.451878 0.042188 0.044601
