2 0.422656 0.387949 0.039062 0.099366
1 0.159375 0.772727 0.118750 0.086681
1 0.251563 0.770613 0.059375 0.057082
1 0.308594 0.765328 0.042188 0.046512
1 0.361719 0.763214 0.051562 0.042283
1 0.458594 0.732558 0.110937 0.090909
0 0.464062 0.757928 0.018750 0.061311
0 0.493750 0.756871 0.021875 0.059197
1 0.637500 0.719873 0.028125 0.044397
1 0.563281 0.743129 0.026562 0.023256
1 0.598437 0.738901 0.012500 0.019027
1 0.612500 0.738901 0.021875 0.035941
1 0.692187 0.731501 0.025000 0.025370
1 0.721875 0.728330 0.021875 0.027484
2 0.935937 0.641649 0.065625 0.082452
