2 0.421094 0.547917 0.017188 0.066667
2 0.257031 0.593750 0.017188 0.075000
2 0.153125 0.625000 0.031250 0.075000
2 0.110156 0.631250 0.020313 0.062500
2 0.018750 0.634375 0.012500 0.060417
2 0.102344 0.707292 0.017188 0.039583
2 0.157812 0.703125 0.015625 0.031250
2 0.219531 0.690625 0.017188 0.043750
2 0.321094 0.678125 0.017188 0.047917
2 0.415625 0.657292 0.015625 0.052083
2 0.569531 0.612500 0.014063 0.058333
1 0.224219 0.841667 0.210938 0.112500
1 0.381250 0.831250 0.118750 0.083333
1 0.459375 0.845833 0.062500 0.075000
1 0.896875 0.827083 0.125000 0.083333
1 0.793750 0.830208 0.087500 0.072917
1 0.981250 0.826042 0.037500 0.064583
2 0.320312 0.135417 0.137500 0.087500
