0 0.023438 0.591335 0.040625 0.264637
0 0.080469 0.578454 0.023438 0.220141
0 0.109375 0.530445 0.031250 0.147541
0 0.139844 0.649883 0.039062 0.423888
0 0.193750 0.668618 0.065625 0.526932
0 0.234375 0.492974 0.018750 0.110070
0 0.257031 0.490632 0.023438 0.110070
0 0.308594 0.683841 0.089063 0.548009
0 0.330469 0.470726 0.017188 0.046838
0 0.378906 0.530445 0.017188 0.147541
0 0.353125 0.490632 0.021875 0.058548
0 0.438281 0.599532 0.051562 0.318501
0 0.484375 0.581967 0.034375 0.250585
0 0.505469 0.477752 0.010937 0.037471
0 0.517188 0.586651 0.025000 0.231850
0 0.542969 0.613583 0.032813 0.341920
0 0.594531 0.639344 0.067187 0.388759
0 0.647656 0.556206 0.054688 0.269321
0 0.726562 0.606557 0.053125 0.313817
0 0.782813 0.656909 0.062500 0.503513
0 0.814844 0.466042 0.017188 0.070258
0 0.864062 0.651054 0.087500 0.533958
0 0.957812 0.659251 0.084375 0.480094
