2 0.697000 0.361919 0.038000 0.101744
2 0.647000 0.373547 0.038000 0.090116
0 0.886000 0.815407 0.028000 0.125000
0 0.911000 0.789244 0.022000 0.125000
1 0.716000 0.789244 0.056000 0.043605
1 0.771000 0.784884 0.050000 0.046512
1 0.831000 0.784884 0.046000 0.046512
1 0.541000 0.806686 0.146000 0.136628
1 0.563000 0.683140 0.098000 0.087209
2 0.509000 0.630814 0.018000 0.040698
1 0.415000 0.789244 0.050000 0.061047
1 0.369000 0.783430 0.034000 0.049419
1 0.316000 0.783430 0.068000 0.090116
1 0.124000 0.792151 0.160000 0.130814
2 0.305000 0.566860 0.022000 0.058140
2 0.359000 0.616279 0.014000 0.040698
2 0.302000 0.619186 0.020000 0.023256
2 0.283000 0.622093 0.018000 0.023256
