0 0.059375 0.696379 0.103125 0.423398
0 0.018750 0.466574 0.031250 0.047354
0 0.020313 0.383008 0.028125 0.125348
0 0.041406 0.383008 0.032813 0.142061
0 0.077344 0.348189 0.017188 0.061281
0 0.088281 0.413649 0.026562 0.175487
0 0.128906 0.420613 0.026562 0.144847
0 0.160938 0.424791 0.028125 0.164345
0 0.191406 0.427577 0.029687 0.153203
0 0.232031 0.441504 0.029687 0.164345
0 0.260156 0.458217 0.023438 0.169916
0 0.281250 0.427577 0.018750 0.147632
0 0.300781 0.463788 0.020313 0.142061
0 0.310937 0.377437 0.009375 0.041783
0 0.339844 0.431755 0.017188 0.055710
0 0.378125 0.426184 0.018750 0.072423
0 0.408594 0.415042 0.017188 0.066852
1 0.528125 0.565460 0.390625 0.350975
0 0.600781 0.803621 0.123438 0.359331
0 0.837500 0.848189 0.112500 0.264624
0 0.287500 0.828691 0.140625 0.342618
0 0.282813 0.603064 0.071875 0.103064
0 0.807813 0.603064 0.034375 0.247911
0 0.890625 0.611421 0.034375 0.147632
0 0.942969 0.637883 0.026562 0.267409
0 0.989844 0.704735 0.020313 0.228412
0 0.764062 0.547354 0.018750 0.158774
0 0.747656 0.536212 0.023438 0.169916
0 0.714063 0.470752 0.015625 0.038997
0 0.688281 0.476323 0.010937 0.033426
0 0.652344 0.456825 0.014063 0.038997
0 0.617188 0.452646 0.015625 0.036212
