2 0.896875 0.217799 0.068750 0.187354
2 0.905469 0.378220 0.042188 0.096019
2 0.655469 0.481265 0.023438 0.091335
2 0.392969 0.551522 0.023438 0.072600
2 0.153125 0.531616 0.021875 0.084309
1 0.031250 0.731850 0.050000 0.067916
1 0.113281 0.724824 0.095312 0.067916
1 0.217969 0.701405 0.057813 0.058548
1 0.478125 0.685012 0.128125 0.091335
1 0.628906 0.687354 0.092188 0.077283
1 0.696094 0.681499 0.045312 0.065574
1 0.771875 0.631148 0.053125 0.067916
1 0.857812 0.647541 0.050000 0.067916
1 0.826562 0.577283 0.034375 0.039813
1 0.740625 0.566745 0.043750 0.056206
