2 0.094626 0.353906 0.016355 0.035937
2 0.112150 0.360156 0.014019 0.029687
2 0.178738 0.361719 0.016355 0.023438
1 0.029206 0.440625 0.053738 0.121875
1 0.137850 0.445312 0.135514 0.084375
1 0.237150 0.410938 0.072430 0.056250
2 0.316589 0.366406 0.011682 0.020313
2 0.296729 0.367969 0.004673 0.023438
1 0.377336 0.371094 0.025701 0.014063
0 0.303738 0.448437 0.065421 0.109375
0 0.390187 0.435937 0.079439 0.093750
0 0.526869 0.430469 0.151869 0.114062
0 0.723131 0.447656 0.123832 0.126562
1 0.906542 0.539844 0.186916 0.185938
