0 0.109375 0.655242 0.028125 0.254032
0 0.075000 0.651210 0.025000 0.221774
0 0.035937 0.661290 0.028125 0.177419
0 0.153125 0.681452 0.028125 0.258065
0 0.207813 0.667339 0.037500 0.286290
0 0.191406 0.530242 0.017188 0.068548
0 0.228906 0.542339 0.017188 0.084677
0 0.262500 0.667339 0.028125 0.286290
1 0.082812 0.548387 0.150000 0.274194
2 0.080469 0.358871 0.042188 0.112903
2 0.024219 0.344758 0.035937 0.100806
0 0.292187 0.606855 0.018750 0.229839
0 0.323437 0.659274 0.031250 0.310484
0 0.342969 0.594758 0.020313 0.165323
0 0.370312 0.548387 0.028125 0.112903
0 0.394531 0.747984 0.057813 0.399194
0 0.464844 0.479839 0.042188 0.169355
1 0.424219 0.560484 0.054688 0.145161
0 0.564063 0.475806 0.046875 0.153226
0 0.664062 0.491935 0.037500 0.129032
0 0.740625 0.491935 0.034375 0.145161
0 0.826562 0.495968 0.031250 0.145161
0 0.873437 0.493952 0.034375 0.084677
0 0.867188 0.741935 0.050000 0.314516
0 0.917969 0.705645 0.032813 0.298387
0 0.976562 0.681452 0.031250 0.282258
0 0.951562 0.671371 0.021875 0.173387
1 0.906250 0.552419 0.187500 0.233871
2 0.827344 0.159274 0.014063 0.076613
