2 0.324219 0.236407 0.026562 0.085106
2 0.496094 0.235225 0.023438 0.078014
2 0.433594 0.290780 0.020313 0.061466
2 0.571875 0.309693 0.021875 0.056738
2 0.947656 0.437352 0.020313 0.066194
2 0.928906 0.437352 0.014063 0.070922
2 0.885156 0.483452 0.014063 0.044917
2 0.869531 0.484634 0.010937 0.047281
1 0.793750 0.589835 0.065625 0.078014
1 0.866406 0.594563 0.026562 0.059102
1 0.892969 0.595745 0.032813 0.061466
1 0.971094 0.602837 0.057813 0.075650
2 0.884375 0.526005 0.015625 0.030733
1 0.637500 0.581560 0.040625 0.042553
1 0.571875 0.552009 0.053125 0.101655
1 0.494531 0.539007 0.117188 0.118203
1 0.379688 0.548463 0.087500 0.061466
1 0.264844 0.557920 0.039062 0.056738
1 0.296094 0.555556 0.020313 0.028369
1 0.161719 0.550827 0.032813 0.047281
1 0.197656 0.547281 0.020313 0.044917
1 0.027344 0.485816 0.051562 0.186761
