0 0.022656 0.452083 0.029687 0.070833
0 0.014063 0.553125 0.025000 0.156250
0 0.053125 0.540625 0.031250 0.106250
0 0.053906 0.444792 0.023438 0.060417
0 0.079687 0.451042 0.021875 0.060417
0 0.109375 0.543750 0.037500 0.104167
0 0.125781 0.454167 0.029687 0.079167
0 0.162500 0.514583 0.037500 0.158333
0 0.213281 0.539583 0.039062 0.120833
0 0.207813 0.465625 0.028125 0.052083
0 0.274219 0.548958 0.039062 0.102083
0 0.383594 0.445833 0.017188 0.029167
0 0.433594 0.453125 0.010937 0.022917
0 0.411719 0.443750 0.017188 0.025000
0 0.203125 0.116667 0.034375 0.083333
0 0.163281 0.111458 0.032813 0.118750
0 0.255469 0.098958 0.026562 0.085417
0 0.324219 0.122917 0.014063 0.050000
0 0.351562 0.145833 0.021875 0.037500
0 0.392969 0.190625 0.026562 0.089583
0 0.574219 0.406250 0.042188 0.108333
0 0.617969 0.395833 0.032813 0.054167
0 0.619531 0.558333 0.039062 0.283333
0 0.661719 0.427083 0.026562 0.100000
0 0.775781 0.504167 0.023438 0.083333
0 0.898438 0.482292 0.018750 0.039583
0 0.922656 0.487500 0.023438 0.045833
0 0.950000 0.489583 0.018750 0.058333
0 0.981250 0.491667 0.021875 0.050000
0 0.950000 0.767708 0.100000 0.439583
