2 0.409375 0.145882 0.021875 0.065882
2 0.580469 0.240000 0.017188 0.042353
2 0.775781 0.264706 0.035937 0.044706
2 0.821094 0.218824 0.020313 0.032941
2 0.917188 0.240000 0.050000 0.080000
2 0.861719 0.032941 0.029687 0.061176
2 0.035937 0.291765 0.015625 0.037647
2 0.018750 0.301176 0.009375 0.028235
2 0.115625 0.020000 0.025000 0.030588
2 0.066406 0.294118 0.007812 0.028235
2 0.085938 0.294118 0.012500 0.018824
2 0.110937 0.301176 0.009375 0.018824
2 0.121094 0.310588 0.007812 0.023529
2 0.164844 0.308235 0.007812 0.023529
2 0.225781 0.296471 0.014063 0.032941
1 0.096094 0.398824 0.032813 0.021176
1 0.055469 0.395294 0.029687 0.028235
0 0.019531 0.382353 0.020313 0.134118
1 0.085156 0.338824 0.014063 0.023529
1 0.054688 0.349412 0.015625 0.016471
1 0.099219 0.340000 0.007812 0.016471
0 0.202344 0.355294 0.054688 0.089412
0 0.312500 0.332941 0.050000 0.077647
0 0.411719 0.327059 0.035937 0.070588
0 0.444531 0.315294 0.026562 0.070588
0 0.467187 0.327059 0.018750 0.042353
0 0.510156 0.336471 0.032813 0.047059
0 0.543750 0.337647 0.065625 0.087059
0 0.582031 0.318824 0.010937 0.021176
0 0.595313 0.323529 0.015625 0.025882
0 0.632031 0.322353 0.051562 0.094118
0 0.686719 0.320000 0.039062 0.056471
0 0.733594 0.328235 0.039062 0.063529
0 0.759375 0.329412 0.012500 0.028235
0 0.772656 0.317647 0.014063 0.023529
0 0.798438 0.322353 0.018750 0.023529
0 0.807031 0.350588 0.017188 0.018824
0 0.827344 0.338824 0.007812 0.018824
0 0.813281 0.316471 0.017188 0.021176
0 0.856250 0.336471 0.018750 0.023529
0 0.885938 0.332941 0.012500 0.021176
0 0.902344 0.337647 0.014063 0.030588
0 0.914844 0.338824 0.017188 0.037647
0 0.932031 0.340000 0.014063 0.025882
0 0.987500 0.341176 0.015625 0.032941
0 0.956250 0.344706 0.025000 0.030588
0 0.973437 0.348235 0.025000 0.051765
1 0.753906 0.554118 0.092188 0.214118
1 0.658594 0.592941 0.092188 0.174118
1 0.546094 0.723529 0.154688 0.336471
1 0.412500 0.576471 0.100000 0.183529
1 0.305469 0.636471 0.114062 0.251765
1 0.173437 0.736471 0.159375 0.338824
