0 0.627344 0.836458 0.067187 0.297917
0 0.682813 0.743750 0.053125 0.112500
0 0.819531 0.772917 0.045312 0.191667
0 0.771875 0.763542 0.043750 0.127083
0 0.840625 0.740625 0.031250 0.056250
0 0.575000 0.731250 0.031250 0.075000
0 0.544531 0.765625 0.045312 0.127083
0 0.510938 0.787500 0.037500 0.133333
0 0.464062 0.770833 0.059375 0.162500
0 0.418750 0.769792 0.034375 0.056250
0 0.319531 0.802083 0.035937 0.133333
0 0.282813 0.808333 0.040625 0.141667
0 0.248438 0.803125 0.031250 0.127083
0 0.144531 0.844792 0.064062 0.185417
0 0.192969 0.775000 0.029687 0.095833
0 0.215625 0.788542 0.031250 0.072917
0 0.075781 0.808333 0.026562 0.150000
0 0.097656 0.791667 0.042188 0.133333
