0 0.035937 0.404167 0.065625 0.187500
0 0.035937 0.738542 0.068750 0.497917
0 0.307812 0.380208 0.028125 0.106250
0 0.254688 0.394792 0.018750 0.114583
0 0.383594 0.602083 0.114062 0.670833
1 0.517969 0.383333 0.132812 0.216667
0 0.787500 0.379167 0.018750 0.095833
0 0.773438 0.380208 0.015625 0.081250
0 0.688281 0.367708 0.017188 0.081250
0 0.675000 0.369792 0.012500 0.052083
0 0.663281 0.363542 0.010937 0.060417
0 0.628125 0.363542 0.018750 0.056250
0 0.828906 0.388542 0.014063 0.081250
0 0.849219 0.381250 0.020313 0.087500
0 0.873437 0.382292 0.021875 0.077083
0 0.913281 0.390625 0.023438 0.102083
0 0.949219 0.397917 0.020313 0.108333
0 0.971094 0.392708 0.029687 0.102083
0 0.993750 0.386458 0.012500 0.110417
