0 0.953125 0.495833 0.037500 0.066667
0 0.937500 0.406250 0.034375 0.070833
0 0.870313 0.513542 0.059375 0.077083
0 0.802344 0.609375 0.082812 0.131250
0 0.701562 0.547917 0.046875 0.087500
0 0.758594 0.487500 0.045312 0.066667
0 0.640625 0.629167 0.059375 0.112500
0 0.585938 0.922917 0.121875 0.141667
0 0.257031 0.871875 0.126562 0.218750
0 0.052344 0.877083 0.101562 0.220833
0 0.240625 0.636458 0.078125 0.185417
0 0.292969 0.587500 0.023438 0.062500
0 0.343750 0.566667 0.043750 0.079167
0 0.472656 0.528125 0.045312 0.085417
0 0.530469 0.511458 0.042188 0.072917
0 0.564063 0.485417 0.034375 0.066667
0 0.503125 0.479167 0.015625 0.029167
0 0.473438 0.468750 0.028125 0.037500
0 0.436719 0.469792 0.029687 0.043750
0 0.360938 0.502083 0.040625 0.037500
0 0.322656 0.488542 0.032813 0.060417
0 0.312500 0.446875 0.025000 0.031250
0 0.374219 0.451042 0.029687 0.035417
0 0.368750 0.411458 0.025000 0.043750
0 0.056250 0.553125 0.059375 0.081250
0 0.038281 0.502083 0.035937 0.045833
0 0.079687 0.481250 0.028125 0.050000
0 0.116406 0.544792 0.042188 0.068750
0 0.139063 0.517708 0.034375 0.043750
0 0.150000 0.485417 0.031250 0.037500
0 0.211719 0.462500 0.026562 0.050000
0 0.106250 0.457292 0.021875 0.039583
0 0.086719 0.428125 0.023438 0.027083
0 0.019531 0.441667 0.020313 0.037500
0 0.187500 0.456250 0.018750 0.041667
0 0.252344 0.442708 0.020313 0.035417
0 0.281250 0.466667 0.028125 0.041667
0 0.400781 0.405208 0.014063 0.022917
0 0.418750 0.402083 0.018750 0.025000
0 0.492188 0.385417 0.018750 0.025000
0 0.517188 0.400000 0.021875 0.029167
0 0.546875 0.398958 0.028125 0.043750
0 0.573438 0.398958 0.028125 0.043750
0 0.604688 0.392708 0.015625 0.027083
0 0.626563 0.392708 0.031250 0.043750
0 0.675000 0.393750 0.025000 0.033333
0 0.640625 0.467708 0.037500 0.047917
0 0.753906 0.481250 0.045312 0.070833
1 0.423438 0.401042 0.165625 0.068750
1 0.251563 0.403125 0.146875 0.060417
