0 0.129688 0.685996 0.143750 0.597374
0 0.171875 0.365427 0.068750 0.126915
0 0.087500 0.310722 0.062500 0.126915
0 0.032031 0.306346 0.020313 0.074398
0 0.264844 0.378556 0.032813 0.083151
0 0.335156 0.632385 0.095312 0.665208
0 0.410156 0.411379 0.039062 0.113786
0 0.399219 0.338074 0.020313 0.037199
0 0.450781 0.347921 0.023438 0.065646
0 0.479687 0.502188 0.034375 0.361050
0 0.529687 0.522976 0.053125 0.332604
0 0.570312 0.433260 0.025000 0.140044
0 0.596094 0.380744 0.010937 0.043764
0 0.618750 0.530635 0.053125 0.321663
0 0.622656 0.479212 0.026562 0.087527
0 0.672656 0.393873 0.032813 0.100656
0 0.683594 0.525164 0.029687 0.170678
0 0.689063 0.408096 0.021875 0.063457
0 0.720313 0.386214 0.018750 0.050328
0 0.743750 0.521882 0.046875 0.326039
0 0.783594 0.525164 0.054688 0.328228
0 0.797656 0.378556 0.026562 0.030635
1 0.909375 0.514223 0.181250 0.310722
2 0.509375 0.090810 0.059375 0.111597
