1 0.789844 0.812849 0.264062 0.234637
2 0.796875 0.396648 0.028125 0.094972
2 0.950000 0.340782 0.034375 0.094972
2 0.139063 0.536313 0.018750 0.072626
2 0.282031 0.582402 0.023438 0.064246
2 0.361719 0.750000 0.032813 0.092179
1 0.260937 0.905028 0.081250 0.061453
1 0.200781 0.870112 0.057813 0.081006
1 0.131250 0.851955 0.034375 0.044693
1 0.157812 0.867318 0.031250 0.053073
1 0.089063 0.844972 0.034375 0.053073
1 0.040625 0.836592 0.037500 0.053073
1 0.946094 0.836592 0.045312 0.064246
1 0.978906 0.831006 0.020313 0.053073
