1 0.365000 0.530030 0.686000 0.195195
0 0.182000 0.605105 0.028000 0.153153
0 0.203000 0.584084 0.014000 0.111111
0 0.227000 0.578078 0.026000 0.105105
0 0.254000 0.578078 0.020000 0.117117
2 0.264000 0.436937 0.016000 0.039039
2 0.307000 0.442943 0.018000 0.027027
2 0.288000 0.480480 0.024000 0.054054
1 0.515000 0.624625 0.114000 0.126126
1 0.670000 0.650150 0.176000 0.147147
0 0.735000 0.596096 0.022000 0.075075
0 0.777000 0.620120 0.022000 0.117117
2 0.697000 0.498498 0.014000 0.030030
2 0.709000 0.521021 0.014000 0.027027
2 0.728000 0.506006 0.016000 0.027027
1 0.885000 0.807808 0.230000 0.336336
