0 0.151042 0.700000 0.177083 0.571875
0 0.601042 0.628906 0.077083 0.235937
0 0.680208 0.628906 0.077083 0.254688
0 0.753125 0.703906 0.068750 0.167187
0 0.893750 0.717187 0.100000 0.221875
0 0.762500 0.584375 0.050000 0.053125
0 0.802083 0.578906 0.029167 0.054688
0 0.844792 0.565625 0.072917 0.046875
0 0.963542 0.567187 0.047917 0.046875
0 0.976042 0.678125 0.047917 0.371875
0 0.793750 0.478125 0.029167 0.037500
0 0.422917 0.463281 0.045833 0.073438
0 0.391667 0.491406 0.041667 0.048438
0 0.342708 0.447656 0.035417 0.032813
0 0.379167 0.439844 0.041667 0.035937
0 0.295833 0.449219 0.025000 0.057813
0 0.278125 0.423438 0.031250 0.031250
0 0.313542 0.406250 0.022917 0.025000
0 0.209375 0.404687 0.027083 0.021875
0 0.541667 0.386719 0.054167 0.101562
0 0.503125 0.476562 0.039583 0.040625
0 0.554167 0.480469 0.025000 0.032813
0 0.210417 0.439063 0.020833 0.031250
0 0.763542 0.415625 0.022917 0.043750
0 0.791667 0.417969 0.025000 0.032813
0 0.894792 0.418750 0.027083 0.028125
0 0.913542 0.477344 0.039583 0.039062
0 0.834375 0.464844 0.027083 0.035937
0 0.868750 0.442969 0.033333 0.032813
0 0.903125 0.950000 0.143750 0.100000
