0 0.850000 0.628631 0.275000 0.676349
0 0.589063 0.627593 0.056250 0.197095
0 0.461719 0.589212 0.035937 0.124481
0 0.431250 0.593361 0.025000 0.136929
0 0.396094 0.592324 0.032813 0.139004
0 0.350781 0.586100 0.026562 0.089212
2 0.405469 0.412863 0.026562 0.087137
1 0.296094 0.585062 0.051562 0.066390
1 0.168750 0.590249 0.059375 0.080913
1 0.215625 0.586100 0.028125 0.064315
1 0.262500 0.571577 0.015625 0.031120
2 0.113281 0.415975 0.020313 0.085062
2 0.062500 0.414938 0.028125 0.107884
2 0.030469 0.408714 0.032813 0.103734
0 0.076563 0.582988 0.021875 0.078838
