1 0.045312 0.483914 0.015625 0.034853
1 0.054688 0.451743 0.021875 0.029491
1 0.065625 0.422252 0.018750 0.029491
1 0.071094 0.398123 0.020313 0.018767
1 0.084375 0.613941 0.015625 0.032172
1 0.089063 0.733244 0.025000 0.050938
1 0.122656 0.894102 0.017188 0.034853
1 0.132812 0.939678 0.025000 0.034853
1 0.144531 0.979893 0.023438 0.040214
1 0.507031 0.918231 0.029687 0.040214
1 0.541406 0.916890 0.032813 0.032172
1 0.562500 0.941019 0.034375 0.026810
1 0.549219 0.977212 0.042188 0.024129
1 0.600781 0.957105 0.026562 0.032172
1 0.640625 0.934316 0.040625 0.018767
1 0.639062 0.900804 0.043750 0.021448
1 0.610156 0.868633 0.023438 0.037534
1 0.642969 0.869973 0.035937 0.040214
1 0.687500 0.920912 0.046875 0.045576
1 0.742969 0.815013 0.029687 0.021448
1 0.769531 0.798928 0.023438 0.032172
1 0.800000 0.788204 0.034375 0.026810
1 0.853906 0.769437 0.048438 0.037534
1 0.903125 0.747989 0.025000 0.032172
1 0.928125 0.741287 0.025000 0.024129
