1 0.920312 0.955479 0.068750 0.057078
1 0.880469 0.914384 0.070312 0.047945
0 0.729688 0.915525 0.021875 0.054795
0 0.616406 0.986301 0.014063 0.022831
2 0.571875 0.966895 0.021875 0.066210
2 0.456250 0.924658 0.015625 0.036530
2 0.328125 0.932648 0.015625 0.066210
1 0.314844 0.954338 0.092188 0.082192
2 0.202344 0.957763 0.017188 0.047945
2 0.224219 0.961187 0.020313 0.045662
2 0.232031 0.912100 0.020313 0.047945
1 0.173437 0.872146 0.075000 0.068493
1 0.205469 0.812785 0.117188 0.155251
0 0.274219 0.828767 0.017188 0.050228
0 0.024219 0.821918 0.020313 0.054795
1 0.060156 0.673516 0.060937 0.114155
1 0.014063 0.625571 0.025000 0.082192
0 0.111719 0.688356 0.010937 0.043379
0 0.122656 0.686073 0.010937 0.038813
