0 0.398438 0.271127 0.134375 0.464789
0 0.067969 0.508803 0.029687 0.123239
0 0.037500 0.498239 0.021875 0.109155
0 0.010937 0.501761 0.018750 0.130282
0 0.100000 0.455986 0.015625 0.052817
0 0.108594 0.496479 0.026562 0.077465
0 0.137500 0.487676 0.031250 0.080986
0 0.188281 0.487676 0.020313 0.080986
0 0.170313 0.464789 0.028125 0.077465
0 0.242969 0.491197 0.026562 0.080986
0 0.279687 0.480634 0.025000 0.073944
0 0.318750 0.470070 0.028125 0.073944
0 0.351562 0.445423 0.021875 0.095070
0 0.384375 0.443662 0.018750 0.070423
0 0.487500 0.431338 0.028125 0.095070
0 0.543750 0.461268 0.018750 0.042254
0 0.572656 0.448944 0.026562 0.052817
0 0.597656 0.411972 0.023438 0.077465
0 0.642969 0.436620 0.023438 0.077465
0 0.673438 0.515845 0.040625 0.186620
0 0.686719 0.410211 0.014063 0.073944
0 0.724219 0.473592 0.029687 0.102113
0 0.784375 0.711268 0.081250 0.535211
0 0.853906 0.771127 0.057813 0.274648
0 0.931250 0.758803 0.068750 0.285211
0 0.977344 0.591549 0.045312 0.401408
0 0.903125 0.492958 0.053125 0.232394
0 0.874219 0.436620 0.020313 0.070423
0 0.804688 0.454225 0.021875 0.119718
