2 0.727651 0.186719 0.274428 0.364063
2 0.427235 0.135156 0.251559 0.235937
2 0.433472 0.440625 0.293139 0.143750
2 0.537422 0.810156 0.230769 0.335938
2 0.781705 0.682031 0.103950 0.110937
2 0.830561 0.771094 0.122661 0.054688
1 0.769231 0.952344 0.128898 0.060937
0 0.893971 0.921094 0.029106 0.023438
2 0.144491 0.826562 0.035343 0.071875
2 0.100832 0.834375 0.022869 0.056250
2 0.062370 0.841406 0.037422 0.048438
0 0.045738 0.942969 0.062370 0.101562
0 0.112266 0.943750 0.037422 0.078125
0 0.167360 0.932813 0.031185 0.056250
0 0.276507 0.917969 0.058212 0.054688
0 0.346154 0.905469 0.039501 0.048438
0 0.404366 0.949219 0.051975 0.082812
0 0.204782 0.925000 0.014553 0.018750
