0 0.660937 0.610417 0.062500 0.412500
0 0.731250 0.563542 0.040625 0.197917
0 0.798438 0.644792 0.071875 0.156250
0 0.587500 0.577083 0.065625 0.291667
0 0.484375 0.572917 0.053125 0.279167
0 0.536719 0.539583 0.029687 0.129167
0 0.430469 0.541667 0.017188 0.170833
0 0.448437 0.500000 0.021875 0.075000
0 0.376563 0.533333 0.018750 0.154167
0 0.400781 0.536458 0.026562 0.177083
0 0.346875 0.539583 0.046875 0.175000
0 0.315625 0.527083 0.018750 0.158333
0 0.291406 0.526042 0.029687 0.152083
0 0.264844 0.531250 0.032813 0.175000
0 0.217969 0.535417 0.035937 0.179167
0 0.182031 0.529167 0.026562 0.145833
0 0.139063 0.528125 0.043750 0.172917
0 0.055469 0.595833 0.070312 0.400000
0 0.101562 0.558333 0.043750 0.275000
