0 0.407813 0.448235 0.106250 0.350588
0 0.517969 0.344706 0.057813 0.152941
0 0.469531 0.243529 0.014063 0.035294
0 0.489063 0.242353 0.012500 0.032941
0 0.521094 0.244706 0.017188 0.037647
0 0.558594 0.225882 0.023438 0.065882
0 0.575000 0.214118 0.018750 0.080000
0 0.592187 0.288235 0.028125 0.040000
0 0.625000 0.401176 0.065625 0.138824
0 0.671094 0.310588 0.039062 0.117647
0 0.740625 0.337647 0.034375 0.096471
0 0.714063 0.284706 0.021875 0.051765
0 0.793750 0.404706 0.040625 0.216471
0 0.843750 0.375294 0.046875 0.120000
0 0.908594 0.303529 0.026562 0.047059
0 0.889844 0.284706 0.010937 0.047059
0 0.790625 0.231765 0.018750 0.025882
0 0.824219 0.245882 0.020313 0.035294
