2 0.715144 0.252000 0.108173 0.196000
2 0.776442 0.284000 0.048077 0.132000
2 0.828125 0.290000 0.050481 0.132000
2 0.751202 0.366000 0.127404 0.048000
2 0.862981 0.434000 0.105769 0.172000
2 0.953125 0.521000 0.093750 0.178000
2 0.825721 0.660000 0.112981 0.192000
2 0.941106 0.759000 0.093750 0.186000
2 0.719952 0.723000 0.132212 0.146000
2 0.664663 0.833000 0.165865 0.106000
2 0.698317 0.468000 0.108173 0.216000
2 0.794471 0.478000 0.074519 0.152000
2 0.549279 0.429000 0.103365 0.214000
2 0.605769 0.229000 0.110577 0.162000
2 0.552885 0.177000 0.100962 0.250000
2 0.436298 0.154000 0.093750 0.112000
2 0.294471 0.159000 0.074519 0.138000
2 0.372596 0.278000 0.115385 0.208000
2 0.394231 0.427000 0.076923 0.174000
2 0.467548 0.456000 0.093750 0.192000
2 0.229567 0.370000 0.108173 0.216000
2 0.144231 0.414000 0.091346 0.148000
2 0.308894 0.501000 0.069712 0.078000
2 0.145433 0.591000 0.069712 0.174000
2 0.092548 0.661000 0.069712 0.150000
2 0.192308 0.703000 0.091346 0.238000
2 0.326923 0.655000 0.096154 0.218000
2 0.413462 0.760000 0.115385 0.092000
2 0.256010 0.859000 0.064904 0.078000
2 0.400240 0.850000 0.098558 0.108000
