0 0.067708 0.622656 0.114583 0.342187
0 0.314583 0.592969 0.154167 0.298438
0 0.170833 0.321875 0.091667 0.143750
0 0.053125 0.282813 0.081250 0.184375
0 0.137500 0.106250 0.075000 0.137500
0 0.254167 0.110156 0.058333 0.117188
0 0.220833 0.032031 0.029167 0.057813
0 0.070833 0.035937 0.033333 0.065625
0 0.780208 0.096875 0.060417 0.109375
0 0.911458 0.196875 0.093750 0.146875
0 0.939583 0.033594 0.041667 0.060937
0 0.985417 0.047656 0.029167 0.073438
0 0.939583 0.407813 0.083333 0.206250
0 0.840625 0.483594 0.064583 0.139063
0 0.746875 0.451562 0.089583 0.243750
0 0.665625 0.487500 0.114583 0.253125
0 0.564583 0.532813 0.112500 0.225000
0 0.510417 0.382812 0.116667 0.096875
