0 0.048828 0.041406 0.066406 0.073438
0 0.113281 0.017969 0.039062 0.026562
0 0.104492 0.069531 0.080078 0.079687
0 0.164062 0.073438 0.031250 0.028125
0 0.208984 0.100000 0.054688 0.068750
0 0.288086 0.078906 0.048828 0.051562
0 0.325195 0.071875 0.033203 0.037500
0 0.314453 0.028906 0.062500 0.029687
0 0.438477 0.025781 0.056641 0.029687
0 0.430664 0.080469 0.052734 0.064062
0 0.486328 0.053125 0.039062 0.028125
0 0.481445 0.102344 0.068359 0.070312
0 0.543945 0.078125 0.048828 0.028125
0 0.271484 0.169531 0.046875 0.076563
0 0.313477 0.136719 0.048828 0.051562
0 0.364258 0.137500 0.048828 0.046875
0 0.622070 0.095312 0.052734 0.046875
0 0.683594 0.087500 0.035156 0.056250
0 0.555664 0.124219 0.056641 0.054688
0 0.068359 0.217969 0.058594 0.070312
0 0.116211 0.253125 0.064453 0.059375
0 0.263672 0.270313 0.054688 0.068750
0 0.174805 0.276562 0.048828 0.040625
0 0.019531 0.341406 0.035156 0.045312
0 0.073242 0.331250 0.044922 0.050000
0 0.152344 0.325781 0.042969 0.048438
0 0.197266 0.317188 0.035156 0.062500
0 0.246094 0.342969 0.054688 0.051562
0 0.345703 0.339062 0.058594 0.062500
0 0.393555 0.317969 0.033203 0.057813
0 0.326172 0.196094 0.035156 0.048438
0 0.426758 0.180469 0.041016 0.042188
0 0.367188 0.129688 0.031250 0.040625
0 0.556641 0.127344 0.035156 0.048438
0 0.551758 0.203906 0.060547 0.070312
0 0.624023 0.194531 0.044922 0.076563
0 0.720703 0.171875 0.054688 0.050000
0 0.800781 0.177344 0.054688 0.039062
0 0.621094 0.281250 0.054688 0.037500
0 0.558594 0.325000 0.070312 0.081250
0 0.617188 0.331250 0.039062 0.040625
0 0.690430 0.346875 0.056641 0.068750
0 0.777344 0.342969 0.050781 0.057813
0 0.773438 0.288281 0.046875 0.032813
0 0.862305 0.328906 0.056641 0.057813
0 0.851562 0.284375 0.042969 0.034375
0 0.784180 0.257031 0.052734 0.039062
0 0.850586 0.246875 0.048828 0.034375
0 0.928711 0.270313 0.060547 0.050000
0 0.927734 0.328125 0.039062 0.065625
0 0.940430 0.230469 0.037109 0.039062
0 0.899414 0.211719 0.041016 0.039062
0 0.883789 0.182031 0.048828 0.029687
0 0.923828 0.110156 0.039062 0.039062
0 0.859375 0.071875 0.050781 0.059375
0 0.932617 0.057813 0.041016 0.050000
0 0.895508 0.021094 0.041016 0.035937
0 0.810547 0.032031 0.042969 0.035937
0 0.583984 0.517969 0.109375 0.176563
0 0.750000 0.500000 0.132812 0.134375
0 0.746094 0.605469 0.121094 0.064062
0 0.959961 0.533594 0.080078 0.198437
0 0.378906 0.540625 0.093750 0.187500
0 0.251953 0.525781 0.117188 0.214062
0 0.165039 0.718750 0.271484 0.209375
0 0.113281 0.528125 0.101562 0.190625
