2 0.030469 0.226987 0.035937 0.081590
1 0.247656 0.459205 0.492188 0.395397
0 0.377344 0.755230 0.107813 0.481172
0 0.124219 0.695607 0.195312 0.596234
0 0.410938 0.530335 0.040625 0.102510
0 0.539844 0.642259 0.092188 0.355649
1 0.635938 0.498954 0.246875 0.215481
0 0.677344 0.544979 0.026562 0.144351
0 0.721094 0.541841 0.017188 0.129707
0 0.742969 0.540795 0.026562 0.135983
0 0.859375 0.661088 0.193750 0.661088
0 0.969531 0.635983 0.060937 0.313808
2 0.408594 0.240586 0.017188 0.058577
2 0.778125 0.391213 0.028125 0.033473
