0 0.519531 0.634660 0.035937 0.234192
0 0.572656 0.646370 0.039062 0.206089
0 0.632031 0.644028 0.032813 0.163934
0 0.717969 0.646370 0.032813 0.201405
0 0.785156 0.645199 0.048438 0.203747
0 0.878906 0.652225 0.032813 0.194379
2 0.943750 0.644028 0.065625 0.192037
0 0.979688 0.872365 0.040625 0.255269
0 0.917188 0.867681 0.053125 0.208431
0 0.885938 0.812646 0.025000 0.060890
0 0.827344 0.868852 0.089063 0.229508
0 0.759375 0.831382 0.031250 0.088993
0 0.728125 0.778689 0.040625 0.072600
0 0.686719 0.854801 0.095312 0.290398
0 0.609375 0.896956 0.053125 0.206089
0 0.639062 0.790398 0.028125 0.035129
0 0.619531 0.770492 0.020313 0.037471
0 0.555469 0.880562 0.057813 0.220141
0 0.475781 0.889930 0.042188 0.220141
0 0.430469 0.898126 0.048438 0.203747
0 0.389844 0.882904 0.032813 0.220141
0 0.385156 0.704918 0.035937 0.135831
0 0.463281 0.701405 0.032813 0.091335
0 0.445312 0.608899 0.037500 0.088993
0 0.402344 0.605386 0.032813 0.086651
0 0.343750 0.627635 0.018750 0.149883
0 0.368750 0.584309 0.025000 0.053864
0 0.264062 0.605386 0.034375 0.105386
0 0.220312 0.626464 0.037500 0.114754
0 0.025000 0.677986 0.037500 0.138173
0 0.032813 0.874707 0.046875 0.231850
0 0.075000 0.752927 0.031250 0.119438
0 0.090625 0.892272 0.025000 0.215457
0 0.123438 0.882904 0.046875 0.229508
0 0.209375 0.901639 0.040625 0.196721
0 0.271875 0.892272 0.043750 0.215457
0 0.328125 0.889930 0.037500 0.192037
0 0.273438 0.725995 0.021875 0.046838
0 0.196094 0.721311 0.029687 0.051522
0 0.234375 0.723653 0.021875 0.070258
0 0.291406 0.662763 0.017188 0.056206
0 0.300781 0.722482 0.023438 0.049180
0 0.132031 0.720141 0.032813 0.049180
