2 0.436768 0.666406 0.053864 0.060937
2 0.813817 0.650781 0.105386 0.051562
1 0.755269 0.799219 0.227166 0.098437
1 0.398126 0.792969 0.149883 0.064062
1 0.552693 0.781250 0.074941 0.037500
1 0.255269 0.773438 0.065574 0.034375
1 0.173302 0.775781 0.098361 0.057813
2 0.261124 0.710938 0.016393 0.018750
2 0.107728 0.652344 0.028103 0.042188
1 0.045667 0.784375 0.081967 0.053125
1 0.091335 0.757031 0.056206 0.029687
1 0.929742 0.818750 0.140515 0.131250
2 0.074941 0.696875 0.023419 0.046875
2 0.040984 0.723437 0.021077 0.021875
