0 0.048438 0.597190 0.034375 0.088993
0 0.115625 0.597190 0.028125 0.084309
0 0.171875 0.591335 0.025000 0.035129
0 0.175781 0.633489 0.020313 0.030445
0 0.193750 0.558548 0.021875 0.030445
0 0.207031 0.367681 0.017188 0.032787
0 0.265625 0.358314 0.025000 0.042155
0 0.259375 0.624122 0.021875 0.035129
0 0.280469 0.588993 0.023438 0.030445
0 0.356250 0.473068 0.062500 0.088993
0 0.401562 0.531616 0.021875 0.042155
0 0.733594 0.416862 0.020313 0.042155
0 0.770312 0.425059 0.018750 0.025761
0 0.806250 0.324356 0.015625 0.039813
0 0.850781 0.313817 0.020313 0.037471
0 0.757812 0.327869 0.025000 0.051522
