2 0.569531 0.450535 0.010937 0.040107
0 0.777344 0.581551 0.020313 0.066845
0 0.853906 0.582888 0.026562 0.090909
1 0.522656 0.637701 0.092188 0.136364
0 0.667188 0.589572 0.018750 0.109626
0 0.654687 0.586898 0.015625 0.061497
1 0.432812 0.597594 0.050000 0.093583
1 0.382031 0.602941 0.039062 0.093583
2 0.291406 0.461230 0.010937 0.045455
1 0.267969 0.596257 0.067187 0.112299
1 0.309375 0.592246 0.025000 0.109626
1 0.344531 0.556150 0.045312 0.101604
1 0.200781 0.574866 0.042188 0.085561
0 0.220312 0.667112 0.040625 0.200535
1 0.096875 0.588235 0.153125 0.294118
