0 0.181962 0.473000 0.117089 0.126000
0 0.518987 0.562000 0.246835 0.248000
0 0.403481 0.358000 0.079114 0.080000
0 0.332278 0.376000 0.056962 0.064000
0 0.207278 0.375000 0.047468 0.046000
0 0.243671 0.340000 0.050633 0.040000
0 0.281646 0.306000 0.050633 0.040000
0 0.191456 0.311000 0.047468 0.050000
0 0.143987 0.346000 0.047468 0.036000
0 0.131329 0.383000 0.053797 0.046000
0 0.069620 0.322000 0.050633 0.040000
0 0.091772 0.289000 0.044304 0.038000
0 0.102848 0.265000 0.053797 0.038000
0 0.120253 0.240000 0.050633 0.028000
0 0.055380 0.236000 0.047468 0.036000
0 0.071203 0.183000 0.053797 0.038000
0 0.020570 0.158000 0.034810 0.052000
0 0.093354 0.131000 0.053797 0.046000
0 0.166139 0.198000 0.034810 0.032000
0 0.234177 0.202000 0.050633 0.052000
0 0.324367 0.248000 0.060127 0.052000
0 0.428797 0.295000 0.041139 0.030000
0 0.403481 0.246000 0.060127 0.044000
0 0.337025 0.202000 0.047468 0.032000
0 0.294304 0.123000 0.050633 0.054000
0 0.218354 0.109000 0.044304 0.034000
0 0.055380 0.033000 0.047468 0.034000
0 0.093354 0.078000 0.047468 0.036000
0 0.270570 0.064000 0.053797 0.032000
0 0.400316 0.052000 0.041139 0.028000
0 0.387658 0.134000 0.053797 0.040000
0 0.438291 0.121000 0.053797 0.046000
0 0.533228 0.122000 0.079114 0.040000
0 0.498418 0.186000 0.060127 0.052000
0 0.571203 0.190000 0.053797 0.056000
0 0.493671 0.058000 0.050633 0.052000
0 0.564873 0.056000 0.053797 0.060000
0 0.625000 0.067000 0.060127 0.070000
0 0.680380 0.077000 0.037975 0.050000
0 0.746835 0.095000 0.050633 0.050000
0 0.770570 0.059000 0.034810 0.034000
0 0.822785 0.068000 0.037975 0.036000
0 0.887658 0.081000 0.041139 0.050000
0 0.868671 0.127000 0.041139 0.030000
0 0.795886 0.157000 0.060127 0.066000
0 0.887658 0.176000 0.053797 0.056000
0 0.949367 0.211000 0.044304 0.062000
0 0.794304 0.258000 0.069620 0.068000
0 0.705696 0.265000 0.056962 0.058000
0 0.631329 0.261000 0.085443 0.090000
0 0.591772 0.365000 0.075949 0.082000
0 0.501582 0.360000 0.060127 0.068000
0 0.506329 0.295000 0.056962 0.046000
0 0.678797 0.352000 0.060127 0.064000
0 0.765823 0.368000 0.056962 0.080000
0 0.840190 0.368000 0.060127 0.072000
0 0.925633 0.362000 0.060127 0.068000
0 0.919304 0.309000 0.047468 0.030000
0 0.843354 0.301000 0.034810 0.042000
0 0.950949 0.087000 0.053797 0.030000
0 0.955696 0.129000 0.044304 0.034000
