0 0.414062 0.613889 0.031250 0.194444
0 0.393750 0.611111 0.018750 0.188889
0 0.018750 0.605556 0.025000 0.144444
0 0.060156 0.612500 0.029687 0.147222
2 0.496094 0.433333 0.029687 0.127778
1 0.628125 0.616667 0.106250 0.166667
1 0.854688 0.629167 0.150000 0.147222
0 0.989062 0.620833 0.021875 0.169444
0 0.958594 0.554167 0.020313 0.063889
2 0.903125 0.438889 0.025000 0.105556
1 0.734375 0.591667 0.065625 0.122222
1 0.560156 0.583333 0.029687 0.100000
1 0.687500 0.559722 0.028125 0.080556
0 0.208594 0.554167 0.014063 0.086111
0 0.238281 0.554167 0.014063 0.080556
1 0.564844 0.420833 0.079687 0.113889
1 0.648438 0.441667 0.065625 0.105556
