0 0.139063 0.632292 0.265625 0.635417
1 0.370312 0.542708 0.112500 0.118750
1 0.476562 0.580208 0.065625 0.077083
1 0.598437 0.503125 0.040625 0.093750
1 0.785937 0.512500 0.062500 0.045833
0 0.904687 0.540625 0.012500 0.043750
1 0.543750 0.505208 0.021875 0.022917
1 0.507812 0.510417 0.015625 0.025000
0 0.499219 0.526042 0.014063 0.027083
0 0.474219 0.518750 0.007812 0.033333
1 0.480469 0.502083 0.020313 0.025000
1 0.613281 0.676042 0.070312 0.085417
0 0.886719 0.788542 0.226562 0.422917
1 0.692187 0.515625 0.053125 0.035417
1 0.642969 0.515625 0.042188 0.022917
2 0.658594 0.479167 0.010937 0.020833
