0 0.79453125 0.7920560747663551 0.15781250000000002 0.2102803738317757
0 0.6625000000000001 0.8002336448598131 0.028125 0.0630841121495327
0 0.70234375 0.7932242990654205 0.0390625 0.10514018691588785
0 0.5484375 0.7686915887850466 0.040625 0.05607476635514018
0 0.38906250000000003 0.7593457943925233 0.034375 0.0514018691588785
0 0.43984375000000003 0.7570093457943925 0.0390625 0.05607476635514018
0 0.49609375 0.764018691588785 0.045312500000000006 0.07009345794392523
0 0.25078125 0.7628504672897196 0.0421875 0.05841121495327102
0 0.10859375 0.7686915887850466 0.07968750000000001 0.08411214953271028
0 0.034375 0.7593457943925233 0.034375 0.04672897196261682
