2 0.327344 0.298958 0.032813 0.097917
2 0.293750 0.302083 0.031250 0.095833
2 0.496094 0.312500 0.026562 0.087500
2 0.525000 0.312500 0.025000 0.091667
2 0.635156 0.329167 0.023438 0.079167
2 0.657813 0.546875 0.012500 0.035417
2 0.610156 0.571875 0.007812 0.027083
2 0.564844 0.577083 0.010937 0.029167
2 0.517188 0.576042 0.009375 0.027083
2 0.385156 0.625000 0.014063 0.016667
2 0.403125 0.625000 0.009375 0.012500
2 0.424219 0.622917 0.007812 0.016667
1 0.530469 0.685417 0.039062 0.041667
1 0.600000 0.682292 0.040625 0.039583
1 0.570312 0.683333 0.021875 0.037500
1 0.904687 0.652083 0.109375 0.058333
1 0.734375 0.676042 0.081250 0.047917
1 0.321875 0.677083 0.034375 0.033333
