2 0.284375 0.048009 0.046875 0.086651
2 0.756250 0.162763 0.053125 0.180328
2 0.750781 0.423888 0.029687 0.112412
2 0.779687 0.549180 0.050000 0.053864
0 0.899219 0.690867 0.023438 0.060890
0 0.919531 0.700234 0.026562 0.088993
1 0.942187 0.820843 0.115625 0.311475
0 0.859375 0.772834 0.037500 0.154567
2 0.598437 0.640515 0.012500 0.039813
2 0.545312 0.640515 0.015625 0.039813
0 0.532813 0.723653 0.031250 0.098361
1 0.056250 0.763466 0.096875 0.201405
0 0.142969 0.755269 0.017188 0.096019
0 0.165625 0.759953 0.015625 0.091335
0 0.182812 0.761124 0.021875 0.093677
1 0.257812 0.768150 0.040625 0.079625
1 0.326562 0.764637 0.071875 0.100703
1 0.607812 0.744731 0.025000 0.032787
1 0.591406 0.724824 0.017188 0.025761
