2 0.090625 0.194379 0.071875 0.229508
2 0.032031 0.455504 0.035937 0.105386
2 0.063281 0.476581 0.026562 0.072600
0 0.033594 0.649883 0.032813 0.189696
0 0.057813 0.577283 0.021875 0.063232
0 0.088281 0.649883 0.035937 0.180328
0 0.183594 0.666276 0.029687 0.203747
0 0.145313 0.635831 0.018750 0.077283
0 0.220312 0.662763 0.031250 0.206089
0 0.258594 0.649883 0.035937 0.156909
2 0.199219 0.488290 0.029687 0.091335
0 0.297656 0.653396 0.023438 0.177986
0 0.337500 0.579625 0.025000 0.058548
0 0.378125 0.761124 0.075000 0.435597
2 0.380469 0.408665 0.032813 0.105386
2 0.317969 0.406323 0.042188 0.114754
2 0.359375 0.474239 0.037500 0.110070
1 0.530469 0.521077 0.220312 0.133489
0 0.528906 0.686183 0.064062 0.243560
0 0.467969 0.613583 0.017188 0.042155
0 0.567187 0.662763 0.028125 0.154567
0 0.596875 0.652225 0.028125 0.114754
1 0.641406 0.667447 0.048438 0.088993
1 0.681250 0.654567 0.031250 0.077283
1 0.706250 0.652225 0.015625 0.044496
0 0.718750 0.673302 0.021875 0.128806
0 0.739844 0.674473 0.020313 0.121780
0 0.778125 0.624122 0.021875 0.030445
0 0.833594 0.637002 0.039062 0.107728
0 0.892188 0.661593 0.034375 0.124122
0 0.950000 0.659251 0.037500 0.105386
2 0.846094 0.345433 0.042188 0.189696
2 0.897656 0.351288 0.042188 0.177986
2 0.756250 0.510539 0.034375 0.084309
