0 0.745313 0.486650 0.278125 0.929612
0 0.456250 0.400485 0.134375 0.543689
0 0.351562 0.313107 0.062500 0.228155
0 0.268750 0.461165 0.153125 0.533981
0 0.360938 0.512136 0.056250 0.179612
0 0.069531 0.419903 0.135937 0.834951
0 0.172656 0.248786 0.032813 0.109223
0 0.175781 0.178398 0.032813 0.036408
2 0.303125 0.151699 0.031250 0.104369
2 0.564063 0.024272 0.025000 0.043689
0 0.571094 0.353155 0.039062 0.220874
0 0.617188 0.328883 0.025000 0.099515
0 0.650000 0.283981 0.028125 0.067961
2 0.800781 0.194175 0.007812 0.029126
1 0.928125 0.326456 0.096875 0.094660
2 0.901563 0.242718 0.012500 0.029126
1 0.982031 0.300971 0.035937 0.033981
