0 0.057031 0.388759 0.045312 0.262295
0 0.014063 0.420375 0.025000 0.213115
0 0.193750 0.266979 0.021875 0.098361
0 0.199219 0.455504 0.060937 0.306792
0 0.243750 0.345433 0.050000 0.250585
0 0.342187 0.245902 0.025000 0.046838
0 0.357031 0.387588 0.045312 0.245902
0 0.475000 0.372365 0.062500 0.238876
0 0.676562 0.242389 0.034375 0.180328
0 0.718750 0.228337 0.034375 0.147541
0 0.790625 0.248244 0.021875 0.117096
0 0.830469 0.225995 0.035937 0.180328
0 0.867188 0.350117 0.050000 0.269321
0 0.892188 0.217799 0.021875 0.079625
0 0.928125 0.263466 0.021875 0.166276
0 0.951562 0.252927 0.031250 0.135831
1 0.625781 0.256440 0.060937 0.081967
1 0.777344 0.247073 0.057813 0.105386
1 0.565625 0.244731 0.056250 0.110070
1 0.525000 0.248244 0.043750 0.088993
1 0.477344 0.251756 0.057813 0.091335
1 0.432031 0.262295 0.035937 0.074941
1 0.285938 0.261124 0.075000 0.049180
1 0.136719 0.257611 0.082812 0.070258
