2 0.776563 0.408333 0.028125 0.050000
2 0.689844 0.390625 0.029687 0.047917
1 0.627344 0.664583 0.057813 0.058333
1 0.591406 0.664583 0.020313 0.037500
1 0.556250 0.647917 0.025000 0.033333
1 0.505469 0.654167 0.029687 0.029167
1 0.402344 0.668750 0.042188 0.054167
1 0.436719 0.661458 0.023438 0.031250
1 0.459375 0.652083 0.015625 0.025000
2 0.215625 0.440625 0.025000 0.060417
2 0.267969 0.484375 0.026562 0.052083
2 0.240625 0.542708 0.018750 0.047917
2 0.033594 0.270833 0.045312 0.120833
2 0.030469 0.406250 0.035937 0.112500
