0 0.410417 0.528906 0.075000 0.192188
0 0.668750 0.605469 0.100000 0.254688
0 0.597917 0.546094 0.070833 0.148438
0 0.810417 0.512500 0.037500 0.134375
0 0.896875 0.501563 0.060417 0.090625
2 0.913542 0.122656 0.131250 0.207813
2 0.848958 0.112500 0.077083 0.200000
2 0.968750 0.287500 0.058333 0.106250
2 0.860417 0.284375 0.116667 0.106250
1 0.103125 0.578906 0.202083 0.126562
1 0.171875 0.466406 0.272917 0.201563
1 0.348958 0.527344 0.056250 0.104688
1 0.492708 0.491406 0.068750 0.070312
1 0.534375 0.472656 0.064583 0.076563
