0 0.340625 0.947307 0.031250 0.096019
0 0.241406 0.855972 0.039062 0.156909
0 0.307031 0.886417 0.029687 0.152225
0 0.289062 0.898126 0.028125 0.081967
0 0.277344 0.918033 0.023438 0.037471
0 0.271875 0.967213 0.025000 0.046838
0 0.162500 0.923888 0.034375 0.072600
0 0.143750 0.964871 0.021875 0.056206
0 0.111719 0.975410 0.023438 0.039813
0 0.116406 0.886417 0.020313 0.110070
0 0.092969 0.919204 0.026562 0.119438
0 0.080469 0.830211 0.023438 0.063232
0 0.046094 0.886417 0.026562 0.124122
0 0.765625 0.942623 0.025000 0.105386
0 0.872656 0.893443 0.042188 0.166276
0 0.966406 0.891101 0.045312 0.138173
2 0.885156 0.674473 0.026562 0.117096
0 0.945312 0.329040 0.015625 0.096019
0 0.935156 0.268150 0.007812 0.016393
2 0.951562 0.215457 0.015625 0.046838
1 0.874219 0.133489 0.198437 0.238876
0 0.233594 0.449649 0.029687 0.070258
0 0.032031 0.447307 0.026562 0.107728
0 0.214062 0.293911 0.021875 0.081967
0 0.257812 0.298595 0.021875 0.091335
0 0.238281 0.288056 0.014063 0.107728
0 0.258594 0.237705 0.017188 0.025761
0 0.377344 0.271663 0.020313 0.074941
0 0.394531 0.244731 0.017188 0.053864
0 0.392969 0.318501 0.017188 0.051522
0 0.417969 0.272834 0.023438 0.067916
0 0.424219 0.217799 0.017188 0.042155
0 0.456250 0.234192 0.018750 0.065574
0 0.377344 0.147541 0.017188 0.084309
0 0.338281 0.096019 0.017188 0.042155
0 0.358594 0.091335 0.017188 0.042155
0 0.383594 0.065574 0.020313 0.051522
0 0.400781 0.161593 0.017188 0.056206
0 0.395313 0.126464 0.012500 0.032787
0 0.447656 0.131148 0.017188 0.042155
0 0.421094 0.149883 0.020313 0.056206
0 0.443750 0.170960 0.015625 0.042155
0 0.459375 0.147541 0.015625 0.042155
0 0.476562 0.163934 0.025000 0.065574
0 0.503125 0.083138 0.015625 0.035129
0 0.533594 0.132319 0.017188 0.058548
0 0.553906 0.197892 0.014063 0.035129
0 0.560937 0.254098 0.018750 0.053864
0 0.535156 0.257611 0.029687 0.093677
0 0.510156 0.292740 0.017188 0.056206
0 0.507031 0.251756 0.017188 0.025761
0 0.644531 0.070258 0.020313 0.070258
0 0.557813 0.037471 0.015625 0.070258
0 0.575000 0.032787 0.015625 0.060890
0 0.592187 0.030445 0.015625 0.056206
0 0.664062 0.028103 0.012500 0.046838
0 0.716406 0.025761 0.020313 0.046838
0 0.737500 0.019906 0.015625 0.035129
1 0.449219 0.629977 0.539062 0.276347
2 0.499219 0.951991 0.032813 0.096019
