2 0.826562 0.205882 0.021875 0.072941
2 0.742969 0.205882 0.023438 0.068235
2 0.116406 0.058824 0.023438 0.098824
0 0.851562 0.375294 0.056250 0.190588
0 0.792188 0.376471 0.028125 0.122353
0 0.758594 0.375294 0.029687 0.101176
0 0.718750 0.374118 0.025000 0.089412
0 0.685937 0.377647 0.021875 0.087059
0 0.664062 0.380000 0.015625 0.063529
0 0.560156 0.481176 0.026562 0.181176
0 0.575000 0.424706 0.012500 0.044706
0 0.514062 0.488235 0.040625 0.218824
0 0.484375 0.500000 0.021875 0.237647
2 0.581250 0.360000 0.006250 0.023529
2 0.606250 0.360000 0.009375 0.023529
0 0.444531 0.484706 0.026562 0.103529
0 0.417187 0.627059 0.062500 0.364706
0 0.282813 0.749412 0.103125 0.444706
0 0.314063 0.532941 0.053125 0.148235
0 0.364063 0.510588 0.037500 0.211765
0 0.299219 0.447059 0.017188 0.037647
0 0.282813 0.469412 0.028125 0.058824
0 0.236719 0.481176 0.032813 0.063529
0 0.192188 0.454118 0.034375 0.065882
0 0.214844 0.404706 0.014063 0.028235
0 0.207031 0.420000 0.017188 0.030588
0 0.160156 0.425882 0.029687 0.051765
0 0.115625 0.420000 0.018750 0.054118
0 0.086719 0.450588 0.023438 0.049412
0 0.163281 0.518824 0.035937 0.082353
0 0.204687 0.601176 0.040625 0.101176
0 0.128125 0.578824 0.053125 0.089412
0 0.100781 0.787059 0.076563 0.416471
0 0.035156 0.701176 0.057813 0.324706
0 0.062500 0.507059 0.031250 0.063529
0 0.014844 0.500000 0.026562 0.063529
0 0.021094 0.451765 0.029687 0.051765
0 0.033594 0.409412 0.029687 0.056471
