0 0.771875 0.539583 0.075000 0.141667
0 0.656250 0.517708 0.040625 0.081250
0 0.567969 0.501042 0.045312 0.068750
0 0.487500 0.479167 0.037500 0.058333
0 0.449219 0.506250 0.032813 0.054167
0 0.387500 0.497917 0.034375 0.062500
0 0.428125 0.489583 0.018750 0.054167
0 0.356250 0.491667 0.025000 0.045833
0 0.333594 0.492708 0.029687 0.043750
0 0.310937 0.497917 0.025000 0.041667
0 0.283594 0.505208 0.023438 0.035417
0 0.247656 0.504167 0.023438 0.037500
0 0.219531 0.642708 0.070312 0.239583
0 0.050000 0.622917 0.043750 0.225000
0 0.043750 0.496875 0.018750 0.043750
0 0.135156 0.538542 0.039062 0.068750
1 0.157031 0.512500 0.060937 0.062500
1 0.269531 0.469792 0.057813 0.031250
1 0.434375 0.442708 0.043750 0.022917
0 0.626563 0.438542 0.012500 0.027083
1 0.178906 0.443750 0.042188 0.029167
1 0.234375 0.447917 0.053125 0.025000
1 0.064844 0.452083 0.057813 0.033333
1 0.125000 0.448958 0.053125 0.022917
