0 0.435156 0.489461 0.064062 0.187354
1 0.603125 0.425059 0.181250 0.138173
0 0.222656 0.408665 0.029687 0.100703
0 0.109375 0.074941 0.015625 0.060890
0 0.132031 0.078454 0.014063 0.058548
0 0.146875 0.069087 0.015625 0.053864
0 0.165625 0.056206 0.012500 0.046838
0 0.205469 0.067916 0.020313 0.074941
0 0.229687 0.069087 0.021875 0.077283
0 0.254688 0.051522 0.009375 0.032787
0 0.287500 0.042155 0.012500 0.028103
0 0.306250 0.044496 0.018750 0.023419
0 0.359375 0.037471 0.012500 0.037471
0 0.381250 0.039813 0.012500 0.046838
0 0.406250 0.043326 0.012500 0.021077
0 0.490625 0.036300 0.012500 0.035129
0 0.528125 0.038642 0.009375 0.021077
0 0.633594 0.036300 0.017188 0.021077
0 0.685156 0.032787 0.010937 0.032787
0 0.704688 0.035129 0.015625 0.023419
0 0.731250 0.056206 0.018750 0.079625
0 0.808594 0.040984 0.014063 0.044496
0 0.971875 0.039813 0.012500 0.042155
0 0.989844 0.049180 0.010937 0.018735
