2 0.641406 0.271765 0.032813 0.152941
2 0.642188 0.507059 0.015625 0.049412
0 0.799219 0.589412 0.151562 0.397647
0 0.699219 0.517647 0.017188 0.056471
0 0.685937 0.518824 0.012500 0.054118
0 0.562500 0.636471 0.071875 0.345882
0 0.506250 0.538824 0.034375 0.131765
0 0.463281 0.549412 0.067187 0.242353
0 0.327344 0.582353 0.085938 0.327059
0 0.393750 0.504706 0.037500 0.115294
0 0.353906 0.497647 0.017188 0.044706
0 0.271875 0.597647 0.037500 0.291765
0 0.221094 0.527059 0.035937 0.094118
0 0.172656 0.554118 0.042188 0.214118
0 0.121094 0.532941 0.026562 0.072941
0 0.091406 0.510588 0.020313 0.047059
0 0.019531 0.571765 0.032813 0.183529
0 0.020313 0.496471 0.031250 0.075294
2 0.045312 0.407059 0.034375 0.094118
