0 0.0484375 0.4988207547169811 0.08750000000000001 0.24764150943396226
0 0.6781250000000001 0.46816037735849053 0.1125 0.14858490566037735
0 0.49843750000000003 0.43514150943396224 0.096875 0.08726415094339622
0 0.49062500000000003 0.2983490566037736 0.043750000000000004 0.06839622641509434
0 0.540625 0.27240566037735847 0.037500000000000006 0.04481132075471698
0 0.5015625 0.25589622641509435 0.053125000000000006 0.025943396226415092
0 0.41171875 0.2818396226415094 0.0484375 0.04481132075471698
0 0.17734375000000002 0.5259433962264151 0.1421875 0.16981132075471697
0 0.17734375000000002 0.2653301886792453 0.0234375 0.03537735849056604
0 0.16718750000000002 0.2841981132075472 0.021875000000000002 0.05424528301886792
0 0.03828125 0.27240566037735847 0.035937500000000004 0.025943396226415092
0 0.07578125000000001 0.2665094339622641 0.026562500000000003 0.02830188679245283
0 0.11015625000000001 0.25943396226415094 0.0390625 0.02830188679245283
0 0.010937500000000001 0.2712264150943396 0.018750000000000003 0.023584905660377357
