0 0.017969 0.552083 0.029687 0.071759
0 0.048438 0.694444 0.043750 0.416667
0 0.089063 0.694444 0.046875 0.379630
0 0.126562 0.697917 0.031250 0.344907
0 0.162500 0.723380 0.021875 0.289352
0 0.192969 0.685185 0.048438 0.319444
0 0.252344 0.688657 0.042188 0.303241
0 0.285938 0.692130 0.037500 0.282407
0 0.324219 0.686343 0.051562 0.284722
0 0.371875 0.678241 0.053125 0.263889
0 0.411719 0.689815 0.045312 0.226852
1 0.635156 0.489583 0.401562 0.631944
1 0.886719 0.611111 0.070312 0.185185
0 0.971875 0.704861 0.040625 0.145833
0 0.949219 0.640046 0.023438 0.104167
0 0.967187 0.599537 0.018750 0.037037
0 0.990625 0.593750 0.018750 0.113426
