1 0.325781 0.372941 0.385937 0.270588
2 0.419531 0.289412 0.098437 0.522353
1 0.701562 0.655294 0.059375 0.054118
1 0.753125 0.648235 0.037500 0.044706
1 0.817187 0.677647 0.053125 0.065882
1 0.882812 0.787059 0.081250 0.087059
1 0.814063 0.568235 0.040625 0.049412
2 0.929688 0.547059 0.012500 0.040000
1 0.960938 0.580000 0.065625 0.049412
1 0.987500 0.602353 0.025000 0.042353
1 0.942187 0.556471 0.059375 0.025882
1 0.761719 0.581176 0.035937 0.042353
1 0.734375 0.565882 0.018750 0.035294
1 0.703906 0.598824 0.039062 0.035294
1 0.639844 0.580000 0.032813 0.044706
1 0.669531 0.540000 0.039062 0.054118
1 0.719531 0.515294 0.032813 0.080000
1 0.758594 0.524706 0.029687 0.037647
1 0.629687 0.490588 0.031250 0.035294
1 0.596875 0.463529 0.031250 0.042353
