2 0.681250 0.412500 0.021875 0.058333
2 0.794531 0.466667 0.023438 0.087500
2 0.367969 0.040625 0.045312 0.077083
2 0.060937 0.348958 0.021875 0.060417
2 0.145313 0.385417 0.018750 0.058333
1 0.021094 0.619792 0.039062 0.052083
1 0.014063 0.712500 0.025000 0.133333
2 0.242969 0.511458 0.020313 0.064583
2 0.260937 0.534375 0.015625 0.043750
1 0.298438 0.603125 0.125000 0.064583
1 0.507031 0.559375 0.176563 0.164583
1 0.629687 0.563542 0.046875 0.081250
1 0.680469 0.586458 0.039062 0.047917
1 0.760938 0.590625 0.118750 0.089583
