0 0.693750 0.973958 0.037500 0.047917
0 0.879687 0.985417 0.009375 0.020833
0 0.865625 0.991667 0.012500 0.012500
0 0.637500 0.991667 0.012500 0.016667
0 0.554688 0.966667 0.018750 0.058333
0 0.529687 0.978125 0.015625 0.027083
0 0.503906 0.977083 0.020313 0.033333
0 0.408594 0.972917 0.023438 0.054167
0 0.364844 0.961458 0.017188 0.064583
0 0.342187 0.966667 0.015625 0.037500
0 0.307031 0.959375 0.014063 0.060417
0 0.292187 0.960417 0.009375 0.037500
0 0.101562 0.968750 0.021875 0.058333
0 0.146094 0.947917 0.020313 0.058333
0 0.207813 0.959375 0.012500 0.043750
0 0.221094 0.962500 0.007812 0.045833
0 0.234375 0.956250 0.012500 0.033333
0 0.065625 0.950000 0.015625 0.045833
