0 0.665625 0.398824 0.081250 0.298824
0 0.765625 0.421176 0.128125 0.409412
0 0.500000 0.222353 0.090625 0.148235
0 0.502344 0.124706 0.029687 0.065882
1 0.725781 0.096471 0.204687 0.131765
1 0.901563 0.103529 0.168750 0.112941
0 0.968750 0.107059 0.025000 0.110588
0 0.932813 0.115294 0.025000 0.098824
0 0.975000 0.211765 0.050000 0.164706
1 0.550781 0.123529 0.104688 0.115294
0 0.340625 0.211765 0.050000 0.122353
0 0.296094 0.471765 0.139063 0.388235
0 0.292969 0.184706 0.029687 0.124706
1 0.346875 0.190588 0.253125 0.225882
