1 0.158594 0.752994 0.307812 0.404192
0 0.330469 0.767964 0.014063 0.086826
0 0.346875 0.766467 0.015625 0.059880
0 0.386719 0.796407 0.010937 0.089820
0 0.417187 0.784431 0.021875 0.095808
0 0.437500 0.784431 0.015625 0.083832
0 0.485938 0.755988 0.012500 0.062874
1 0.568750 0.862275 0.300000 0.269461
1 0.852344 0.890719 0.295312 0.218563
1 0.781250 0.770958 0.106250 0.068862
1 0.975781 0.767964 0.048438 0.068862
1 0.040625 0.860778 0.078125 0.278443
0 0.871094 0.761976 0.010937 0.038922
0 0.883594 0.760479 0.010937 0.029940
