0 0.085938 0.304196 0.050000 0.128205
0 0.014844 0.389277 0.026562 0.163170
0 0.080469 0.222611 0.042188 0.044289
0 0.047656 0.172494 0.029687 0.051282
0 0.201563 0.284382 0.075000 0.256410
0 0.251563 0.224942 0.025000 0.062937
0 0.260156 0.187646 0.029687 0.034965
0 0.375781 0.268065 0.064062 0.158508
0 0.342187 0.203963 0.031250 0.053613
0 0.409375 0.163170 0.034375 0.065268
0 0.273438 0.073427 0.018750 0.030303
0 0.103125 0.149184 0.021875 0.051282
0 0.053125 0.135198 0.021875 0.027972
0 0.044531 0.090909 0.014063 0.023310
0 0.125000 0.136364 0.018750 0.030303
0 0.193750 0.081585 0.015625 0.032634
0 0.205469 0.088578 0.010937 0.018648
0 0.239063 0.080420 0.021875 0.025641
0 0.274219 0.136364 0.020313 0.025641
0 0.314063 0.145688 0.021875 0.039627
0 0.365625 0.155012 0.025000 0.044289
0 0.488281 0.162005 0.023438 0.081585
0 0.527344 0.205128 0.054688 0.093240
0 0.585938 0.285548 0.071875 0.160839
0 0.484375 0.115385 0.031250 0.058275
0 0.461719 0.094406 0.029687 0.048951
0 0.423438 0.038462 0.021875 0.039627
0 0.406250 0.059441 0.025000 0.053613
0 0.390625 0.057110 0.015625 0.034965
0 0.622656 0.066434 0.026562 0.062937
0 0.610938 0.163170 0.037500 0.055944
0 0.591406 0.170163 0.020313 0.046620
0 0.653125 0.150350 0.021875 0.048951
0 0.666406 0.162005 0.026562 0.039627
0 0.713281 0.136364 0.026562 0.039627
0 0.717969 0.189977 0.048438 0.044289
0 0.729688 0.275058 0.075000 0.116550
0 0.823438 0.245921 0.056250 0.123543
0 0.925781 0.257576 0.054688 0.151515
0 0.969531 0.224942 0.054688 0.160839
0 0.910937 0.153846 0.037500 0.046620
0 0.904687 0.061772 0.015625 0.034965
0 0.892969 0.086247 0.029687 0.065268
0 0.883594 0.135198 0.035937 0.060606
0 0.844531 0.146853 0.032813 0.060606
0 0.811719 0.087413 0.023438 0.044289
0 0.721875 0.052448 0.025000 0.058275
