2 0.841406 0.647196 0.029687 0.079439
1 0.717187 0.795561 0.128125 0.086449
1 0.647656 0.700935 0.126562 0.051402
1 0.607031 0.632009 0.104688 0.044393
1 0.577344 0.598131 0.095312 0.056075
1 0.535937 0.522196 0.087500 0.058411
2 0.560937 0.404206 0.018750 0.060748
1 0.468750 0.477804 0.078125 0.039720
1 0.249219 0.469626 0.042188 0.042056
1 0.414062 0.422897 0.034375 0.046729
1 0.425000 0.380841 0.053125 0.032710
1 0.428906 0.353972 0.020313 0.025701
1 0.417187 0.342290 0.018750 0.025701
1 0.392969 0.331776 0.023438 0.042056
1 0.382031 0.278037 0.023438 0.032710
1 0.350781 0.244159 0.023438 0.025701
1 0.321875 0.232477 0.031250 0.025701
1 0.241406 0.417056 0.029687 0.035047
1 0.271875 0.377336 0.025000 0.035047
1 0.253125 0.337617 0.021875 0.035047
1 0.292969 0.801402 0.060937 0.065421
2 0.190625 0.853972 0.037500 0.123832
2 0.222656 0.757009 0.032813 0.093458
1 0.287500 0.738318 0.053125 0.032710
1 0.271094 0.675234 0.048438 0.060748
2 0.186719 0.260514 0.014063 0.035047
2 0.137500 0.420561 0.018750 0.056075
