2 0.284375 0.491667 0.050000 0.033333
2 0.327344 0.493750 0.029687 0.037500
0 0.275000 0.768750 0.025000 0.116667
0 0.310937 0.736458 0.012500 0.081250
0 0.404687 0.764583 0.037500 0.133333
0 0.433594 0.733333 0.014063 0.058333
0 0.512500 0.728125 0.012500 0.052083
0 0.546875 0.730208 0.015625 0.060417
1 0.639062 0.715625 0.100000 0.147917
0 0.708594 0.761458 0.029687 0.139583
1 0.738281 0.703125 0.035937 0.085417
1 0.807813 0.705208 0.025000 0.039583
1 0.838281 0.711458 0.014063 0.022917
1 0.858594 0.704167 0.014063 0.020833
2 0.900781 0.605208 0.023438 0.047917
2 0.857031 0.608333 0.026562 0.066667
0 0.917188 0.731250 0.021875 0.079167
0 0.957031 0.704167 0.014063 0.037500
0 0.975781 0.710417 0.010937 0.058333
0 0.991406 0.711458 0.014063 0.052083
0 0.943750 0.707292 0.015625 0.039583
