1 0.143750 0.723958 0.215625 0.156250
1 0.910937 0.713542 0.043750 0.068750
1 0.921094 0.665625 0.042188 0.043750
1 0.821094 0.703125 0.048438 0.060417
1 0.849219 0.651042 0.051562 0.060417
1 0.960938 0.604167 0.028125 0.045833
1 0.892969 0.592708 0.048438 0.064583
1 0.964063 0.566667 0.034375 0.045833
1 0.941406 0.527083 0.029687 0.037500
1 0.908594 0.547917 0.039062 0.041667
1 0.886719 0.515625 0.029687 0.031250
1 0.903125 0.491667 0.031250 0.033333
1 0.956250 0.472917 0.025000 0.041667
1 0.989062 0.480208 0.021875 0.035417
1 0.803125 0.587500 0.040625 0.045833
1 0.825000 0.552083 0.031250 0.045833
1 0.821094 0.509375 0.026562 0.043750
1 0.835938 0.485417 0.028125 0.037500
1 0.742969 0.575000 0.039062 0.045833
1 0.760156 0.534375 0.035937 0.035417
1 0.766406 0.501042 0.029687 0.031250
1 0.776563 0.481250 0.025000 0.025000
1 0.717187 0.676042 0.059375 0.081250
1 0.756250 0.635417 0.040625 0.041667
1 0.628906 0.678125 0.064062 0.064583
1 0.671875 0.633333 0.040625 0.045833
1 0.651563 0.559375 0.043750 0.056250
1 0.683594 0.535417 0.035937 0.041667
1 0.689844 0.495833 0.026562 0.033333
1 0.714844 0.480208 0.023438 0.043750
1 0.531250 0.657292 0.062500 0.060417
1 0.579688 0.613542 0.050000 0.039583
1 0.509375 0.601042 0.046875 0.043750
1 0.450781 0.647917 0.085938 0.079167
1 0.414844 0.594792 0.057813 0.039583
1 0.364063 0.630208 0.065625 0.052083
1 0.291406 0.622917 0.082812 0.062500
1 0.199219 0.602083 0.076563 0.062500
1 0.273438 0.567708 0.059375 0.052083
1 0.208594 0.559375 0.064062 0.027083
1 0.132812 0.597917 0.050000 0.062500
1 0.153125 0.545833 0.062500 0.045833
1 0.080469 0.582292 0.070312 0.052083
1 0.032813 0.571875 0.059375 0.043750
1 0.094531 0.542708 0.048438 0.027083
1 0.032031 0.530208 0.054688 0.027083
1 0.025000 0.479167 0.043750 0.041667
1 0.061719 0.489583 0.042188 0.045833
1 0.108594 0.494792 0.045312 0.031250
1 0.127344 0.464583 0.035937 0.033333
1 0.166406 0.470833 0.045312 0.025000
1 0.162500 0.498958 0.040625 0.035417
1 0.212500 0.510417 0.050000 0.037500
1 0.213281 0.483333 0.032813 0.025000
1 0.265625 0.480208 0.053125 0.027083
1 0.267969 0.516667 0.051562 0.041667
1 0.319531 0.518750 0.051562 0.045833
1 0.315625 0.493750 0.037500 0.029167
1 0.357812 0.500000 0.031250 0.029167
1 0.377344 0.527083 0.042188 0.050000
1 0.428906 0.506250 0.042188 0.025000
1 0.453125 0.540625 0.043750 0.052083
1 0.505469 0.544792 0.042188 0.047917
1 0.499219 0.512500 0.032813 0.020833
1 0.546094 0.520833 0.039062 0.045833
1 0.580469 0.554167 0.045312 0.054167
1 0.617969 0.529167 0.029687 0.041667
1 0.579688 0.485417 0.037500 0.033333
1 0.605469 0.466667 0.023438 0.029167
1 0.644531 0.486458 0.035937 0.031250
1 0.668750 0.465625 0.031250 0.035417
1 0.425781 0.475000 0.035937 0.029167
1 0.375000 0.463542 0.040625 0.027083
1 0.321094 0.459375 0.029687 0.022917
1 0.273438 0.452083 0.034375 0.033333
1 0.317969 0.435417 0.035937 0.016667
1 0.422656 0.468750 0.032813 0.033333
1 0.467969 0.475000 0.039062 0.033333
1 0.499219 0.459375 0.032813 0.039583
1 0.474219 0.431250 0.026562 0.025000
1 0.446094 0.432292 0.026562 0.027083
1 0.409375 0.423958 0.028125 0.027083
1 0.452344 0.407292 0.026562 0.018750
1 0.530469 0.433333 0.026562 0.025000
1 0.563281 0.435417 0.029687 0.029167
1 0.554688 0.463542 0.031250 0.027083
1 0.596875 0.438542 0.028125 0.035417
1 0.657813 0.440625 0.021875 0.031250
1 0.697656 0.413542 0.023438 0.027083
1 0.642969 0.411458 0.020313 0.022917
1 0.614844 0.406250 0.020313 0.020833
1 0.586719 0.402083 0.017188 0.025000
1 0.531250 0.402083 0.025000 0.025000
1 0.752344 0.421875 0.014063 0.035417
1 0.732812 0.410417 0.015625 0.029167
1 0.777344 0.421875 0.017188 0.022917
1 0.836719 0.427083 0.017188 0.025000
1 0.860156 0.427083 0.020313 0.033333
1 0.892188 0.431250 0.025000 0.025000
1 0.926562 0.434375 0.018750 0.022917
1 0.246094 0.213542 0.064062 0.039583
1 0.796875 0.285417 0.043750 0.037500
1 0.956250 0.312500 0.053125 0.025000
0 0.873437 0.297917 0.012500 0.029167
0 0.846094 0.288542 0.007812 0.027083
1 0.029687 0.223958 0.031250 0.022917
