0 0.395785 0.570312 0.215457 0.281250
0 0.786885 0.618750 0.168618 0.253125
0 0.928571 0.604688 0.142857 0.259375
0 0.750585 0.339062 0.063232 0.043750
0 0.653396 0.371094 0.088993 0.120313
0 0.543326 0.392969 0.060890 0.098437
0 0.451991 0.372656 0.088993 0.157812
0 0.382904 0.317969 0.039813 0.054688
0 0.279859 0.366406 0.114754 0.126562
0 0.211944 0.313281 0.049180 0.051562
0 0.144028 0.310937 0.035129 0.043750
0 0.104215 0.367969 0.096019 0.151562
0 0.324356 0.210156 0.035129 0.048438
0 0.371194 0.210156 0.035129 0.048438
0 0.233021 0.189844 0.049180 0.057813
0 0.142857 0.183594 0.060890 0.051562
0 0.081967 0.209375 0.051522 0.040625
0 0.084309 0.170313 0.046838 0.031250
0 0.026932 0.178125 0.035129 0.028125
0 0.026932 0.207813 0.030445 0.034375
0 0.037471 0.146875 0.037471 0.025000
0 0.025761 0.128906 0.037471 0.032813
0 0.032787 0.085938 0.032787 0.034375
0 0.074941 0.106250 0.037471 0.043750
0 0.113583 0.094531 0.035129 0.026562
0 0.134660 0.121094 0.039813 0.035937
0 0.202576 0.124219 0.030445 0.029687
0 0.173302 0.143750 0.023419 0.028125
0 0.247073 0.128906 0.025761 0.029687
0 0.235363 0.105469 0.035129 0.017188
0 0.268150 0.107813 0.039813 0.037500
0 0.208431 0.081250 0.028103 0.018750
0 0.180328 0.103125 0.042155 0.034375
0 0.170960 0.071094 0.023419 0.029687
0 0.192037 0.056250 0.028103 0.025000
0 0.118267 0.057813 0.030445 0.031250
0 0.121780 0.025000 0.046838 0.034375
0 0.067916 0.025781 0.046838 0.039062
0 0.032787 0.044531 0.037471 0.032813
0 0.016393 0.017188 0.028103 0.025000
0 0.343091 0.054688 0.039813 0.031250
0 0.311475 0.025000 0.042155 0.040625
0 0.371194 0.025000 0.039813 0.031250
0 0.440281 0.023438 0.042155 0.034375
0 0.474239 0.037500 0.035129 0.037500
0 0.415691 0.082812 0.049180 0.031250
0 0.405152 0.123438 0.042155 0.037500
0 0.466042 0.126562 0.032787 0.031250
0 0.494145 0.150000 0.046838 0.031250
0 0.518735 0.138281 0.049180 0.032813
0 0.498829 0.109375 0.028103 0.025000
0 0.549180 0.104688 0.044496 0.037500
0 0.557377 0.160156 0.032787 0.026562
0 0.608899 0.188281 0.056206 0.048438
0 0.591335 0.135156 0.044496 0.051562
0 0.644028 0.141406 0.065574 0.057813
0 0.713115 0.143750 0.053864 0.046875
0 0.728337 0.206250 0.074941 0.037500
0 0.764637 0.161719 0.044496 0.060937
0 0.708431 0.105469 0.039813 0.039062
0 0.694379 0.075000 0.044496 0.040625
0 0.653396 0.084375 0.037471 0.037500
0 0.628806 0.067187 0.030445 0.028125
0 0.533958 0.067969 0.028103 0.039062
0 0.514052 0.035937 0.072600 0.031250
0 0.579625 0.015625 0.039813 0.028125
0 0.628806 0.017188 0.039813 0.028125
0 0.733021 0.029687 0.051522 0.043750
0 0.812646 0.053906 0.042155 0.042188
0 0.805621 0.017188 0.032787 0.028125
0 0.851288 0.021094 0.044496 0.032813
0 0.888759 0.052344 0.035129 0.029687
0 0.939110 0.063281 0.042155 0.032813
0 0.942623 0.106250 0.067916 0.062500
0 0.830211 0.088281 0.039813 0.029687
0 0.873536 0.117969 0.056206 0.035937
0 0.822014 0.124219 0.046838 0.042188
0 0.817330 0.180469 0.032787 0.042188
0 0.877049 0.196094 0.044496 0.042188
0 0.906323 0.154688 0.042155 0.031250
0 0.951991 0.189844 0.063232 0.054688
